name a20_DAC apoptosis_DAC bclxl_DAC bid_DAC caspase_DAC ceramide_DAC creb_DAC ctla4_DAC cytoskeletonsignaling_DAC disc_DAC erk_DAC fas_DAC fasl_DAC fast_DAC flip_DAC fyn_DAC gap_DAC gpcr_DAC grb2_DAC gzmb_DAC iap_DAC ifng_DAC ifngt_DAC il2_DAC il2ra_DAC il2rat_DAC il2rb_DAC il2rbt_DAC jak_DAC lck_DAC mcl1_DAC mek_DAC nfat_DAC nfkb_DAC p2_DAC p27_DAC pdgfr_DAC pi3k_DAC plcg1_DAC proliferation_DAC rantes_DAC ras_DAC s1p_DAC sfas_DAC smad_DAC socs_DAC sphk1_DAC stat3_DAC tbet_DAC tcr_DAC tnf_DAC tpl2_DAC tradd_DAC zap70_DAC il15_DAC stimuli_DAC cd45_DAC stimuli2_DAC pdgf_DAC tax_DAC
apop 0.0 1.0 0.0 1.0 1.0 1.0 0.0  0.0 1.0 0.0 1.0 0.0 0.0 -1.0 0.0 0.0 -1.0 0.0 0.0 -1.0 0.0 0.0 0.0 0.0 0.0 0.0 0.0 0.0 0.0 -1.0 0.0 0.0 0.0 1.0 0.0 -1.0 0.0 0.0 0.0 0.0 0.0 -1.0 -1.0 -1.0 0.0 -1.0 0.0 0.0  0.0 0.0 0.0 0.0 0.0 0.0 0.0 0.0 0.0 0.0
attr_2 0.0 1.0 0.0 1.0 1.0 1.0 0.0  0.0 1.0 0.0 1.0 0.0 0.0 -1.0 0.0 0.0 -1.0 0.0 0.0 -1.0 0.0 0.0 0.0 0.0 0.0 0.0 0.0 0.0 0.0 -1.0 0.0 0.0 0.0 1.0 0.0 -1.0 0.0 0.0 0.0 0.0 0.0 -1.0 -1.0 -1.0 0.0 -1.0 0.0 0.0  0.0 0.0 0.0 0.0 0.0 -1.0 0.0 0.0 0.0 0.0
attr_4 0.0 1.0 0.0 1.0 1.0 1.0 1.0  0.0 1.0 0.0 1.0 0.0 0.0 -1.0 0.0 0.0 -1.0 0.0 0.0 -1.0 1.0 0.0 0.0 0.0 0.0 0.0 0.0 -1.0 0.0 -1.0 0.0 0.0 0.0 0.0 -1.0 -1.0 0.0 0.0 0.0 0.0 0.0 -1.0 -1.0 -1.0 0.0 -1.0 -1.0 0.0  0.0 0.0 0.0 0.0 0.0 -1.0 1.0 1.0 0.0 1.0
attr_5 0.0 1.0 0.0 1.0 1.0 1.0 1.0  0.0 1.0 0.0 1.0 0.0 0.0 -1.0 0.0 0.0 -1.0 0.0 0.0 -1.0 1.0 0.0 0.0 0.0 0.0 0.0 0.0 0.0 0.0 -1.0 0.0 0.0 0.0 0.0 0.0 -1.0 0.0 0.0 0.0 0.0 0.0 -1.0 -1.0 -1.0 0.0 -1.0 0.0 0.0  0.0 0.0 0.0 0.0 0.0 -1.0 0.0 1.0 0.0 0.0
attr_7 0.0 1.0 0.0 1.0 1.0 1.0 1.0  0.0 1.0 0.0 1.0 0.0 0.0 -1.0 0.0 0.0 -1.0 0.0 0.0 -1.0 1.0 0.0 0.0 0.0 0.0 0.0 0.0 0.0 0.0 -1.0 0.0 0.0 0.0 0.0 0.0 -1.0 0.0 0.0 0.0 0.0 0.0 -1.0 -1.0 -1.0 0.0 -1.0 0.0 0.0  0.0 0.0 0.0 0.0 0.0 -1.0 0.0 1.0 0.0 1.0
attr_11 0.0 1.0 0.0 1.0 1.0 1.0 0.0  0.0 1.0 0.0 1.0 0.0 0.0 -1.0 0.0 0.0 -1.0 0.0 0.0 -1.0 0.0 0.0 0.0 0.0 0.0 0.0 0.0 -1.0 0.0 -1.0 0.0 0.0 0.0 1.0 -1.0 -1.0 0.0 0.0 0.0 0.0 0.0 -1.0 -1.0 -1.0 0.0 -1.0 -1.0 0.0  0.0 0.0 0.0 0.0 0.0 -1.0 1.0 0.0 0.0 0.0
attr_16 0.0 1.0 0.0 1.0 1.0 1.0 0.0  0.0 1.0 0.0 1.0 0.0 0.0 -1.0 0.0 0.0 -1.0 0.0 0.0 -1.0 0.0 0.0 0.0 0.0 0.0 0.0 0.0 -1.0 0.0 -1.0 0.0 0.0 0.0 1.0 -1.0 -1.0 0.0 0.0 0.0 0.0 0.0 -1.0 -1.0 -1.0 0.0 -1.0 -1.0 0.0  0.0 0.0 0.0 0.0 0.0 -1.0 1.0 0.0 0.0 1.0
attr_18 0.0 1.0 0.0 1.0 1.0 1.0 0.0  0.0 1.0 0.0 1.0 0.0 0.0 -1.0 0.0 0.0 -1.0 0.0 0.0 -1.0 0.0 0.0 0.0 0.0 0.0 0.0 0.0 0.0 0.0 -1.0 0.0 0.0 0.0 1.0 0.0 -1.0 0.0 0.0 0.0 0.0 0.0 -1.0 -1.0 -1.0 0.0 -1.0 0.0 0.0  0.0 0.0 0.0 0.0 0.0 -1.0 0.0 0.0 0.0 1.0
attr_19 0.0 1.0 0.0 1.0 1.0 1.0 1.0  0.0 1.0 0.0 1.0 0.0 0.0 -1.0 0.0 0.0 -1.0 0.0 0.0 -1.0 1.0 0.0 0.0 0.0 0.0 0.0 0.0 -1.0 0.0 -1.0 0.0 0.0 0.0 0.0 -1.0 -1.0 0.0 0.0 0.0 0.0 0.0 -1.0 -1.0 -1.0 0.0 -1.0 -1.0 0.0  0.0 0.0 0.0 0.0 0.0 -1.0 1.0 1.0 0.0 0.0
attr_26 0.0 1.0 0.0 1.0 1.0 1.0 0.0  -1.0 1.0 -1.0 1.0 0.0 0.0 -1.0 -1.0 1.0 -1.0 0.0 0.0 -1.0 0.0 0.0 0.0 0.0 0.0 -1.0 -1.0 -1.0 0.0 -1.0 -1.0 0.0 0.0 0.0 -1.0 0.0 0.0 0.0 0.0 0.0 -1.0 -1.0 -1.0 -1.0 0.0 0.0 -1.0 0.0  0.0 0.0 0.0 1.0 -1.0 -1.0 1.0 1.0 1.0 0.0
attr_30 0.0 1.0 0.0 1.0 1.0 1.0 0.0  -1.0 1.0 -1.0 1.0 0.0 0.0 -1.0 -1.0 1.0 -1.0 0.0 0.0 -1.0 0.0 0.0 0.0 0.0 0.0 -1.0 -1.0 -1.0 0.0 -1.0 -1.0 0.0 0.0 0.0 -1.0 0.0 0.0 0.0 0.0 0.0 -1.0 -1.0 -1.0 -1.0 0.0 0.0 -1.0 0.0  0.0 0.0 0.0 1.0 -1.0 -1.0 1.0 1.0 1.0 1.0
attr_31 0.0 1.0 0.0 1.0 1.0 1.0 1.0  0.0 1.0 0.0 1.0 0.0 0.0 -1.0 0.0 0.0 -1.0 0.0 0.0 -1.0 1.0 0.0 0.0 0.0 0.0 0.0 0.0 0.0 0.0 -1.0 0.0 0.0 0.0 0.0 0.0 0.0 0.0 0.0 0.0 0.0 0.0 -1.0 -1.0 -1.0 0.0 0.0 0.0 0.0  0.0 0.0 0.0 0.0 0.0 -1.0 0.0 1.0 1.0 0.0
attr_32 0.0 1.0 0.0 1.0 1.0 1.0 0.0  0.0 1.0 0.0 1.0 0.0 0.0 -1.0 0.0 0.0 -1.0 0.0 0.0 -1.0 0.0 0.0 0.0 0.0 0.0 0.0 0.0 0.0 0.0 -1.0 0.0 0.0 0.0 1.0 0.0 0.0 0.0 0.0 0.0 0.0 0.0 -1.0 -1.0 -1.0 0.0 0.0 0.0 0.0  0.0 0.0 0.0 0.0 0.0 -1.0 0.0 0.0 1.0 0.0
attr_38 0.0 1.0 0.0 1.0 1.0 1.0 1.0  0.0 1.0 0.0 1.0 0.0 0.0 -1.0 0.0 0.0 -1.0 0.0 0.0 -1.0 1.0 0.0 0.0 0.0 0.0 0.0 0.0 0.0 0.0 -1.0 0.0 0.0 0.0 0.0 0.0 0.0 0.0 0.0 0.0 0.0 0.0 -1.0 -1.0 -1.0 0.0 0.0 0.0 0.0  0.0 0.0 0.0 0.0 0.0 -1.0 0.0 1.0 1.0 1.0
attr_45 0.0 1.0 0.0 1.0 1.0 1.0 0.0  -1.0 1.0 -1.0 1.0 0.0 0.0 -1.0 -1.0 1.0 -1.0 0.0 0.0 -1.0 0.0 0.0 0.0 0.0 0.0 -1.0 -1.0 -1.0 0.0 -1.0 -1.0 0.0 0.0 1.0 -1.0 0.0 0.0 0.0 0.0 0.0 -1.0 -1.0 -1.0 -1.0 0.0 0.0 -1.0 0.0  0.0 0.0 0.0 1.0 -1.0 -1.0 1.0 0.0 1.0 1.0
attr_46 0.0 1.0 0.0 1.0 1.0 1.0 0.0  0.0 1.0 0.0 1.0 0.0 0.0 -1.0 0.0 0.0 -1.0 0.0 0.0 -1.0 0.0 0.0 0.0 0.0 0.0 0.0 0.0 -1.0 0.0 -1.0 0.0 0.0 0.0 1.0 -1.0 0.0 0.0 0.0 0.0 0.0 0.0 -1.0 -1.0 -1.0 0.0 0.0 -1.0 0.0  0.0 0.0 0.0 0.0 0.0 -1.0 1.0 0.0 1.0 1.0
attr_47 0.0 1.0 0.0 1.0 1.0 1.0 0.0  -1.0 1.0 -1.0 1.0 0.0 0.0 -1.0 -1.0 1.0 -1.0 0.0 0.0 -1.0 0.0 0.0 0.0 0.0 0.0 -1.0 -1.0 -1.0 0.0 -1.0 -1.0 0.0 0.0 1.0 -1.0 0.0 0.0 0.0 0.0 0.0 -1.0 -1.0 -1.0 -1.0 0.0 0.0 -1.0 0.0  0.0 0.0 0.0 1.0 -1.0 -1.0 1.0 0.0 1.0 0.0
attr_48 0.0 1.0 0.0 1.0 1.0 1.0 1.0  0.0 1.0 0.0 1.0 0.0 0.0 -1.0 0.0 0.0 -1.0 0.0 0.0 -1.0 1.0 0.0 0.0 0.0 0.0 0.0 0.0 -1.0 0.0 -1.0 0.0 0.0 0.0 0.0 -1.0 0.0 0.0 0.0 0.0 0.0 0.0 -1.0 -1.0 -1.0 0.0 0.0 -1.0 0.0  0.0 0.0 0.0 0.0 0.0 -1.0 1.0 1.0 1.0 1.0
attr_51 0.0 1.0 0.0 1.0 1.0 1.0 0.0  0.0 1.0 0.0 1.0 0.0 0.0 -1.0 0.0 0.0 -1.0 0.0 0.0 -1.0 0.0 0.0 0.0 0.0 0.0 0.0 0.0 0.0 0.0 -1.0 0.0 0.0 0.0 1.0 0.0 0.0 0.0 0.0 0.0 0.0 0.0 -1.0 -1.0 -1.0 0.0 0.0 0.0 0.0  0.0 0.0 0.0 0.0 0.0 -1.0 0.0 0.0 1.0 1.0
attr_52 0.0 1.0 0.0 1.0 1.0 1.0 0.0  -1.0 1.0 -1.0 1.0 0.0 0.0 -1.0 -1.0 0.0 -1.0 -1.0 0.0 -1.0 1.0 0.0 0.0 0.0 0.0 -1.0 -1.0 0.0 -1.0 -1.0 -1.0 -1.0 0.0 0.0 0.0 -1.0 -1.0 -1.0 0.0 0.0 -1.0 -1.0 -1.0 -1.0 0.0 -1.0 0.0 0.0  0.0 0.0 0.0 0.0 0.0 -1.0 0.0 1.0 0.0 1.0
attr_53 0.0 1.0 0.0 1.0 1.0 1.0 1.0  0.0 1.0 0.0 1.0 0.0 0.0 -1.0 0.0 0.0 -1.0 0.0 0.0 -1.0 1.0 0.0 0.0 0.0 0.0 0.0 0.0 -1.0 0.0 -1.0 0.0 0.0 0.0 0.0 -1.0 0.0 0.0 0.0 0.0 0.0 0.0 -1.0 -1.0 -1.0 0.0 0.0 -1.0 0.0  0.0 0.0 0.0 0.0 0.0 -1.0 1.0 1.0 1.0 0.0
attr_54 0.0 1.0 0.0 1.0 1.0 1.0 0.0  -1.0 1.0 -1.0 1.0 0.0 0.0 -1.0 -1.0 0.0 -1.0 -1.0 0.0 -1.0 0.0 0.0 0.0 0.0 0.0 -1.0 -1.0 0.0 -1.0 -1.0 -1.0 -1.0 0.0 1.0 0.0 -1.0 -1.0 -1.0 0.0 0.0 -1.0 -1.0 -1.0 -1.0 0.0 -1.0 0.0 0.0  0.0 0.0 0.0 0.0 0.0 -1.0 0.0 0.0 0.0 1.0
attr_59 0.0 1.0 0.0 1.0 1.0 1.0 0.0  0.0 1.0 0.0 1.0 0.0 0.0 -1.0 0.0 0.0 -1.0 0.0 0.0 -1.0 0.0 0.0 0.0 0.0 0.0 0.0 0.0 -1.0 0.0 -1.0 0.0 0.0 0.0 1.0 -1.0 0.0 0.0 0.0 0.0 0.0 0.0 -1.0 -1.0 -1.0 0.0 0.0 -1.0 0.0  0.0 0.0 0.0 0.0 0.0 -1.0 1.0 0.0 1.0 0.0
attr_60 0.0 1.0 0.0 1.0 1.0 1.0 0.0  -1.0 1.0 -1.0 1.0 0.0 0.0 -1.0 -1.0 1.0 -1.0 0.0 0.0 -1.0 0.0 0.0 0.0 0.0 0.0 -1.0 -1.0 -1.0 0.0 -1.0 -1.0 0.0 0.0 0.0 -1.0 0.0 0.0 0.0 0.0 0.0 -1.0 -1.0 -1.0 -1.0 0.0 0.0 -1.0 0.0  0.0 0.0 0.0 1.0 -1.0 -1.0 1.0 0.0 1.0 1.0
attr_64 0.0 1.0 0.0 1.0 1.0 1.0 0.0  -1.0 1.0 -1.0 1.0 0.0 0.0 -1.0 -1.0 1.0 -1.0 0.0 0.0 -1.0 0.0 0.0 0.0 0.0 0.0 -1.0 -1.0 -1.0 0.0 -1.0 -1.0 0.0 0.0 0.0 -1.0 0.0 0.0 0.0 0.0 0.0 -1.0 -1.0 -1.0 -1.0 0.0 0.0 -1.0 0.0  0.0 0.0 0.0 1.0 -1.0 -1.0 1.0 0.0 1.0 0.0
attr_71 0.0 1.0 0.0 1.0 1.0 1.0 0.0  -1.0 1.0 0.0 1.0 0.0 0.0 -1.0 -1.0 0.0 -1.0 0.0 -1.0 -1.0 0.0 0.0 1.0  1.0 -1.0 -1.0 -1.0 0.0 -1.0 0.0 0.0 0.0 1.0 -1.0 -1.0 0.0 0.0 0.0 0.0 0.0 -1.0 -1.0 -1.0 0.0 -1.0 -1.0 -1.0  0.0 0.0 0.0 1.0 -1.0 -1.0 1.0 0.0 0.0 0.0
attr_76 0.0 1.0 0.0 1.0 1.0 1.0 1.0  -1.0 1.0 0.0 1.0 0.0 0.0 -1.0 -1.0 0.0 -1.0 0.0 0.0 -1.0 1.0 0.0 1.0  1.0 -1.0 -1.0 -1.0 0.0 -1.0 0.0 0.0 0.0 0.0 -1.0 -1.0 0.0 0.0 0.0 0.0 0.0 -1.0 -1.0 -1.0 0.0 -1.0 -1.0 -1.0  0.0 0.0 0.0 1.0 0.0 -1.0 1.0 1.0 0.0 0.0
attr_78 0.0 1.0 0.0 1.0 1.0 1.0 1.0  -1.0 1.0 0.0 1.0 0.0 0.0 -1.0 -1.0 0.0 -1.0 0.0 0.0 -1.0 1.0 0.0 1.0  1.0 -1.0 -1.0 -1.0 0.0 -1.0 0.0 0.0 0.0 0.0 -1.0 -1.0 0.0 0.0 0.0 0.0 0.0 -1.0 -1.0 -1.0 0.0 -1.0 -1.0 -1.0  0.0 0.0 0.0 1.0 -1.0 -1.0 1.0 1.0 0.0 0.0
attr_80 0.0 1.0 0.0 1.0 1.0 1.0 1.0  -1.0 1.0 0.0 1.0 0.0 0.0 -1.0 -1.0 0.0 -1.0 0.0 0.0 -1.0 1.0 0.0 1.0  1.0 -1.0 -1.0 -1.0 0.0 -1.0 0.0 0.0 0.0 0.0 -1.0 -1.0 0.0 0.0 0.0 0.0 0.0 -1.0 -1.0 -1.0 0.0 -1.0 -1.0 -1.0  0.0 0.0 0.0 1.0 -1.0 -1.0 1.0 1.0 0.0 1.0
attr_83 0.0 1.0 0.0 1.0 1.0 1.0 0.0  -1.0 1.0 0.0 1.0 0.0 0.0 -1.0 -1.0 0.0 -1.0 0.0 -1.0 -1.0 0.0 0.0 1.0  1.0 -1.0 -1.0 -1.0 0.0 -1.0 0.0 0.0 0.0 1.0 -1.0 0.0 0.0 0.0 0.0 0.0 0.0 -1.0 -1.0 -1.0 0.0 0.0 -1.0 -1.0  0.0 0.0 0.0 1.0 -1.0 -1.0 1.0 0.0 1.0 0.0
attr_89 0.0 1.0 0.0 1.0 1.0 1.0 1.0  -1.0 1.0 0.0 1.0 0.0 0.0 -1.0 -1.0 0.0 -1.0 0.0 0.0 -1.0 1.0 0.0 1.0  1.0 -1.0 -1.0 -1.0 0.0 -1.0 0.0 0.0 0.0 0.0 -1.0 -1.0 0.0 0.0 0.0 0.0 0.0 -1.0 -1.0 -1.0 0.0 -1.0 -1.0 -1.0  0.0 0.0 0.0 1.0 0.0 -1.0 1.0 1.0 0.0 1.0
attr_92 0.0 1.0 0.0 1.0 1.0 1.0 0.0  -1.0 1.0 0.0 1.0 0.0 0.0 -1.0 -1.0 0.0 -1.0 0.0 -1.0 -1.0 0.0 0.0 1.0  1.0 -1.0 -1.0 -1.0 0.0 -1.0 0.0 0.0 0.0 1.0 -1.0 -1.0 0.0 0.0 0.0 0.0 0.0 -1.0 -1.0 -1.0 0.0 -1.0 -1.0 -1.0  0.0 0.0 0.0 1.0 -1.0 -1.0 1.0 0.0 0.0 1.0
attr_95 0.0 1.0 0.0 1.0 1.0 1.0 0.0  -1.0 1.0 0.0 1.0 0.0 0.0 -1.0 -1.0 0.0 -1.0 0.0 -1.0 -1.0 0.0 0.0 1.0  1.0 -1.0 -1.0 -1.0 0.0 -1.0 0.0 0.0 0.0 1.0 -1.0 -1.0 0.0 0.0 0.0 0.0 0.0 -1.0 -1.0 -1.0 0.0 -1.0 -1.0 -1.0  0.0 0.0 0.0 1.0 0.0 -1.0 1.0 0.0 0.0 1.0
attr_97 0.0 1.0 0.0 1.0 1.0 1.0 1.0  -1.0 1.0 0.0 1.0 0.0 0.0 -1.0 -1.0 0.0 -1.0 0.0 0.0 -1.0 1.0 0.0 1.0  1.0 -1.0 -1.0 -1.0 0.0 -1.0 0.0 0.0 0.0 0.0 -1.0 0.0 0.0 0.0 0.0 0.0 0.0 -1.0 -1.0 -1.0 0.0 0.0 -1.0 -1.0  0.0 0.0 0.0 1.0 0.0 -1.0 1.0 1.0 1.0 1.0
attr_103 0.0 1.0 0.0 1.0 1.0 1.0 1.0  -1.0 1.0 0.0 1.0 0.0 0.0 -1.0 -1.0 0.0 -1.0 0.0 0.0 -1.0 1.0 0.0 1.0  1.0 -1.0 -1.0 -1.0 0.0 -1.0 0.0 0.0 0.0 0.0 -1.0 0.0 0.0 0.0 0.0 0.0 0.0 -1.0 -1.0 -1.0 0.0 0.0 -1.0 -1.0  0.0 0.0 0.0 1.0 -1.0 -1.0 1.0 1.0 1.0 0.0
attr_108 0.0 1.0 0.0 1.0 1.0 1.0 0.0  -1.0 1.0 0.0 1.0 0.0 0.0 -1.0 -1.0 0.0 -1.0 0.0 -1.0 -1.0 0.0 0.0 1.0  1.0 -1.0 -1.0 -1.0 0.0 -1.0 0.0 0.0 0.0 1.0 -1.0 -1.0 0.0 0.0 0.0 0.0 0.0 -1.0 -1.0 -1.0 0.0 -1.0 -1.0 -1.0  0.0 0.0 0.0 1.0 0.0 -1.0 1.0 0.0 0.0 0.0
attr_110 0.0 1.0 0.0 1.0 1.0 1.0 0.0  -1.0 1.0 0.0 1.0 0.0 0.0 -1.0 -1.0 0.0 -1.0 0.0 -1.0 -1.0 0.0 0.0 1.0  1.0 -1.0 -1.0 -1.0 0.0 -1.0 0.0 0.0 0.0 1.0 -1.0 0.0 0.0 0.0 0.0 0.0 0.0 -1.0 -1.0 -1.0 0.0 0.0 -1.0 -1.0  0.0 0.0 0.0 1.0 0.0 -1.0 1.0 0.0 1.0 0.0
attr_116 0.0 1.0 0.0 1.0 1.0 1.0 0.0  -1.0 1.0 0.0 1.0 0.0 0.0 -1.0 -1.0 0.0 -1.0 0.0 -1.0 -1.0 0.0 0.0 1.0  1.0 -1.0 -1.0 -1.0 0.0 -1.0 0.0 0.0 0.0 1.0 -1.0 0.0 0.0 0.0 0.0 0.0 0.0 -1.0 -1.0 -1.0 0.0 0.0 -1.0 -1.0  0.0 0.0 0.0 1.0 -1.0 -1.0 1.0 0.0 1.0 1.0
attr_126 0.0 1.0 0.0 1.0 1.0 1.0 1.0  -1.0 1.0 0.0 1.0 0.0 0.0 -1.0 -1.0 0.0 -1.0 0.0 0.0 -1.0 1.0 0.0 1.0  1.0 -1.0 -1.0 -1.0 0.0 -1.0 0.0 0.0 0.0 0.0 -1.0 0.0 0.0 0.0 0.0 0.0 0.0 -1.0 -1.0 -1.0 0.0 0.0 -1.0 -1.0  0.0 0.0 0.0 1.0 -1.0 -1.0 1.0 1.0 1.0 1.0
attr_142 0.0 1.0 0.0 1.0 1.0 1.0 0.0  -1.0 1.0 0.0 1.0 0.0 0.0 -1.0 -1.0 0.0 -1.0 0.0 -1.0 -1.0 0.0 0.0 1.0  1.0 -1.0 -1.0 -1.0 0.0 -1.0 0.0 0.0 0.0 1.0 -1.0 0.0 0.0 0.0 0.0 0.0 0.0 -1.0 -1.0 -1.0 0.0 0.0 -1.0 -1.0  0.0 0.0 0.0 1.0 0.0 -1.0 1.0 0.0 1.0 1.0
attr_145 0.0 1.0 0.0 1.0 1.0 1.0 1.0  -1.0 1.0 0.0 1.0 0.0 0.0 -1.0 -1.0 0.0 -1.0 0.0 0.0 -1.0 1.0 0.0 1.0  1.0 -1.0 -1.0 -1.0 0.0 -1.0 0.0 0.0 0.0 0.0 -1.0 0.0 0.0 0.0 0.0 0.0 0.0 -1.0 -1.0 -1.0 0.0 0.0 -1.0 -1.0  0.0 0.0 0.0 1.0 0.0 -1.0 1.0 1.0 1.0 0.0
attr_150 0.0 1.0 0.0 1.0 1.0 1.0 0.0   1.0 -1.0 1.0 0.0 0.0 -1.0  0.0 -1.0 -1.0 0.0 -1.0 1.0 0.0 0.0 0.0 0.0 -1.0 -1.0   -1.0 -1.0 -1.0 0.0 0.0  -1.0 -1.0 -1.0  0.0 -1.0 -1.0 -1.0 -1.0  -1.0  0.0  0.0 0.0 0.0 0.0 -1.0 0.0 0.0 1.0 0.0 1.0
attr_158 0.0 1.0 0.0 1.0 1.0 1.0    1.0  1.0 0.0 0.0 -1.0  0.0 -1.0   -1.0   1.0  1.0 -1.0 -1.0 -1.0 0.0 -1.0   0.0 0.0 -1.0 -1.0   0.0 0.0  -1.0 -1.0 -1.0 0.0 -1.0 -1.0 -1.0  0.0 0.0 0.0  -1.0 0.0 1.0 1.0 0.0 1.0
attr_161 0.0 1.0 0.0 1.0 1.0 1.0 0.0  -1.0 1.0  1.0 0.0 0.0 -1.0 -1.0  -1.0 0.0 0.0 -1.0 0.0 0.0 0.0 0.0 0.0 -1.0  -1.0 0.0 -1.0   0.0 1.0 -1.0 -1.0  0.0 0.0 0.0  -1.0 -1.0 -1.0 0.0 -1.0 -1.0 0.0  0.0 0.0 0.0 1.0 -1.0 -1.0 1.0 0.0 0.0 1.0
attr_166 0.0 1.0 0.0 1.0 1.0 1.0 0.0  0.0 1.0 0.0 1.0 0.0 0.0 -1.0 0.0 0.0 -1.0 0.0 0.0 -1.0 0.0 0.0 0.0 0.0 0.0 0.0 0.0 -1.0 0.0 -1.0 0.0 0.0 0.0 1.0 -1.0 -1.0 0.0 0.0 0.0 0.0 0.0 -1.0 -1.0 -1.0 0.0 -1.0 -1.0 0.0  0.0 0.0 0.0 0.0 0.0 0.0 1.0 0.0 0.0 1.0
attr_167 0.0 1.0 0.0 1.0 1.0 1.0 0.0   1.0 -1.0 1.0 0.0 0.0 -1.0  0.0 -1.0 -1.0 0.0 -1.0 0.0 0.0 0.0 0.0 0.0 -1.0 -1.0   -1.0 -1.0 -1.0 0.0 1.0  -1.0 -1.0 -1.0  0.0 -1.0 -1.0 -1.0 -1.0  -1.0  0.0  0.0 0.0 0.0 0.0 -1.0 0.0 0.0 0.0 0.0 1.0
attr_172 0.0 1.0 0.0 1.0 1.0 1.0 0.0   1.0  1.0 0.0 0.0 -1.0  0.0 -1.0  -1.0 -1.0 0.0  1.0  1.0 -1.0 -1.0 -1.0 0.0 -1.0   0.0 1.0 -1.0 -1.0   0.0 0.0  -1.0 -1.0 -1.0 0.0 -1.0 -1.0 -1.0  0.0 0.0 0.0  0.0 0.0 1.0 0.0 0.0 1.0
attr_174 0.0 1.0 0.0 1.0 1.0 1.0    1.0  1.0 0.0 0.0 -1.0   -1.0  0.0 -1.0 1.0 0.0 0.0 0.0 0.0 -1.0  -1.0 0.0 -1.0   0.0 0.0 -1.0 -1.0   0.0 0.0  -1.0 -1.0 -1.0 0.0 -1.0 -1.0 0.0  0.0 0.0 0.0  -1.0 0.0 1.0 1.0 0.0 1.0
attr_176 0.0 1.0 0.0 1.0 1.0 1.0 0.0  0.0 1.0 0.0 1.0 0.0 0.0 -1.0 0.0 0.0 -1.0 0.0 0.0 -1.0 0.0 0.0 0.0 0.0 0.0 0.0 0.0 -1.0 0.0 -1.0 0.0 0.0 0.0 1.0 -1.0 -1.0 0.0 0.0 0.0 0.0 0.0 -1.0 -1.0 -1.0 0.0 -1.0 -1.0 0.0  0.0 0.0 0.0 0.0 0.0 0.0 1.0 0.0 0.0 0.0
attr_180 0.0 1.0 0.0 1.0 1.0 1.0 1.0  0.0 1.0 0.0 1.0 0.0 0.0 -1.0 0.0 0.0 -1.0 0.0 0.0 -1.0 1.0 0.0 0.0 0.0 0.0 0.0 0.0 0.0 0.0 -1.0 0.0 0.0 0.0 0.0 0.0 -1.0 0.0 0.0 0.0 0.0 0.0 -1.0 -1.0 -1.0 0.0 -1.0 0.0 0.0  0.0 0.0 0.0 0.0 0.0 0.0 0.0 1.0 0.0 1.0
attr_181 0.0 1.0 0.0 1.0 1.0 1.0 1.0  0.0 1.0 0.0 1.0 0.0 0.0 -1.0 0.0 0.0 -1.0 0.0 0.0 -1.0 1.0 0.0 0.0 0.0 0.0 0.0 0.0 -1.0 0.0 -1.0 0.0 0.0 0.0 0.0 -1.0 -1.0 0.0 0.0 0.0 0.0 0.0 -1.0 -1.0 -1.0 0.0 -1.0 -1.0 0.0  0.0 0.0 0.0 0.0 0.0 0.0 1.0 1.0 0.0 1.0
attr_182 0.0 1.0 0.0 1.0 1.0 1.0 0.0   1.0  1.0 0.0 0.0 -1.0  0.0 -1.0  -1.0 -1.0 0.0  1.0  1.0 -1.0 -1.0 -1.0 0.0 -1.0   0.0 1.0 -1.0 -1.0   0.0 0.0  -1.0 -1.0 -1.0 0.0 -1.0 -1.0 -1.0  0.0 0.0 0.0  0.0 0.0 1.0 0.0 0.0 1.0
attr_184 0.0 1.0 0.0 1.0 1.0 1.0 0.0  -1.0 1.0 -1.0 1.0 0.0 0.0 -1.0 -1.0 0.0 -1.0 -1.0 0.0 -1.0 0.0 0.0 0.0 0.0 0.0 -1.0 -1.0  -1.0 -1.0 -1.0 -1.0 0.0 1.0  -1.0 -1.0 -1.0  0.0 -1.0 -1.0 -1.0 -1.0  -1.0  0.0  0.0 0.0 0.0 0.0 -1.0 -1.0 0.0 0.0 0.0 1.0
attr_195 0.0 1.0 0.0 1.0 1.0 1.0 0.0  0.0 1.0 0.0 1.0 0.0 0.0 -1.0 0.0 0.0 -1.0 0.0 0.0 -1.0 0.0 0.0 0.0 0.0 0.0 0.0 0.0 0.0 0.0 -1.0 0.0 0.0 0.0 1.0 0.0 -1.0 0.0 0.0 0.0 0.0 0.0 -1.0 -1.0 -1.0 0.0 -1.0 0.0 0.0  0.0 0.0 0.0 0.0 0.0 0.0 0.0 0.0 0.0 0.0
attr_196 0.0 1.0 0.0 1.0 1.0 1.0 0.0   1.0 -1.0 1.0 0.0 0.0 -1.0  0.0 -1.0 -1.0 0.0 -1.0 0.0 0.0 0.0 0.0 0.0 -1.0 -1.0   -1.0 -1.0 -1.0 0.0 1.0  -1.0 -1.0 -1.0  0.0 -1.0 -1.0 -1.0 -1.0  -1.0  0.0  0.0 0.0 0.0 0.0 -1.0 0.0 0.0 0.0 0.0 1.0
attr_197 0.0 1.0 0.0 1.0 1.0 1.0 1.0  0.0 1.0 0.0 1.0 0.0 0.0 -1.0 0.0 0.0 -1.0 0.0 0.0 -1.0 1.0 0.0 0.0 0.0 0.0 0.0 0.0 0.0 0.0 -1.0 0.0 0.0 0.0 0.0 0.0 -1.0 0.0 0.0 0.0 0.0 0.0 -1.0 -1.0 -1.0 0.0 -1.0 0.0 0.0  0.0 0.0 0.0 0.0 0.0 0.0 0.0 1.0 0.0 0.0
attr_202 0.0 1.0 0.0 1.0 1.0 1.0 0.0  0.0 1.0 0.0 1.0 0.0 0.0 -1.0 0.0 0.0 -1.0 0.0 0.0 -1.0 0.0 0.0 0.0 0.0 0.0 0.0 0.0 0.0 0.0 -1.0 0.0 0.0 0.0 1.0 0.0 -1.0 0.0 0.0 0.0 0.0 0.0 -1.0 -1.0 -1.0 0.0 -1.0 0.0 0.0  0.0 0.0 0.0 0.0 0.0 0.0 0.0 0.0 0.0 1.0
attr_204 0.0 1.0 0.0 1.0 1.0 1.0 0.0  -1.0 1.0  1.0 0.0 0.0 -1.0 -1.0  -1.0 0.0 0.0 -1.0 0.0 0.0 0.0 0.0 0.0 -1.0  -1.0 0.0 -1.0   0.0 0.0 -1.0 -1.0  0.0 0.0 0.0  -1.0 -1.0 -1.0 0.0 -1.0 -1.0 0.0  0.0 0.0 0.0 1.0 -1.0 -1.0 1.0 0.0 0.0 1.0
attr_207 0.0 1.0 0.0 1.0 1.0 1.0 0.0   1.0  1.0 0.0 0.0 -1.0   -1.0  0.0 -1.0 0.0 0.0 0.0 0.0 0.0 -1.0  -1.0 0.0 -1.0   0.0 1.0 -1.0 -1.0   0.0 0.0  -1.0 -1.0 -1.0 0.0 -1.0 -1.0 0.0  0.0 0.0 0.0  -1.0 0.0 1.0 0.0 0.0 1.0
attr_209 0.0 1.0 0.0 1.0 1.0 1.0 0.0  -1.0 1.0 -1.0 1.0 0.0 0.0 -1.0 -1.0 0.0 -1.0 -1.0 0.0 -1.0 0.0 0.0 0.0 0.0 0.0 -1.0 -1.0  -1.0 -1.0 -1.0 -1.0 0.0 0.0  -1.0 -1.0 -1.0  0.0 -1.0 -1.0 -1.0 -1.0  -1.0  0.0  0.0 0.0 0.0 0.0 -1.0 -1.0 0.0 1.0 0.0 1.0
attr_214 0.0 1.0 0.0 1.0 1.0 1.0    1.0  1.0 0.0 0.0 -1.0  0.0 -1.0   -1.0   1.0  1.0 -1.0 -1.0 -1.0 0.0 -1.0   0.0 0.0 -1.0 -1.0   0.0 0.0  -1.0 -1.0 -1.0 0.0 -1.0 -1.0 -1.0  0.0 0.0 0.0  0.0 0.0 1.0 1.0 0.0 1.0
attr_218 0.0 1.0 0.0 1.0 1.0 1.0 0.0   1.0  1.0 0.0 0.0 -1.0  0.0 -1.0  -1.0 -1.0 0.0  1.0  1.0 -1.0 -1.0 -1.0 0.0 -1.0   0.0 1.0 -1.0 -1.0   0.0 0.0  -1.0 -1.0 -1.0 0.0 -1.0 -1.0 -1.0  0.0  0.0  0.0 0.0 1.0 0.0 0.0 0.0
attr_219 0.0 1.0 0.0 1.0 1.0 1.0 0.0   1.0 -1.0 1.0 0.0 0.0 -1.0  0.0 -1.0 -1.0 0.0 -1.0 0.0 0.0 0.0 0.0 0.0 -1.0 -1.0   -1.0 -1.0 -1.0 0.0 1.0  -1.0 -1.0 -1.0  0.0 -1.0 -1.0 -1.0 -1.0  -1.0  0.0  0.0 0.0 0.0 0.0 -1.0 0.0 0.0 0.0 0.0 1.0
attr_224 0.0 1.0 0.0 1.0 1.0 1.0    1.0  1.0 0.0 0.0 -1.0  0.0 -1.0   -1.0   1.0  1.0 -1.0 -1.0 -1.0 0.0 -1.0   0.0 0.0 -1.0 -1.0   0.0 0.0  -1.0 -1.0 -1.0 0.0 -1.0 -1.0 -1.0  0.0  0.0  0.0 0.0 1.0 1.0 0.0 0.0
attr_228 0.0 1.0 0.0 1.0 1.0 1.0 0.0  -1.0 1.0  1.0 0.0 0.0 -1.0 -1.0  -1.0 0.0 0.0 -1.0 0.0 0.0 0.0 0.0 0.0 -1.0  -1.0 0.0 -1.0   0.0 0.0 -1.0 -1.0  0.0 0.0 0.0  -1.0 -1.0 -1.0 0.0 -1.0 -1.0 0.0  0.0 0.0 0.0 1.0 -1.0 -1.0 1.0 1.0 0.0 1.0
attr_231 0.0 1.0 0.0 1.0 1.0 1.0 0.0   1.0 -1.0 1.0 0.0 0.0 -1.0  0.0 -1.0 -1.0 0.0 -1.0 0.0 0.0 0.0 0.0 0.0 -1.0 -1.0   -1.0 -1.0 -1.0 0.0 1.0  -1.0 -1.0 -1.0  0.0 -1.0 -1.0 -1.0 -1.0  -1.0  0.0  0.0 0.0 0.0 0.0 -1.0 0.0 0.0 0.0 0.0 1.0
attr_232 0.0 1.0 0.0 1.0 1.0 1.0 1.0  0.0 1.0 0.0 1.0 0.0 0.0 -1.0 0.0 0.0 -1.0 0.0 0.0 -1.0 1.0 0.0 0.0 0.0 0.0 0.0 0.0 -1.0 0.0 -1.0 0.0 0.0 0.0 0.0 -1.0 -1.0 0.0 0.0 0.0 0.0 0.0 -1.0 -1.0 -1.0 0.0 -1.0 -1.0 0.0  0.0 0.0 0.0 0.0 0.0 0.0 1.0 1.0 0.0 0.0
attr_241 0.0 1.0 0.0 1.0 1.0 1.0 0.0   1.0 -1.0 1.0 0.0 0.0 -1.0  0.0 -1.0 -1.0 0.0 -1.0 1.0 0.0 0.0 0.0 0.0 -1.0 -1.0   -1.0 -1.0 -1.0 0.0 0.0  -1.0 -1.0 -1.0  0.0 -1.0 -1.0 -1.0 -1.0  -1.0  0.0  0.0 0.0 0.0 0.0 -1.0 0.0 0.0 1.0 0.0 1.0
attr_245 0.0 1.0 0.0 1.0 1.0 1.0 0.0   1.0 -1.0 1.0 0.0 0.0 -1.0  0.0 -1.0 -1.0 0.0 -1.0 1.0 0.0 0.0 0.0 0.0 -1.0 -1.0   -1.0 -1.0 -1.0 0.0 0.0  -1.0 -1.0 -1.0  0.0 -1.0 -1.0 -1.0 -1.0  -1.0  0.0  0.0 0.0 0.0 0.0 -1.0 0.0 0.0 1.0 0.0 1.0
attr_247 0.0 1.0 0.0 1.0 1.0 1.0 0.0  -1.0 1.0 -1.0 1.0 0.0 0.0 -1.0 -1.0 0.0 -1.0 -1.0 0.0 -1.0 0.0 0.0 0.0 0.0 0.0 -1.0 -1.0  -1.0 -1.0 -1.0 -1.0 0.0 0.0  -1.0 -1.0 -1.0  0.0 -1.0 -1.0 -1.0 -1.0  -1.0  0.0  0.0 0.0 0.0 0.0 -1.0 -1.0 0.0 0.0 0.0 1.0
attr_248 0.0 1.0 0.0 1.0 1.0 1.0 0.0   1.0  1.0 0.0 0.0 -1.0   -1.0  0.0 -1.0 0.0 0.0 0.0 0.0 0.0 -1.0  -1.0 0.0 -1.0   0.0 1.0 -1.0 -1.0   0.0 0.0  -1.0 -1.0 -1.0 0.0 -1.0 -1.0 0.0  0.0 0.0 0.0  -1.0 0.0 1.0 0.0 0.0 1.0
attr_253 0.0 1.0 0.0 1.0 1.0 1.0    1.0  1.0 0.0 0.0 -1.0   -1.0  0.0 -1.0 1.0 0.0 0.0 0.0 0.0 -1.0  -1.0 0.0 -1.0   0.0 0.0 -1.0 -1.0   0.0 0.0  -1.0 -1.0 -1.0 0.0 -1.0 -1.0 0.0  0.0 0.0 0.0  -1.0 0.0 1.0 1.0 0.0 1.0
attr_254 0.0 1.0 0.0 1.0 1.0 1.0    1.0  1.0 0.0 0.0 -1.0  0.0 -1.0   -1.0   1.0  1.0 -1.0 -1.0 -1.0 0.0 -1.0   0.0 0.0 -1.0 -1.0   0.0 0.0  -1.0 -1.0 -1.0 0.0 -1.0 -1.0 -1.0  0.0 0.0 0.0  0.0 0.0 1.0 1.0 0.0 1.0
attr_259 0.0 1.0 0.0 1.0 1.0 1.0 0.0   1.0 -1.0 1.0 0.0 0.0 -1.0  0.0 -1.0 -1.0 0.0 -1.0 1.0 0.0 0.0 0.0 0.0 -1.0 -1.0   -1.0 -1.0 -1.0 0.0 0.0  -1.0 -1.0 -1.0  0.0 -1.0 -1.0 -1.0 -1.0  -1.0  0.0  0.0 0.0 0.0 0.0 -1.0 0.0 0.0 1.0 0.0 1.0
attr_262 0.0 1.0 0.0 1.0 1.0 1.0 0.0   1.0  1.0 0.0 0.0 -1.0  0.0 -1.0  -1.0 -1.0 0.0  1.0  1.0 -1.0 -1.0 -1.0 0.0 -1.0   0.0 1.0 -1.0 -1.0   0.0 0.0  -1.0 -1.0 -1.0 0.0 -1.0 -1.0 -1.0  0.0 0.0 0.0  -1.0 0.0 1.0 0.0 0.0 1.0
attr_264 0.0 1.0 0.0 1.0 1.0 1.0    1.0  1.0 0.0 0.0 -1.0  0.0 -1.0   -1.0   1.0  1.0 -1.0 -1.0 -1.0 0.0 -1.0   0.0 0.0 -1.0 -1.0   0.0 0.0  -1.0 -1.0 -1.0 0.0 -1.0 -1.0 -1.0  0.0  0.0  0.0 0.0 1.0 1.0 0.0 0.0
attr_294 0.0 1.0 0.0 1.0 1.0 1.0 1.0  0.0 1.0 0.0 1.0 0.0 0.0 -1.0 0.0 0.0 -1.0 0.0 0.0 -1.0 1.0 0.0 0.0 0.0 0.0 0.0 0.0 -1.0 0.0 -1.0 0.0 0.0 0.0 0.0 -1.0 0.0 0.0 0.0 0.0 0.0 0.0 -1.0 -1.0 -1.0 0.0 0.0 -1.0 0.0  0.0 0.0 0.0 0.0 0.0 0.0 1.0 1.0 1.0 0.0
attr_296 0.0 1.0 0.0 1.0 1.0 1.0 0.0   1.0 -1.0 1.0 0.0 0.0 -1.0  1.0 -1.0 -1.0 0.0 -1.0 0.0 0.0 0.0 0.0 0.0 -1.0 -1.0   -1.0 -1.0 0.0 0.0 1.0  0.0 0.0 0.0  0.0 -1.0 -1.0 -1.0 -1.0  0.0  0.0  0.0 0.0 0.0 0.0 -1.0 0.0 0.0 0.0 1.0 1.0
attr_301 0.0 1.0 0.0 1.0 1.0 1.0 0.0  -1.0 1.0 -1.0 1.0 0.0 0.0 -1.0 -1.0 1.0 -1.0 -1.0 0.0 -1.0 0.0 0.0 0.0 0.0 0.0 -1.0 -1.0  -1.0 -1.0 -1.0 0.0 0.0 1.0  0.0 0.0 0.0  0.0 -1.0 -1.0 -1.0 -1.0  0.0  0.0  0.0 0.0 0.0 0.0 -1.0 -1.0 0.0 0.0 1.0 1.0
attr_302 0.0 1.0 0.0 1.0 1.0 1.0 0.0   1.0  1.0 0.0 0.0 -1.0  0.0 -1.0  -1.0 -1.0 0.0  1.0  1.0 -1.0 -1.0 -1.0 0.0 -1.0   0.0 1.0 -1.0 -1.0   0.0 0.0  -1.0 -1.0 -1.0 0.0 -1.0 -1.0 -1.0  0.0 0.0 0.0  -1.0 0.0 1.0 0.0 0.0 1.0
attr_303 0.0 1.0 0.0 1.0 1.0 1.0 0.0   1.0  1.0 0.0 0.0 -1.0  0.0 -1.0  -1.0 -1.0 0.0  1.0  1.0 -1.0 -1.0 -1.0 0.0 -1.0   0.0 1.0 -1.0 -1.0   0.0 0.0  -1.0 -1.0 -1.0 0.0 -1.0 -1.0 -1.0  0.0  0.0  0.0 0.0 1.0 0.0 0.0 0.0
attr_324 0.0 1.0 0.0 1.0 1.0 1.0    1.0  1.0 0.0 0.0 -1.0  0.0 -1.0   -1.0   1.0  1.0 -1.0 -1.0 -1.0 0.0 -1.0   0.0 0.0 -1.0 -1.0   0.0 0.0  -1.0 -1.0 -1.0 0.0 -1.0 -1.0 -1.0  0.0  0.0  -1.0 0.0 1.0 1.0 0.0 0.0
attr_325 0.0 1.0 0.0 1.0 1.0 1.0 0.0  -1.0 1.0 -1.0 1.0 0.0 0.0 -1.0 -1.0 1.0 -1.0 -1.0 0.0 -1.0 0.0 0.0 0.0 0.0 0.0 -1.0 -1.0  -1.0 -1.0 -1.0 0.0 0.0 0.0  0.0 0.0 0.0  0.0 -1.0 -1.0 -1.0 -1.0  0.0  0.0  0.0 0.0 0.0 0.0 -1.0 -1.0 0.0 1.0 1.0 0.0
attr_331 0.0 1.0 0.0 1.0 1.0 1.0    1.0  1.0 0.0 0.0 -1.0  0.0 -1.0   -1.0   1.0  1.0 -1.0 -1.0 -1.0 0.0 -1.0   0.0 0.0 -1.0 -1.0   0.0 0.0  -1.0 -1.0 -1.0 0.0 -1.0 -1.0 -1.0  0.0 0.0 0.0  -1.0 0.0 1.0 1.0 0.0 1.0
attr_346 0.0 1.0 0.0 1.0 1.0 1.0 1.0  0.0 1.0 0.0 1.0 0.0 0.0 -1.0 0.0 0.0 -1.0 0.0 0.0 -1.0 1.0 0.0 0.0 0.0 0.0 0.0 0.0 0.0 0.0 -1.0 0.0 0.0 0.0 0.0 0.0 0.0 0.0 0.0 0.0 0.0 0.0 -1.0 -1.0 -1.0 0.0 0.0 0.0 0.0  0.0 0.0 0.0 0.0 0.0 0.0 0.0 1.0 1.0 0.0
attr_361 0.0 1.0 0.0 1.0 1.0 1.0 0.0   1.0 -1.0 1.0 0.0 0.0 -1.0  1.0 -1.0  0.0 -1.0 1.0 0.0 0.0 0.0 0.0 -1.0 -1.0 -1.0 0.0 -1.0 -1.0 0.0 0.0 0.0 -1.0 0.0 0.0 0.0 0.0 0.0 -1.0 -1.0 -1.0 -1.0 0.0 0.0 -1.0 0.0  0.0 0.0 0.0  -1.0 0.0 1.0 1.0 1.0 0.0
attr_368 0.0 1.0 0.0 1.0 1.0 1.0 0.0   1.0  1.0 0.0 0.0 -1.0  0.0 -1.0  -1.0 -1.0 0.0  1.0  1.0 -1.0 -1.0 -1.0 0.0 -1.0   0.0 1.0 -1.0 -1.0   0.0 0.0  -1.0 -1.0 -1.0 0.0 -1.0 -1.0 -1.0  0.0  0.0  -1.0 0.0 1.0 0.0 0.0 0.0
attr_375 0.0 1.0 0.0 1.0 1.0 1.0 0.0  0.0 1.0 0.0 1.0 0.0 0.0 -1.0 0.0 0.0 -1.0 0.0 0.0 -1.0 0.0 0.0 0.0 0.0 0.0 0.0 0.0 -1.0 0.0 -1.0 0.0 0.0 0.0 1.0 -1.0 0.0 0.0 0.0 0.0 0.0 0.0 -1.0 -1.0 -1.0 0.0 0.0 -1.0 0.0  0.0 0.0 0.0 0.0 0.0 0.0 1.0 0.0 1.0 0.0
attr_377 0.0 1.0 0.0 1.0 1.0 1.0 0.0   1.0  1.0 0.0 0.0 -1.0  0.0 -1.0  -1.0 -1.0 0.0  1.0  1.0 -1.0 -1.0 -1.0 0.0 -1.0   0.0 1.0 -1.0 -1.0   0.0 0.0  -1.0 -1.0 -1.0 0.0 -1.0 -1.0 -1.0  0.0  0.0  -1.0 0.0 1.0 0.0 0.0 0.0
attr_384 0.0 1.0 0.0 1.0 1.0 1.0 0.0   1.0 0.0 1.0 0.0 0.0 -1.0  0.0 -1.0  -1.0 -1.0 0.0 0.0 1.0  1.0 -1.0 -1.0 -1.0 0.0 -1.0 0.0 0.0 0.0 1.0 -1.0 0.0 0.0 0.0 0.0 0.0 0.0 -1.0 -1.0 -1.0 0.0 0.0 -1.0 -1.0  0.0 0.0 0.0  -1.0 0.0 1.0 0.0 1.0 1.0
attr_386 0.0 1.0 0.0 1.0 1.0 1.0 0.0   1.0 0.0 1.0 0.0 0.0 -1.0  0.0 -1.0  -1.0 -1.0 0.0 0.0 1.0  1.0 -1.0 -1.0 -1.0 0.0 -1.0 0.0 0.0 0.0 1.0 -1.0 0.0 0.0 0.0 0.0 0.0 0.0 -1.0 -1.0 -1.0 0.0 0.0 -1.0 -1.0  0.0 0.0 0.0  -1.0 0.0 1.0 0.0 1.0 0.0
attr_387 0.0 1.0 0.0 1.0 1.0 1.0 0.0   1.0 -1.0 1.0 0.0 0.0 -1.0  1.0 -1.0 -1.0 0.0 -1.0 1.0 0.0 0.0 0.0 0.0 -1.0 -1.0   -1.0 -1.0 0.0 0.0 0.0  0.0 0.0 0.0  0.0 -1.0 -1.0 -1.0 -1.0  0.0  0.0  0.0 0.0 0.0 0.0 -1.0 0.0 0.0 1.0 1.0 1.0
attr_389 0.0 1.0 0.0 1.0 1.0 1.0 0.0  0.0 1.0 0.0 1.0 0.0 0.0 -1.0 0.0 0.0 -1.0 0.0 0.0 -1.0 0.0 0.0 0.0 0.0 0.0 0.0 0.0 0.0 0.0 -1.0 0.0 0.0 0.0 1.0 0.0 0.0 0.0 0.0 0.0 0.0 0.0 -1.0 -1.0 -1.0 0.0 0.0 0.0 0.0  0.0 0.0 0.0 0.0 0.0 0.0 0.0 0.0 1.0 1.0
attr_393 0.0 1.0 0.0 1.0 1.0 1.0 0.0   1.0 -1.0 1.0 0.0 0.0 -1.0  1.0 -1.0 -1.0 0.0 -1.0 0.0 0.0 0.0 0.0 0.0 -1.0 -1.0   -1.0 -1.0 0.0 0.0 1.0  0.0 0.0 0.0  0.0 -1.0 -1.0 -1.0 -1.0  0.0  0.0  0.0 0.0 0.0 0.0 -1.0 0.0 0.0 0.0 1.0 1.0
attr_399 0.0 1.0 0.0 1.0 1.0 1.0 0.0   1.0 -1.0 1.0 0.0 0.0 -1.0  1.0 -1.0  0.0 -1.0 1.0 0.0 0.0 0.0 0.0 -1.0 -1.0 -1.0 0.0 -1.0 -1.0 0.0 0.0 0.0 -1.0 0.0 0.0 0.0 0.0 0.0 -1.0 -1.0 -1.0 -1.0 0.0 0.0 -1.0 0.0  0.0 0.0 0.0  -1.0 0.0 1.0 1.0 1.0 1.0
attr_401 0.0 1.0 0.0 1.0 1.0 1.0 0.0   1.0 -1.0 1.0 0.0 0.0 -1.0  1.0 -1.0  0.0 -1.0 0.0 0.0 0.0 0.0 0.0 -1.0 -1.0 -1.0 0.0 -1.0 -1.0 0.0 0.0 1.0 -1.0 0.0 0.0 0.0 0.0 0.0 -1.0 -1.0 -1.0 -1.0 0.0 0.0 -1.0 0.0  0.0 0.0 0.0  -1.0 0.0 1.0 0.0 1.0 0.0
attr_408 0.0 1.0 0.0 1.0 1.0 1.0 0.0  -1.0 1.0 -1.0 1.0 0.0 0.0 -1.0 -1.0 1.0 -1.0 -1.0 0.0 -1.0 0.0 0.0 0.0 0.0 0.0 -1.0 -1.0  -1.0 -1.0 -1.0 0.0 0.0 0.0  0.0 0.0 0.0  0.0 -1.0 -1.0 -1.0 -1.0  0.0  0.0  0.0 0.0 0.0 0.0 -1.0 -1.0 0.0 0.0 1.0 0.0
attr_416 0.0 1.0 0.0 1.0 1.0 1.0 1.0  0.0 1.0 0.0 1.0 0.0 0.0 -1.0 0.0 0.0 -1.0 0.0 0.0 -1.0 1.0 0.0 0.0 0.0 0.0 0.0 0.0 0.0 0.0 -1.0 0.0 0.0 0.0 0.0 0.0 0.0 0.0 0.0 0.0 0.0 0.0 -1.0 -1.0 -1.0 0.0 0.0 0.0 0.0  0.0 0.0 0.0 0.0 0.0 0.0 0.0 1.0 1.0 1.0
attr_418 0.0 1.0 0.0 1.0 1.0 1.0 0.0  0.0 1.0 0.0 1.0 0.0 0.0 -1.0 0.0 0.0 -1.0 0.0 0.0 -1.0 0.0 0.0 0.0 0.0 0.0 0.0 0.0 0.0 0.0 -1.0 0.0 0.0 0.0 1.0 0.0 0.0 0.0 0.0 0.0 0.0 0.0 -1.0 -1.0 -1.0 0.0 0.0 0.0 0.0  0.0 0.0 0.0 0.0 0.0 0.0 0.0 0.0 1.0 0.0
attr_419 0.0 1.0 0.0 1.0 1.0 1.0 0.0  -1.0 1.0 -1.0 1.0 0.0 0.0 -1.0 -1.0 1.0 -1.0 -1.0 0.0 -1.0 0.0 0.0 0.0 0.0 0.0 -1.0 -1.0  -1.0 -1.0 -1.0 0.0 0.0 0.0  0.0 0.0 0.0  0.0 -1.0 -1.0 -1.0 -1.0  0.0  0.0  0.0 0.0 0.0 0.0 -1.0 -1.0 0.0 1.0 1.0 1.0
attr_420 0.0 1.0 0.0 1.0 1.0 1.0 1.0   1.0 0.0 1.0 0.0 0.0 -1.0  0.0 -1.0  0.0 -1.0 1.0 0.0 1.0  1.0 -1.0 -1.0 -1.0 0.0 -1.0 0.0 0.0 0.0 0.0 -1.0 0.0 0.0 0.0 0.0 0.0 0.0 -1.0 -1.0 -1.0 0.0 0.0 -1.0 -1.0  0.0 0.0 0.0  0.0 0.0 1.0 1.0 1.0 0.0
attr_427 0.0 1.0 0.0 1.0 1.0 1.0    1.0  1.0 0.0 0.0 -1.0  0.0 -1.0   -1.0   1.0  1.0 -1.0 -1.0 -1.0 0.0 -1.0   0.0 0.0 -1.0 -1.0   0.0 0.0  -1.0 -1.0 -1.0 0.0 -1.0 -1.0 -1.0  0.0  0.0  -1.0 0.0 1.0 1.0 0.0 0.0
attr_429 0.0 1.0 0.0 1.0 1.0 1.0 0.0   1.0 -1.0 1.0 0.0 0.0 -1.0  1.0 -1.0 -1.0 0.0 -1.0 1.0 0.0 0.0 0.0 0.0 -1.0 -1.0   -1.0 -1.0 0.0 0.0 0.0  0.0 0.0 0.0  0.0 -1.0 -1.0 -1.0 -1.0  0.0  0.0  0.0 0.0 0.0 0.0 -1.0 0.0 0.0 1.0 1.0 1.0
attr_430 0.0 1.0 0.0 1.0 1.0 1.0 1.0  0.0 1.0 0.0 1.0 0.0 0.0 -1.0 0.0 0.0 -1.0 0.0 0.0 -1.0 1.0 0.0 0.0 0.0 0.0 0.0 0.0 -1.0 0.0 -1.0 0.0 0.0 0.0 0.0 -1.0 0.0 0.0 0.0 0.0 0.0 0.0 -1.0 -1.0 -1.0 0.0 0.0 -1.0 0.0  0.0 0.0 0.0 0.0 0.0 0.0 1.0 1.0 1.0 1.0
attr_440 0.0 1.0 0.0 1.0 1.0 1.0 0.0   1.0 -1.0 1.0 0.0 0.0 -1.0  1.0 -1.0 -1.0 0.0 -1.0 0.0 0.0 0.0 0.0 0.0 -1.0 -1.0   -1.0 -1.0 0.0 0.0 1.0  0.0 0.0 0.0  0.0 -1.0 -1.0 -1.0 -1.0  0.0  0.0  0.0 0.0 0.0 0.0 -1.0 0.0 0.0 0.0 1.0 1.0
attr_441 0.0 1.0 0.0 1.0 1.0 1.0 0.0  0.0 1.0 0.0 1.0 0.0 0.0 -1.0 0.0 0.0 -1.0 0.0 0.0 -1.0 0.0 0.0 0.0 0.0 0.0 0.0 0.0 -1.0 0.0 -1.0 0.0 0.0 0.0 1.0 -1.0 0.0 0.0 0.0 0.0 0.0 0.0 -1.0 -1.0 -1.0 0.0 0.0 -1.0 0.0  0.0 0.0 0.0 0.0 0.0 0.0 1.0 0.0 1.0 1.0
attr_442 0.0 1.0 0.0 1.0 1.0 1.0 0.0   1.0 -1.0 1.0 0.0 0.0 -1.0  1.0 -1.0  0.0 -1.0 0.0 0.0 0.0 0.0 0.0 -1.0 -1.0 -1.0 0.0 -1.0 -1.0 0.0 0.0 1.0 -1.0 0.0 0.0 0.0 0.0 0.0 -1.0 -1.0 -1.0 -1.0 0.0 0.0 -1.0 0.0  0.0 0.0 0.0  -1.0 0.0 1.0 0.0 1.0 1.0
attr_446 0.0 1.0 0.0 1.0 1.0 1.0 0.0   1.0 0.0 1.0 0.0 0.0 -1.0  0.0 -1.0  -1.0 -1.0 0.0 0.0 1.0  1.0 -1.0 -1.0 -1.0 0.0 -1.0 0.0 0.0 0.0 1.0 -1.0 0.0 0.0 0.0 0.0 0.0 0.0 -1.0 -1.0 -1.0 0.0 0.0 -1.0 -1.0  0.0 0.0 0.0  -1.0 0.0 1.0 0.0 1.0 1.0
attr_454 0.0 1.0 0.0 1.0 1.0 1.0 0.0  -1.0 1.0 -1.0 1.0 0.0 0.0 -1.0 -1.0 1.0 -1.0 -1.0 0.0 -1.0 0.0 0.0 0.0 0.0 0.0 -1.0 -1.0  -1.0 -1.0 -1.0 0.0 0.0 0.0  0.0 0.0 0.0  0.0 -1.0 -1.0 -1.0 -1.0  0.0  0.0  0.0 0.0 0.0 0.0 -1.0 -1.0 0.0 0.0 1.0 1.0
attr_460 0.0 1.0 0.0 1.0 1.0 1.0 0.0   1.0 -1.0 1.0 0.0 0.0 -1.0  0.0 -1.0 -1.0 0.0 -1.0 1.0 0.0 0.0 0.0 0.0 -1.0 -1.0 0.0  -1.0 -1.0 -1.0 0.0 0.0 0.0 -1.0 -1.0 -1.0 0.0 0.0 -1.0 -1.0 -1.0 -1.0 0.0 -1.0 0.0 0.0  0.0 0.0 0.0 0.0 0.0 0.0 0.0 1.0 0.0 1.0
attr_462 0.0 1.0 0.0 1.0 1.0 1.0 0.0  -1.0 1.0 -1.0 1.0 0.0 0.0 -1.0 -1.0 1.0 -1.0 -1.0 0.0 -1.0 0.0 0.0 0.0 0.0 0.0 -1.0 -1.0  -1.0 -1.0 -1.0 0.0 0.0 1.0  0.0 0.0 0.0  0.0 -1.0 -1.0 -1.0 -1.0  0.0  0.0  0.0 0.0 0.0 0.0 -1.0 -1.0 0.0 0.0 1.0 0.0
attr_465 0.0 1.0 0.0 1.0 1.0 1.0 0.0   1.0 -1.0 1.0 0.0 0.0 -1.0  1.0 -1.0 -1.0 0.0 -1.0 0.0 0.0 0.0 0.0 0.0 -1.0 -1.0   -1.0 -1.0 0.0 0.0 1.0  0.0 0.0 0.0  0.0 -1.0 -1.0 -1.0 -1.0  0.0  0.0  0.0 0.0 0.0 0.0 -1.0 0.0 0.0 0.0 1.0 1.0
attr_471 0.0 1.0 0.0 1.0 1.0 1.0 0.0   1.0 -1.0 1.0 0.0 0.0 -1.0  1.0 -1.0 -1.0 0.0 -1.0 1.0 0.0 0.0 0.0 0.0 -1.0 -1.0   -1.0 -1.0 0.0 0.0 0.0  0.0 0.0 0.0  0.0 -1.0 -1.0 -1.0 -1.0  0.0  0.0  0.0 0.0 0.0 0.0 -1.0 0.0 0.0 1.0 1.0 1.0
attr_473 0.0 1.0 0.0 1.0 1.0 1.0 0.0   1.0 -1.0 1.0 0.0 0.0 -1.0  1.0 -1.0 -1.0 0.0 -1.0 0.0 0.0 0.0 0.0 0.0 -1.0 -1.0   -1.0 -1.0 0.0 0.0 1.0  0.0 0.0 0.0  0.0 -1.0 -1.0 -1.0 -1.0  0.0  0.0  0.0 0.0 0.0 0.0 -1.0 0.0 0.0 0.0 1.0 0.0
attr_474 0.0 1.0 0.0 1.0 1.0 1.0 0.0   1.0 0.0 1.0 0.0 0.0 -1.0  0.0 -1.0  -1.0 -1.0 0.0 0.0 1.0  1.0 -1.0 -1.0 -1.0 0.0 -1.0 0.0 0.0 0.0 1.0 -1.0 0.0 0.0 0.0 0.0 0.0 0.0 -1.0 -1.0 -1.0 0.0 0.0 -1.0 -1.0  0.0 0.0 0.0  0.0 0.0 1.0 0.0 1.0 0.0
attr_475 0.0 1.0 0.0 1.0 1.0 1.0 0.0   1.0 -1.0 1.0 0.0 0.0 -1.0  1.0 -1.0 -1.0 0.0 -1.0 1.0 0.0 0.0 0.0 0.0 -1.0 -1.0   -1.0 -1.0 0.0 0.0 0.0  0.0 0.0 0.0  0.0 -1.0 -1.0 -1.0 -1.0  0.0  0.0  0.0 0.0 0.0 0.0 -1.0 0.0 0.0 1.0 1.0 0.0
attr_482 0.0 1.0 0.0 1.0 1.0 1.0 0.0   1.0 -1.0 1.0 0.0 0.0 -1.0  1.0 -1.0 -1.0 0.0 -1.0 1.0 0.0 0.0 0.0 0.0 -1.0 -1.0   -1.0 -1.0 0.0 0.0 0.0  0.0 0.0 0.0  0.0 -1.0 -1.0 -1.0 -1.0  0.0  0.0  0.0 0.0 0.0 0.0 -1.0 0.0 0.0 1.0 1.0 0.0
attr_484 0.0 1.0 0.0 1.0 1.0 1.0 1.0   1.0 0.0 1.0 0.0 0.0 -1.0  0.0 -1.0  0.0 -1.0 1.0 0.0 1.0  1.0 -1.0 -1.0 -1.0 0.0 -1.0 0.0 0.0 0.0 0.0 -1.0 0.0 0.0 0.0 0.0 0.0 0.0 -1.0 -1.0 -1.0 0.0 0.0 -1.0 -1.0  0.0 0.0 0.0  -1.0 0.0 1.0 1.0 1.0 0.0
attr_491 0.0 1.0 0.0 1.0 1.0 1.0 0.0   1.0 0.0 1.0 0.0 0.0 -1.0  0.0 -1.0  -1.0 -1.0 0.0 0.0 1.0  1.0 -1.0 -1.0 -1.0 0.0 -1.0 0.0 0.0 0.0 1.0 -1.0 0.0 0.0 0.0 0.0 0.0 0.0 -1.0 -1.0 -1.0 0.0 0.0 -1.0 -1.0  0.0 0.0 0.0  0.0 0.0 1.0 0.0 1.0 0.0
attr_500 0.0 1.0 0.0 1.0 1.0 1.0 1.0   1.0 0.0 1.0 0.0 0.0 -1.0  0.0 -1.0  0.0 -1.0 1.0 0.0 1.0  1.0 -1.0 -1.0 -1.0 0.0 -1.0 0.0 0.0 0.0 0.0 -1.0 0.0 0.0 0.0 0.0 0.0 0.0 -1.0 -1.0 -1.0 0.0 0.0 -1.0 -1.0  0.0 0.0 0.0  0.0 0.0 1.0 1.0 1.0 1.0
attr_502 0.0 1.0 0.0 1.0 1.0 1.0 0.0   1.0 -1.0 1.0 0.0 0.0 -1.0  1.0 -1.0 -1.0 0.0 -1.0 1.0 0.0 0.0 0.0 0.0 -1.0 -1.0   -1.0 -1.0 0.0 0.0 0.0  0.0 0.0 0.0  0.0 -1.0 -1.0 -1.0 -1.0  0.0  0.0  0.0 0.0 0.0 0.0 -1.0 0.0 0.0 1.0 1.0 1.0
attr_505 0.0 1.0 0.0 1.0 1.0 1.0 0.0   1.0 -1.0 1.0 0.0 0.0 -1.0  1.0 -1.0 -1.0 0.0 -1.0 0.0 0.0 0.0 0.0 0.0 -1.0 -1.0   -1.0 -1.0 0.0 0.0 1.0  0.0 0.0 0.0  0.0 -1.0 -1.0 -1.0 -1.0  0.0  0.0  0.0 0.0 0.0 0.0 -1.0 0.0 0.0 0.0 1.0 0.0
attr_508 0.0 1.0 0.0 1.0 1.0 1.0 0.0   1.0 -1.0 1.0 0.0 0.0 -1.0  1.0 -1.0 -1.0 0.0 -1.0 1.0 0.0 0.0 0.0 0.0 -1.0 -1.0   -1.0 -1.0 0.0 0.0 0.0  0.0 0.0 0.0  0.0 -1.0 -1.0 -1.0 -1.0  0.0  0.0  0.0 0.0 0.0 0.0 -1.0 0.0 0.0 1.0 1.0 0.0
attr_511 0.0 1.0 0.0 1.0 1.0 1.0 0.0   1.0 0.0 1.0 0.0 0.0 -1.0  0.0 -1.0  -1.0 -1.0 0.0 0.0 1.0  1.0 -1.0 -1.0 -1.0 0.0 -1.0 0.0 0.0 0.0 1.0 -1.0 0.0 0.0 0.0 0.0 0.0 0.0 -1.0 -1.0 -1.0 0.0 0.0 -1.0 -1.0  0.0 0.0 0.0  0.0 0.0 1.0 0.0 1.0 1.0
attr_514 0.0 1.0 0.0 1.0 1.0 1.0 0.0   1.0 0.0 1.0 0.0 0.0 -1.0  0.0 -1.0  -1.0 -1.0 0.0 0.0 1.0  1.0 -1.0 -1.0 -1.0 0.0 -1.0 0.0 0.0 0.0 1.0 -1.0 0.0 0.0 0.0 0.0 0.0 0.0 -1.0 -1.0 -1.0 0.0 0.0 -1.0 -1.0  0.0 0.0 0.0  -1.0 0.0 1.0 0.0 1.0 0.0
attr_527 0.0 1.0 0.0 1.0 1.0 1.0 0.0   1.0 0.0 1.0 0.0 0.0 -1.0  0.0 -1.0  -1.0 -1.0 0.0 0.0 1.0  1.0 -1.0 -1.0 -1.0 0.0 -1.0 0.0 0.0 0.0 1.0 -1.0 0.0 0.0 0.0 0.0 0.0 0.0 -1.0 -1.0 -1.0 0.0 0.0 -1.0 -1.0  0.0 0.0 0.0  0.0 0.0 1.0 0.0 1.0 1.0
attr_534 0.0 1.0 0.0 1.0 1.0 1.0 0.0   1.0 -1.0 1.0 0.0 0.0 -1.0  1.0 -1.0 -1.0 0.0 -1.0 1.0 0.0 0.0 0.0 0.0 -1.0 -1.0   -1.0 -1.0 0.0 0.0 0.0  0.0 0.0 0.0  0.0 -1.0 -1.0 -1.0 -1.0  0.0  0.0  0.0 0.0 0.0 0.0 -1.0 0.0 0.0 1.0 1.0 0.0
attr_541 0.0 1.0 0.0 1.0 1.0 1.0 1.0   1.0 0.0 1.0 0.0 0.0 -1.0  0.0 -1.0  0.0 -1.0 1.0 0.0 1.0  1.0 -1.0 -1.0 -1.0 0.0 -1.0 0.0 0.0 0.0 0.0 -1.0 0.0 0.0 0.0 0.0 0.0 0.0 -1.0 -1.0 -1.0 0.0 0.0 -1.0 -1.0  0.0 0.0 0.0  0.0 0.0 1.0 1.0 1.0 1.0
attr_543 0.0 1.0 0.0 1.0 1.0 1.0 1.0   1.0 0.0 1.0 0.0 0.0 -1.0  0.0 -1.0  0.0 -1.0 1.0 0.0 1.0  1.0 -1.0 -1.0 -1.0 0.0 -1.0 0.0 0.0 0.0 0.0 -1.0 0.0 0.0 0.0 0.0 0.0 0.0 -1.0 -1.0 -1.0 0.0 0.0 -1.0 -1.0  0.0 0.0 0.0  -1.0 0.0 1.0 1.0 1.0 1.0
attr_545 0.0 1.0 0.0 1.0 1.0 1.0 0.0   1.0 -1.0 1.0 0.0 0.0 -1.0  0.0 -1.0 -1.0 0.0 -1.0 0.0 0.0 0.0 0.0 0.0 -1.0 -1.0 0.0  -1.0 -1.0 -1.0 0.0 1.0 0.0 -1.0 -1.0 -1.0 0.0 0.0 -1.0 -1.0 -1.0 -1.0 0.0 -1.0 0.0 0.0  0.0 0.0 0.0 0.0 0.0 0.0 0.0 0.0 0.0 1.0
attr_549 0.0 1.0 0.0 1.0 1.0 1.0 1.0   1.0 0.0 1.0 0.0 0.0 -1.0  0.0 -1.0  0.0 -1.0 1.0 0.0 1.0  1.0 -1.0 -1.0 -1.0 0.0 -1.0 0.0 0.0 0.0 0.0 -1.0 0.0 0.0 0.0 0.0 0.0 0.0 -1.0 -1.0 -1.0 0.0 0.0 -1.0 -1.0  0.0 0.0 0.0  -1.0 0.0 1.0 1.0 1.0 0.0
attr_550 0.0 1.0 0.0 1.0 1.0 1.0 0.0   1.0 -1.0 1.0 0.0 0.0 -1.0  1.0 -1.0 -1.0 0.0 -1.0 0.0 0.0 0.0 0.0 0.0 -1.0 -1.0   -1.0 -1.0 0.0 0.0 1.0  0.0 0.0 0.0  0.0 -1.0 -1.0 -1.0 -1.0  0.0  0.0  0.0 0.0 0.0 0.0 -1.0 0.0 0.0 0.0 1.0 0.0
attr_555 0.0 1.0 0.0 1.0 1.0 1.0 0.0   1.0 -1.0 1.0 0.0 0.0 -1.0  1.0 -1.0 -1.0 0.0 -1.0 0.0 0.0 0.0 0.0 0.0 -1.0 -1.0   -1.0 -1.0 0.0 0.0 1.0  0.0 0.0 0.0  0.0 -1.0 -1.0 -1.0 -1.0  0.0  0.0  0.0 0.0 0.0 0.0 -1.0 0.0 0.0 0.0 1.0 0.0
attr_562 0.0 1.0 0.0 1.0 1.0 1.0 1.0   1.0 0.0 1.0 0.0 0.0 -1.0  0.0 -1.0  0.0 -1.0 1.0 0.0 1.0  1.0 -1.0 -1.0 -1.0 0.0 -1.0 0.0 0.0 0.0 0.0 -1.0 0.0 0.0 0.0 0.0 0.0 0.0 -1.0 -1.0 -1.0 0.0 0.0 -1.0 -1.0  0.0 0.0 0.0  -1.0 0.0 1.0 1.0 1.0 1.0
