ID	Yes density per 1000bp	No density per 1000bp	Yes-No ratio	Model cutoff	P-value
V$AP1_01	0.1875	0.036101083032490974	5.19375	0.9618	0.0018649290130104794
V$AP1_02	0.5	0.3249097472924188	1.5388888888888888	0.9261	0.05473633599229145
V$AP1_Q4_01	0.08333333333333333	0.012033694344163659	6.924999999999999	0.9968	0.025529345232847302
V$AP1_Q6_01	0.125	0.048134777376654635	2.596875	0.9957	0.07154137586478378
V$BATFJUN_01	1.7708333333333333	1.1492178098676296	1.5409031413612562	0.8316	7.844890721679912E-4
V$BETACATENIN_Q3	0.10416666666666667	0.030084235860409144	3.4625000000000004	0.9771	0.051459217439324995
V$BETACATENIN_Q3_01	1.3333333333333333	1.0108303249097472	1.319047619047619	0.9686	0.037282947748314026
V$BETACATENIN_Q6	3.5625	3.0445246690734056	1.1701333992094862	0.8385	0.04306263128890773
V$BETACATENIN_Q6_01	0.8333333333333334	0.5535499398315283	1.5054347826086956	0.9793	0.021820257382771796
V$CFOS_Q4	0.125	0.024067388688327317	5.19375	0.9995	0.011412477216624934
V$CFOS_Q6	0.08333333333333333	0.018050541516245487	4.616666666666666	1.0	0.049088068318956096
V$E12_Q6	0.7916666666666666	0.5354993983152828	1.4783707865168538	0.944	0.030112202694087344
V$E2A_03	1.4583333333333335	1.197352587244284	1.2179648241206031	0.9081	0.09040487570853184
V$E2A_04	0.5416666666666666	0.246690734055355	2.1957317073170732	0.9525	0.001831474617106714
V$E2A_Q2	0.3958333333333333	0.19855595667870038	1.9935606060606057	0.9431	0.014613561244147283
V$E2A_Q6_01	0.16666666666666666	0.07220216606498195	2.308333333333333	0.9863	0.059037875997509974
V$E2A_Q6_02	0.20833333333333334	0.1022864019253911	2.036764705882353	0.9979	0.06122326098124107
V$E47_01	5.604166666666667	4.795427196149218	1.1686480552070264	0.7838	0.0156959722104587
V$E47_02	1.1458333333333333	0.8784596871239471	1.3043664383561642	0.869	0.05723406427285143
V$FLI1TCF3_01	1.5208333333333333	1.1793020457280385	1.2896045918367347	0.7942	0.03916640003083096
V$FOSJUN_02	4.208333333333333	3.574007220216606	1.177483164983165	0.7924	0.025901472854197298
V$FOS_02	0.5	0.3249097472924188	1.5388888888888888	0.8928	0.05473633599229145
V$FOS_03	7.791666666666666	6.768953068592058	1.1510888888888888	0.7921	0.010594205111882884
V$FOS_06	1.4791666666666665	0.98676293622142	1.4990091463414632	0.834	0.0033862733902591054
V$FOS_10	2.958333333333333	2.5691937424789413	1.1514637002341919	0.8192	0.08099539498264842
V$FOS_11	1.0416666666666667	0.8002406738868832	1.3016917293233083	0.8595	0.06847885920117984
V$FOXM1_01	0.5416666666666666	0.35499398315282793	1.5258474576271186	0.9475	0.050253388838307954
V$FOXM1_Q3	0.3333333333333333	0.1022864019253911	3.2588235294117647	0.9052	8.743338073970769E-4
V$HAND1E47_01	24.104166666666668	22.593261131167267	1.0668741677762983	0.7496	0.028696086551273814
V$HOXB2TCF3_01	2.5416666666666665	2.0758122743682312	1.2244202898550722	0.7544	0.03240126064797419
V$JUNBFOS_01	2.3125	1.5764139590854391	1.4669370229007634	0.8105	5.924759074140897E-4
V$JUNBJUN_01	5.333333333333333	4.512635379061372	1.1818666666666666	0.7842	0.012343171784772887
V$JUNDFOS_01	4.0625	3.3333333333333335	1.21875	0.7765	0.010644889073876486
V$JUNFOSB_01	5.1875	4.470517448856799	1.1603802153432032	0.8046	0.024100598741553948
V$JUNFRA1_01	1.9375	1.4681107099879662	1.3197233606557377	0.812	0.014758967802491819
V$JUNFRA2_01	6.270833333333333	5.475330926594465	1.1452884615384615	0.7715	0.023339871985653397
V$JUN_03	0.20833333333333334	0.09626955475330927	2.1640625	0.8912	0.04786341033703661
V$JUN_04	2.3333333333333335	1.6606498194945847	1.4050724637681162	0.8193	0.0017963150709190477
V$JUN_06	1.3541666666666667	1.0469314079422383	1.2934626436781609	0.8419	0.047106765786926234
V$JUN_08	0.9166666666666666	0.4332129963898917	2.115972222222222	0.8297	1.1571789393879587E-4
V$JUN_09	0.08333333333333333	0.024067388688327317	3.4624999999999995	0.8875	0.08107711872024638
V$MATH1_Q2	0.14583333333333334	0.048134777376654635	3.0296875	0.9922	0.032780824677591074
V$MIZ1_01	13.020833333333334	7.984356197352587	1.6307931424265263	0.771	1.0741239085784452E-22
V$MYOD_Q6_01	0.3125	0.15042117930204574	2.0774999999999997	0.9595	0.02215526448866655
V$NFKAPPAB_01	1.0	0.601684717208183	1.662	0.8732	0.003238458427773639
V$P50RELAP65_Q5_01	7.104166666666667	5.703971119133574	1.2454773206751055	0.7846	3.512182272490128E-4
V$RELA_03	23.875	20.61973525872443	1.1578713160198424	0.8734	1.176453913948423E-5
V$RELA_08	2.125	1.4861612515042117	1.4298582995951417	0.7979	0.0018130725187068086
V$RELBP52_01	0.125	0.036101083032490974	3.4625	0.9279	0.03315215726692954
V$SNA_01	6.041666666666667	5.348977135980746	1.1294994375703038	0.7829	0.03971366667086622
V$SNA_02	5.083333333333333	4.24187725631769	1.1983687943262409	0.8184	0.008915201533542765
V$SNA_04	4.708333333333333	4.115523465703971	1.1440423976608187	0.8076	0.044367948361858776
V$SNA_05	1.75	1.3116726835138386	1.3341743119266056	0.8295	0.01611912539708798
V$SNA_Q4	0.0625	0.006016847172081829	10.3875	0.9877	0.03744669949447811
V$STAT3STAT3_Q3	0.5833333333333334	0.3309265944645006	1.7627272727272727	0.8454	0.012014118316663344
V$TAL1BETAE47_01	7.083333333333333	6.419975932611312	1.103327085285848	0.7296	0.06180804072540705
V$TCF4_Q5_02	1.0625	0.7460890493381468	1.4240927419354839	0.9614	0.022752851215684176
V$TEAD4TCF3_01	1.4583333333333335	0.9927797833935018	1.468939393939394	0.7977	0.005215362899874437
