name apoptosis bid caspase ceramide disc fas fasl fast gpcr gzmb iap ifngt nfkb pdgfr pi3k s1p sphk1 tpl2 tradd
attr_2 1 1 1 1 1 1 1 1 0 1 0 1 1 0 1 0 0 1 0
attr_4 1 1 1 1 1 1 1 1 0 1 0 1 1 0 1 0 0 1 0
attr_5 1 1 1 1 1 1 1 1 0 1 0 1 1 0 1 0 0 1 0
attr_7 1 1 1 1 1 1 1 1 0 1 0 1 1 0 1 0 0 1 0
attr_11 1 1 1 1 1 1 1 1 0 1 0 1 1 0 1 0 0 1 0
attr_16 1 1 1 1 1 1 1 1 0 1 0 1 1 0 1 0 0 1 0
attr_18 1 1 1 1 1 1 1 1 0 1 0 1 1 0 1 0 0 1 0
attr_19 1 1 1 1 1 1 1 1 0 1 0 1 1 0 1 0 0 1 0
attr_26 1 1 1 1 1 1 1 1 0 1 0 1 1 1 1 0 1 1 0
attr_30 1 1 1 1 1 1 1 1 0 1 0 1 1 1 1 0 1 1 0
attr_31 1 1 1 1 1 1 1 1 0 1 0 1 1 1 1 0 1 1 0
attr_32 1 1 1 1 1 1 1 1 0 1 0 1 1 1 1 0 1 1 0
attr_38 1 1 1 1 1 1 1 1 0 1 0 1 1 1 1 0 1 1 0
attr_45 1 1 1 1 1 1 1 1 0 1 0 1 1 1 1 0 1 1 0
attr_46 1 1 1 1 1 1 1 1 0 1 0 1 1 1 1 0 1 1 0
attr_47 1 1 1 1 1 1 1 1 0 1 0 1 1 1 1 0 1 1 0
attr_48 1 1 1 1 1 1 1 1 0 1 0 1 1 1 1 0 1 1 0
attr_51 1 1 1 1 1 1 1 1 0 1 0 1 1 1 1 0 1 1 0
attr_52 1 1 1 1 1 1 1 1 0 1 0 1 1 0 0 0 0 1 0
attr_53 1 1 1 1 1 1 1 1 0 1 0 1 1 1 1 0 1 1 0
attr_54 1 1 1 1 1 1 1 1 0 1 0 1 1 0 0 0 0 1 0
attr_59 1 1 1 1 1 1 1 1 0 1 0 1 1 1 1 0 1 1 0
attr_60 1 1 1 1 1 1 1 1 0 1 0 1 1 1 1 0 1 1 0
attr_64 1 1 1 1 1 1 1 1 0 1 0 1 1 1 1 0 1 1 0
attr_76 1 1 1 1 1 1 1 1 0 1 0 1 1 0 1 0 0 1 0
attr_78 1 1 1 1 1 1 1 1 0 1 0 1 1 0 1 0 0 1 0
attr_80 1 1 1 1 1 1 1 1 0 1 0 1 1 0 1 0 0 1 0
attr_89 1 1 1 1 1 1 1 1 0 1 0 1 1 0 1 0 0 1 0
attr_97 1 1 1 1 1 1 1 1 0 1 0 1 1 1 1 0 1 1 0
attr_103 1 1 1 1 1 1 1 1 0 1 0 1 1 1 1 0 1 1 0
attr_126 1 1 1 1 1 1 1 1 0 1 0 1 1 1 1 0 1 1 0
attr_145 1 1 1 1 1 1 1 1 0 1 0 1 1 1 1 0 1 1 0
attr_150 1 1 1 1 1 1 1 1 0 1 0 1 1 0 0 0 0 1 0
attr_161 1 1 1 1 1 1 1 1 0 1 0 1 1 0 X 0 0 1 0
attr_166 1 1 1 1 1 1 1 1 0 1 0 1 1 0 1 0 0 1 0
attr_167 1 1 1 1 1 1 1 1 0 1 0 1 1 0 0 0 0 1 0
attr_174 1 1 1 1 1 1 1 1 0 1 0 1 1 0 X 0 0 1 0
attr_176 1 1 1 1 1 1 1 1 0 1 0 1 1 0 1 0 0 1 0
attr_180 1 1 1 1 1 1 1 1 0 1 0 1 1 0 1 0 0 1 0
attr_181 1 1 1 1 1 1 1 1 0 1 0 1 1 0 1 0 0 1 0
attr_184 1 1 1 1 1 1 1 1 0 1 0 1 1 0 0 0 0 1 0
attr_195 1 1 1 1 1 1 1 1 0 1 0 1 1 0 1 0 0 1 0
attr_196 1 1 1 1 1 1 1 1 0 1 0 1 1 0 0 0 0 1 0
attr_197 1 1 1 1 1 1 1 1 0 1 0 1 1 0 1 0 0 1 0
attr_202 1 1 1 1 1 1 1 1 0 1 0 1 1 0 1 0 0 1 0
attr_204 1 1 1 1 1 1 1 1 0 1 0 1 1 0 X 0 0 1 0
attr_207 1 1 1 1 1 1 1 1 0 1 0 1 1 0 X 0 0 1 0
attr_209 1 1 1 1 1 1 1 1 0 1 0 1 1 0 0 0 0 1 0
attr_219 1 1 1 1 1 1 1 1 0 1 0 1 1 0 0 0 0 1 0
attr_228 1 1 1 1 1 1 1 1 0 1 0 1 1 0 X 0 0 1 0
attr_231 1 1 1 1 1 1 1 1 0 1 0 1 1 0 0 0 0 1 0
attr_232 1 1 1 1 1 1 1 1 0 1 0 1 1 0 1 0 0 1 0
attr_241 1 1 1 1 1 1 1 1 0 1 0 1 1 0 0 0 0 1 0
attr_245 1 1 1 1 1 1 1 1 0 1 0 1 1 0 0 0 0 1 0
attr_247 1 1 1 1 1 1 1 1 0 1 0 1 1 0 0 0 0 1 0
attr_248 1 1 1 1 1 1 1 1 0 1 0 1 1 0 X 0 0 1 0
attr_253 1 1 1 1 1 1 1 1 0 1 0 1 1 0 X 0 0 1 0
attr_259 1 1 1 1 1 1 1 1 0 1 0 1 1 0 0 0 0 1 0
attr_294 1 1 1 1 1 1 1 1 0 1 0 1 1 1 1 0 1 1 0
attr_296 1 1 1 1 1 1 1 1 0 1 0 1 1 1 1 0 1 1 0
attr_301 1 1 1 1 1 1 1 1 0 1 0 1 1 1 1 0 1 1 0
attr_325 1 1 1 1 1 1 1 1 0 1 0 1 1 1 1 0 1 1 0
attr_346 1 1 1 1 1 1 1 1 0 1 0 1 1 1 1 0 1 1 0
attr_361 1 1 1 1 1 1 1 1 0 1 0 1 1 1 1 0 1 1 0
attr_375 1 1 1 1 1 1 1 1 0 1 0 1 1 1 1 0 1 1 0
attr_387 1 1 1 1 1 1 1 1 0 1 0 1 1 1 1 0 1 1 0
attr_389 1 1 1 1 1 1 1 1 0 1 0 1 1 1 1 0 1 1 0
attr_393 1 1 1 1 1 1 1 1 0 1 0 1 1 1 1 0 1 1 0
attr_399 1 1 1 1 1 1 1 1 0 1 0 1 1 1 1 0 1 1 0
attr_401 1 1 1 1 1 1 1 1 0 1 0 1 1 1 1 0 1 1 0
attr_408 1 1 1 1 1 1 1 1 0 1 0 1 1 1 1 0 1 1 0
attr_416 1 1 1 1 1 1 1 1 0 1 0 1 1 1 1 0 1 1 0
attr_418 1 1 1 1 1 1 1 1 0 1 0 1 1 1 1 0 1 1 0
attr_419 1 1 1 1 1 1 1 1 0 1 0 1 1 1 1 0 1 1 0
attr_420 1 1 1 1 1 1 1 1 0 1 0 1 1 1 1 0 1 1 0
attr_429 1 1 1 1 1 1 1 1 0 1 0 1 1 1 1 0 1 1 0
attr_430 1 1 1 1 1 1 1 1 0 1 0 1 1 1 1 0 1 1 0
attr_440 1 1 1 1 1 1 1 1 0 1 0 1 1 1 1 0 1 1 0
attr_441 1 1 1 1 1 1 1 1 0 1 0 1 1 1 1 0 1 1 0
attr_442 1 1 1 1 1 1 1 1 0 1 0 1 1 1 1 0 1 1 0
attr_454 1 1 1 1 1 1 1 1 0 1 0 1 1 1 1 0 1 1 0
attr_460 1 1 1 1 1 1 1 1 0 1 0 1 1 0 0 0 0 1 0
attr_462 1 1 1 1 1 1 1 1 0 1 0 1 1 1 1 0 1 1 0
attr_465 1 1 1 1 1 1 1 1 0 1 0 1 1 1 1 0 1 1 0
attr_471 1 1 1 1 1 1 1 1 0 1 0 1 1 1 1 0 1 1 0
attr_473 1 1 1 1 1 1 1 1 0 1 0 1 1 1 1 0 1 1 0
attr_475 1 1 1 1 1 1 1 1 0 1 0 1 1 1 1 0 1 1 0
attr_482 1 1 1 1 1 1 1 1 0 1 0 1 1 1 1 0 1 1 0
attr_484 1 1 1 1 1 1 1 1 0 1 0 1 1 1 1 0 1 1 0
attr_500 1 1 1 1 1 1 1 1 0 1 0 1 1 1 1 0 1 1 0
attr_502 1 1 1 1 1 1 1 1 0 1 0 1 1 1 1 0 1 1 0
attr_505 1 1 1 1 1 1 1 1 0 1 0 1 1 1 1 0 1 1 0
attr_508 1 1 1 1 1 1 1 1 0 1 0 1 1 1 1 0 1 1 0
attr_534 1 1 1 1 1 1 1 1 0 1 0 1 1 1 1 0 1 1 0
attr_541 1 1 1 1 1 1 1 1 0 1 0 1 1 1 1 0 1 1 0
attr_543 1 1 1 1 1 1 1 1 0 1 0 1 1 1 1 0 1 1 0
attr_545 1 1 1 1 1 1 1 1 0 1 0 1 1 0 0 0 0 1 0
attr_549 1 1 1 1 1 1 1 1 0 1 0 1 1 1 1 0 1 1 0
attr_550 1 1 1 1 1 1 1 1 0 1 0 1 1 1 1 0 1 1 0
attr_555 1 1 1 1 1 1 1 1 0 1 0 1 1 1 1 0 1 1 0
attr_562 1 1 1 1 1 1 1 1 0 1 0 1 1 1 1 0 1 1 0
