name,a20,apoptosis,bclxl,bid,caspase,ceramide,creb,ctla4,cytoskeletonsignaling,disc,erk,fas,fasl,fast,flip,fyn,gap,gpcr,grb2,gzmb,iap,ifng,ifngt,il2,il2ra,il2rat,il2rb,il2rbt,jak,lck,mcl1,mek,nfat,nfkb,p2,p27,pdgfr,pi3k,plcg1,proliferation,rantes,ras,s1p,sfas,smad,socs,sphk1,stat3,tbet,tcr,tnf,tpl2,tradd,zap70,il15,stimuli,cd45,stimuli2,pdgf,tax
A1,0,0,0,0,0,1,0,0,0,0,0,0,0,0,0,0,0,0,0,0,0,0,0,0,0,0,0,0,0,0,0,0,0,0,0,0,0,0,0,0,0,1,0,0,0,0,0,0,1,0,0,0,0,0,1,1,0,0,0,0
A2,0,0,0,0,0,1,0,0,0,0,0,0,0,0,0,0,0,0,0,1,0,0,1,0,0,0,0,0,0,0,0,1,0,0,0,0,0,1,0,0,0,1,0,0,0,0,0,0,1,1,0,0,0,0,1,1,0,0,0,0
A3,0,0,0,1,0,1,0,1,0,0,1,0,0,0,0,1,0,0,0,1,0,1,1,0,0,0,0,0,0,1,0,1,1,1,0,0,0,1,0,0,0,1,0,0,0,0,0,0,1,1,0,0,0,0,1,1,0,0,0,0
A4,1,0,0,1,1,1,1,1,1,0,1,0,1,1,1,1,0,0,0,1,0,1,1,0,0,0,0,1,1,1,0,1,1,1,1,0,0,1,0,0,1,1,0,0,0,0,0,0,1,0,1,0,0,0,1,1,0,0,0,0
A5,1,1,0,1,1,1,1,0,1,1,1,1,1,1,1,0,0,0,0,1,0,0,1,0,0,0,1,1,1,0,0,1,1,1,1,0,0,1,0,0,1,1,0,0,0,0,0,1,1,0,1,1,0,0,1,1,0,0,0,0
A6,1,1,0,1,1,1,0,0,1,1,1,1,1,1,0,1,0,0,1,1,0,0,1,0,0,0,1,1,1,1,0,1,1,1,1,1,0,1,1,0,1,1,0,0,0,0,0,1,1,0,1,1,0,0,1,1,0,0,0,0
A7,1,1,0,1,1,1,0,1,1,1,1,1,1,1,0,1,0,0,1,1,0,0,1,0,0,0,1,1,1,1,0,1,1,1,1,1,0,1,1,0,1,1,0,0,0,0,0,1,1,0,1,1,0,0,1,1,0,0,0,0
A8,1,1,0,1,1,1,0,0,1,1,1,1,1,1,0,1,0,0,1,1,0,0,1,0,0,0,1,1,1,1,0,1,1,1,1,1,0,1,1,0,1,1,0,0,0,0,0,1,1,1,1,1,0,0,1,1,0,0,0,0
A9,1,1,0,1,1,1,0,1,1,1,1,1,1,1,0,1,0,0,1,1,0,0,1,0,0,0,1,1,1,1,0,1,1,1,1,1,0,1,1,0,1,1,0,0,0,0,0,1,1,1,1,1,0,0,1,1,0,0,0,0
A10,1,1,0,1,1,1,0,0,0,1,1,1,1,1,0,1,0,0,1,1,0,0,1,0,0,0,1,1,1,1,0,1,1,1,1,1,0,1,0,1,1,1,0,0,0,0,0,1,1,1,1,1,0,0,1,1,0,0,0,0
A11,0,0,0,0,0,1,0,0,0,0,0,0,0,0,0,0,0,0,1,0,0,0,0,0,0,0,0,0,0,0,0,0,0,0,0,0,0,0,0,0,0,0,0,0,0,0,0,0,1,0,0,0,0,0,1,1,0,0,0,0
A12,0,0,0,1,1,1,0,1,1,0,1,0,0,0,0,1,0,0,1,1,0,1,1,0,0,0,0,0,1,1,0,1,1,1,1,0,0,1,1,0,0,1,0,0,0,0,0,0,1,0,0,0,0,0,1,1,0,0,0,0
A13,0,0,0,0,0,1,0,0,0,0,0,0,0,0,0,0,0,0,1,1,0,0,1,0,0,0,0,0,0,0,0,0,0,0,0,0,0,0,1,0,0,1,0,0,0,0,0,0,1,1,0,0,0,0,1,1,0,0,0,0
A14,0,0,0,1,0,1,0,1,0,0,0,0,0,0,0,1,0,0,1,1,0,1,1,0,0,0,0,0,0,1,0,1,0,0,0,0,0,1,1,0,0,1,0,0,0,0,0,0,1,1,0,0,0,0,1,1,0,0,0,0
A15,1,1,0,1,1,1,1,0,1,0,1,0,1,1,1,0,0,0,1,1,0,0,1,0,0,0,0,1,1,0,0,1,1,1,1,0,0,1,1,0,1,1,0,0,0,0,0,1,1,0,1,0,0,0,1,1,0,0,0,0
A16,1,1,0,1,1,1,0,1,0,1,1,1,1,1,0,1,0,0,1,1,0,0,1,0,0,0,1,1,1,1,0,1,1,1,1,1,0,1,1,0,1,1,0,0,0,0,0,1,1,1,1,1,0,0,1,1,0,0,0,0
A17,1,1,0,1,1,1,0,0,0,1,1,1,1,1,1,0,0,0,1,1,0,0,1,0,0,0,1,1,1,0,0,1,1,1,1,1,0,1,1,1,1,1,0,0,0,0,0,1,1,1,1,1,0,0,1,1,0,0,0,0
A18,0,0,0,0,0,1,0,0,0,0,0,0,0,0,0,0,0,0,0,0,0,0,0,0,0,0,1,0,0,0,0,0,0,0,0,0,0,0,0,0,0,0,0,0,0,0,0,0,1,0,0,0,0,0,1,1,0,0,0,0
A19,0,1,0,1,1,1,0,0,1,0,1,0,1,0,0,1,0,0,1,1,0,0,1,0,0,0,1,0,1,1,0,1,1,1,1,1,0,1,1,0,0,1,0,0,0,0,0,1,1,0,0,0,0,0,1,1,0,0,0,0
A20,0,0,0,1,1,1,0,1,1,0,0,0,1,0,0,1,0,0,1,1,0,1,1,0,0,0,1,0,1,1,0,1,0,0,1,1,0,1,1,1,0,1,0,0,0,0,0,1,1,0,0,0,0,0,1,1,0,0,0,0
A21,0,0,0,0,0,1,0,0,0,0,0,0,0,0,0,1,0,0,1,1,0,0,1,0,0,0,1,0,1,1,0,0,0,0,0,0,0,0,0,0,0,0,0,0,0,0,0,0,1,1,0,0,0,0,1,1,0,0,0,0
A22,0,0,0,1,0,1,0,1,1,0,0,0,0,0,0,1,0,0,1,1,0,1,1,0,0,0,1,0,1,1,0,0,0,0,0,0,0,0,1,0,0,1,0,0,0,0,0,1,1,1,0,0,0,0,1,1,0,0,0,0
A23,1,1,0,1,1,1,0,0,1,0,1,0,1,1,1,1,0,0,1,1,0,0,1,0,0,0,1,1,1,1,1,1,1,1,1,1,0,1,1,0,1,1,0,0,0,0,0,1,1,1,1,0,0,0,1,1,0,0,0,0
A24,1,1,0,1,1,1,0,0,1,1,1,1,1,1,0,1,0,0,1,1,1,0,1,0,0,0,1,1,1,1,0,1,1,1,1,1,0,1,1,0,1,1,0,0,0,0,0,1,1,0,1,1,0,0,1,1,0,0,0,0
A25,1,1,0,0,1,1,0,1,1,1,1,1,1,1,0,1,0,0,1,1,1,0,1,0,0,0,1,1,1,1,0,1,1,1,1,1,0,1,1,0,1,1,0,0,0,0,0,1,1,0,1,1,0,0,1,1,0,0,0,0
A26,1,1,0,0,1,1,0,1,1,1,1,1,1,1,1,1,0,0,1,1,0,0,1,0,0,0,1,1,1,1,1,1,1,1,1,1,0,1,1,0,1,1,0,0,0,0,0,1,1,1,1,1,0,0,1,1,0,0,0,0
A27,0,0,0,0,0,1,0,0,0,0,0,0,0,0,0,0,0,0,0,0,0,0,0,0,0,0,0,1,0,0,0,0,0,0,0,0,0,0,0,0,0,0,0,0,0,0,0,0,1,0,0,0,0,0,1,1,0,0,0,0
A28,0,0,0,1,1,1,0,1,1,0,0,0,0,0,0,1,0,0,1,1,0,1,1,0,0,0,1,1,1,1,0,0,0,0,1,0,0,0,1,0,0,1,0,0,0,0,0,1,1,0,0,0,0,0,1,1,0,0,0,0
A29,0,1,0,1,1,1,0,0,1,0,0,0,1,0,0,1,0,0,1,1,0,0,1,0,0,0,1,1,1,1,0,1,0,0,1,1,0,1,1,1,0,1,0,0,0,0,0,1,1,0,0,0,0,0,1,1,0,0,0,0
A30,0,0,0,0,0,1,0,0,0,0,0,0,0,0,0,0,0,0,0,1,0,0,1,0,0,0,1,1,0,0,0,0,0,0,0,0,0,0,0,0,0,0,0,0,0,0,0,0,1,1,0,0,0,0,1,1,0,0,0,0
A31,0,0,0,1,0,1,0,1,0,0,0,0,0,0,0,1,0,0,1,1,0,1,1,0,0,0,1,1,1,1,0,0,0,0,0,0,0,0,0,0,0,0,0,0,0,0,0,0,1,1,0,0,0,0,1,1,0,0,0,0
A32,0,1,0,1,1,1,0,0,1,0,1,0,1,0,0,1,0,0,1,1,0,0,1,0,0,0,1,1,1,1,0,1,1,1,1,1,0,1,1,0,0,1,0,0,0,0,0,1,1,1,0,0,0,0,1,1,0,0,0,0
A33,1,1,0,1,1,1,0,1,1,0,1,0,1,1,1,1,0,0,1,1,0,0,1,0,0,0,1,1,1,1,1,1,1,1,1,1,0,1,1,0,1,1,0,0,0,0,0,1,1,1,1,0,0,0,1,1,0,0,0,0
A34,1,1,0,0,1,1,0,0,1,1,1,1,1,1,0,1,0,0,1,1,1,0,1,0,0,0,1,1,1,1,0,1,1,1,1,1,0,1,1,0,1,1,0,0,0,0,0,1,1,0,1,1,0,0,1,1,0,0,0,0
A35,1,1,0,0,1,1,0,1,1,1,1,1,1,1,1,1,0,0,1,1,0,0,1,0,0,0,1,1,1,1,1,1,1,1,1,1,0,1,1,0,1,1,0,0,0,0,0,1,1,0,1,1,0,0,1,1,0,0,0,0
A36,1,1,0,1,1,1,0,0,1,1,1,1,1,1,0,1,0,0,1,1,1,0,1,0,0,0,1,1,1,1,0,1,1,1,1,1,0,1,1,0,1,1,0,0,0,0,0,1,1,1,1,1,0,0,1,1,0,0,0,0
A37,0,0,0,0,0,1,0,0,0,0,1,0,0,0,0,0,0,0,0,0,0,0,0,0,0,0,0,0,0,0,0,0,0,0,0,0,0,0,0,0,0,0,0,0,0,0,0,0,1,0,0,0,0,0,1,1,0,0,0,0
A38,0,0,0,1,1,1,1,1,1,0,1,0,1,0,0,1,0,0,1,1,0,1,1,0,0,0,1,1,1,1,0,0,0,0,1,0,0,0,0,0,0,0,0,0,0,0,0,0,1,0,0,0,0,0,1,1,0,0,0,0
A39,0,1,0,1,1,1,1,0,1,0,1,0,1,0,1,1,0,0,1,1,0,0,1,0,0,0,1,1,1,1,0,0,0,0,1,0,0,0,1,0,0,1,0,0,0,0,0,1,1,0,0,0,0,0,1,1,0,0,0,0
A40,0,0,0,0,0,1,0,0,0,0,1,0,1,0,0,0,0,0,0,1,0,0,1,0,0,0,0,1,0,0,0,0,0,0,0,0,0,0,0,0,0,0,0,0,0,0,0,0,1,1,0,0,0,0,1,1,0,0,0,0
A41,0,0,0,1,0,1,0,1,0,0,1,0,1,0,0,1,0,0,0,1,0,1,1,0,0,0,1,1,0,1,0,0,0,0,0,0,0,0,0,0,0,0,0,0,0,0,0,0,1,1,0,0,0,0,1,1,0,0,0,0
A42,0,1,0,1,1,1,0,1,1,0,1,0,1,0,0,1,0,0,1,1,0,0,1,0,0,0,1,1,1,1,0,1,1,1,1,1,0,1,1,0,0,1,0,0,0,0,0,1,1,1,0,0,0,0,1,1,0,0,0,0
A43,0,1,0,1,1,1,0,0,1,0,1,0,1,0,0,1,0,0,1,1,0,0,1,0,0,0,1,1,1,1,0,1,0,0,1,1,0,1,1,1,0,1,0,0,0,0,0,1,1,1,0,0,0,0,1,1,0,0,0,0
A44,1,1,0,1,1,1,0,1,1,0,1,0,1,1,1,1,0,0,1,1,0,0,1,0,0,0,1,1,1,1,1,1,1,1,1,1,0,1,1,0,1,1,0,0,0,0,0,1,1,0,1,0,0,0,1,1,0,0,0,0
A45,1,1,0,0,1,1,0,0,1,1,1,1,1,1,1,1,0,0,1,1,0,0,1,0,0,0,1,1,1,1,1,1,1,1,1,1,0,1,1,0,1,1,0,0,0,0,0,1,1,0,1,1,0,0,1,1,0,0,0,0
A46,1,1,0,0,1,1,0,0,1,1,1,1,1,1,0,1,0,0,1,1,1,0,1,0,0,0,1,1,1,1,0,1,1,1,1,1,0,1,1,0,1,1,0,0,0,0,0,1,1,1,1,1,0,0,1,1,0,0,0,0
A47,1,1,0,1,1,1,0,1,1,1,1,1,1,1,0,1,0,0,1,1,1,0,1,0,0,0,1,1,1,1,0,1,1,1,1,1,0,1,1,0,1,1,0,0,0,0,0,1,1,1,1,1,0,0,1,1,0,0,0,0
A48,0,0,0,0,0,1,0,0,0,0,0,0,0,0,0,0,0,0,0,0,0,0,0,0,0,0,0,0,0,0,0,1,0,0,0,0,0,1,0,0,0,0,0,0,0,0,0,0,1,0,0,0,0,0,1,1,0,0,0,0
A49,0,0,0,0,0,1,0,0,0,0,1,0,0,0,0,0,0,0,0,1,0,0,1,0,0,0,0,0,0,0,0,1,1,1,0,0,0,1,0,0,0,0,0,0,0,0,0,0,1,1,0,0,0,0,1,1,0,0,0,0
A50,1,0,0,1,0,1,0,1,0,0,1,0,1,1,1,1,0,0,0,1,1,1,1,0,0,0,0,1,0,1,0,1,1,1,0,0,0,1,0,0,1,0,0,0,0,0,0,0,1,1,1,0,0,0,1,1,0,0,0,0
A51,1,0,0,1,0,1,1,1,1,1,1,1,1,1,1,1,0,0,0,1,0,1,1,0,0,0,1,1,1,1,0,1,1,1,1,0,0,1,0,0,1,0,0,0,0,0,0,0,1,0,1,1,0,0,1,1,0,0,0,0
A52,1,0,0,1,1,1,1,0,1,1,1,1,1,1,0,1,0,0,1,1,0,0,1,0,0,0,1,1,1,1,0,1,1,1,1,0,0,1,0,0,1,0,0,0,0,0,0,1,1,0,1,1,0,0,1,1,0,0,0,0
A53,1,1,0,1,1,1,0,0,1,1,1,1,1,1,0,1,0,0,1,1,0,0,1,0,0,0,1,1,1,1,0,1,1,1,1,1,0,1,1,1,1,1,0,0,0,0,0,1,1,1,1,1,0,0,1,1,0,0,0,0