name apoptosis bid caspase ceramide disc fas fasl fast gpcr gzmb iap ifngt nfkb pdgfr pi3k s1p sphk1 tpl2 tradd
attr_3 1 1 1 0 0 0 0 0 0 1 0 1 0 0 0 0 0 0 0
attr_6 1 1 1 0 0 1 1 1 1 1 0 1 1 1 1 1 1 1 0
attr_9 1 1 1 0 0 1 1 1 1 1 0 1 1 1 1 1 1 1 0
attr_10 1 1 1 0 0 0 0 0 0 1 0 1 0 0 0 0 0 0 0
attr_14 1 1 1 0 0 1 1 1 1 1 0 1 1 1 1 1 1 1 0
attr_15 1 1 1 0 0 0 0 0 0 1 0 1 0 0 0 0 0 0 0
attr_17 1 1 1 0 0 1 1 1 1 1 0 1 1 1 1 1 1 1 0
attr_20 1 1 1 0 0 1 1 1 1 1 0 1 1 1 1 1 1 1 0
attr_21 1 1 1 0 0 1 1 1 1 1 0 1 1 1 1 1 1 1 0
attr_22 1 1 1 0 0 1 1 1 1 1 0 1 1 1 1 1 1 1 0
attr_23 1 1 1 0 0 1 1 1 1 1 0 1 1 1 1 1 1 1 0
attr_24 1 1 1 0 0 1 1 1 1 1 0 1 1 1 1 1 1 1 0
attr_27 1 1 1 0 0 1 1 1 1 1 0 1 1 1 1 1 1 1 0
attr_28 1 1 1 0 0 1 1 1 1 1 0 1 1 1 1 1 1 1 0
attr_29 1 1 1 0 0 1 1 1 1 1 0 1 1 1 1 1 1 1 0
attr_34 1 1 1 0 0 1 1 1 1 1 0 1 1 1 1 1 1 1 0
attr_35 1 1 1 0 0 1 1 1 1 1 0 1 1 1 1 1 1 1 0
attr_37 1 1 1 0 0 1 1 1 1 1 0 1 1 1 1 1 1 1 0
attr_41 1 1 1 0 0 1 1 1 1 1 0 1 1 1 1 1 1 1 0
attr_42 1 1 1 0 0 1 1 1 1 1 0 1 1 1 1 1 1 1 0
attr_43 1 1 1 0 1 1 1 1 1 1 0 1 1 1 1 1 1 1 0
attr_44 1 1 1 0 0 1 1 1 1 1 0 1 1 1 1 1 1 1 0
attr_49 1 1 1 0 0 1 1 1 1 1 0 1 1 1 1 1 1 1 0
attr_50 1 1 1 0 0 0 0 0 0 1 0 1 0 0 0 0 0 0 0
attr_55 1 1 1 0 0 1 1 1 1 1 0 1 1 1 1 1 1 1 0
attr_56 1 1 1 0 0 0 1 0 0 1 0 1 0 0 0 0 0 0 0
attr_58 1 1 1 0 0 1 1 1 1 1 0 1 1 1 1 1 1 1 0
attr_61 1 1 1 0 0 1 1 1 1 1 0 1 1 1 1 1 1 1 0
attr_63 1 1 1 0 0 1 1 1 1 1 0 1 1 1 1 1 1 1 0
attr_65 1 1 1 0 1 1 1 1 1 1 0 1 1 1 1 1 1 1 0
attr_67 1 1 1 0 1 1 1 1 1 1 0 1 1 1 1 1 1 1 0
attr_68 1 1 1 0 0 1 1 1 1 1 0 1 1 1 1 1 1 1 0
attr_69 X X X X X X 1 1 X 1 X 1 1 1 1 X 1 1 0
attr_70 1 1 1 X 1 1 1 1 X 0 0 1 1 1 1 X 1 1 0
attr_71 1 1 1 1 1 1 1 1 0 0 0 1 1 0 1 0 0 1 0
attr_72 1 1 1 X X 1 1 1 X 1 0 1 1 1 1 X 1 1 0
attr_73 X X X X X X 1 1 X 1 X 1 1 1 1 X 1 1 0
attr_74 1 1 1 X X 1 1 1 X 1 0 1 1 1 1 X 1 1 0
attr_75 1 1 1 X 1 1 1 1 X 1 0 1 1 1 1 X 1 1 0
attr_77 X X X X X X 1 1 X 1 X 1 1 1 1 X 1 1 0
attr_79 X X X X X X 1 1 X 1 X 1 1 1 1 X 1 1 0
attr_81 1 1 1 X 1 1 1 1 X 0 0 1 1 1 1 X 1 1 0
attr_82 1 1 1 X 1 1 1 1 X 1 0 1 1 1 1 X 1 1 0
attr_83 1 1 1 1 1 1 1 1 0 0 0 1 1 1 1 0 1 1 0
attr_84 1 1 1 X 1 1 1 1 X 1 0 1 1 1 1 X 1 1 0
attr_85 1 1 1 X 1 1 1 1 X 0 0 1 1 1 1 X 1 1 0
attr_86 1 1 1 X X 1 1 1 X 1 0 1 1 1 1 X 1 1 0
attr_87 1 1 1 X X 1 1 1 X 1 0 1 1 1 1 X 1 1 0
attr_88 1 1 1 X X 1 1 1 X 1 0 1 1 1 1 X 1 1 0
attr_90 1 1 1 X 1 1 1 1 X 1 0 1 1 1 1 X 1 1 0
attr_91 1 1 1 X X 1 1 1 X 1 0 1 1 1 1 X 1 1 0
attr_92 1 1 1 1 1 1 1 1 0 0 0 1 1 0 1 0 0 1 0
attr_93 1 1 1 X X 1 1 1 X 1 0 1 1 1 1 X 1 1 0
attr_94 1 1 1 X 1 1 1 1 X 1 0 1 1 1 1 X 1 1 0
attr_95 1 1 1 1 1 1 1 1 0 0 0 1 1 0 1 0 0 1 0
attr_96 1 1 1 X 1 1 1 1 X 1 0 1 1 1 1 X 1 1 0
attr_98 1 1 1 X X 1 1 1 X 1 0 1 1 1 1 X 1 1 0
attr_99 1 1 1 X 1 1 1 1 X 1 0 1 1 1 1 X 1 1 0
attr_100 1 1 1 X X 1 1 1 X 1 0 1 1 1 1 X 1 1 0
attr_101 1 1 1 X 1 1 1 1 X 0 0 1 1 1 1 X 1 1 0
attr_102 1 1 1 X 1 1 1 1 X 0 0 1 1 1 1 X 1 1 0
attr_104 1 1 1 X 1 1 1 1 X 0 0 1 1 1 1 X 1 1 0
attr_105 1 1 1 X 1 1 1 1 X 0 0 1 1 1 1 X 1 1 0
attr_106 1 1 1 X 1 1 1 1 X 0 0 1 1 1 1 X 1 1 0
attr_107 1 1 1 X 1 1 1 1 X 0 0 1 1 1 1 X 1 1 0
attr_108 1 1 1 1 1 1 1 1 0 0 0 1 1 0 1 0 0 1 0
attr_109 1 1 1 X 1 1 1 1 X 0 0 1 1 1 1 X 1 1 0
attr_110 1 1 1 1 1 1 1 1 0 0 0 1 1 1 1 0 1 1 0
attr_111 1 1 1 X 1 1 1 1 X 1 0 1 1 1 1 X 1 1 0
attr_112 1 1 1 X 1 1 1 1 X 1 0 1 1 1 1 X 1 1 0
attr_113 1 1 1 X 1 1 1 1 X 0 0 1 1 1 1 X 1 1 0
attr_114 1 1 1 X 1 1 1 1 X 0 0 1 1 1 1 X 1 1 0
attr_115 1 1 1 X 1 1 1 1 X 0 0 1 1 1 1 X 1 1 0
attr_116 1 1 1 1 1 1 1 1 0 0 0 1 1 1 1 0 1 1 0
attr_117 1 1 1 0 X 1 1 1 1 1 0 1 1 1 1 1 1 1 0
attr_118 1 1 1 X 1 1 1 1 X 0 0 1 1 1 1 X 1 1 0
attr_119 1 1 1 X 1 1 1 1 X 0 0 1 1 1 1 X 1 1 0
attr_120 1 1 1 X 1 1 1 1 X 1 0 1 1 1 1 X 1 1 0
attr_121 1 1 1 X 1 1 1 1 X 1 0 1 1 1 1 X 1 1 0
attr_122 1 1 1 X X 1 1 1 X 1 0 1 1 1 1 X 1 1 0
attr_123 1 1 1 X 1 1 1 1 X 0 0 1 1 1 1 X 1 1 0
attr_124 1 1 1 X 1 1 1 1 X 1 0 1 1 1 1 X 1 1 0
attr_125 1 1 1 0 X 1 1 1 1 1 0 1 1 1 1 1 1 1 0
attr_127 1 1 1 0 1 1 1 1 1 0 0 1 1 1 1 1 1 1 0
attr_128 1 1 1 X 1 1 1 1 X 1 0 1 1 1 1 X 1 1 0
attr_129 1 1 1 0 X 1 1 1 1 1 0 1 1 1 1 1 1 1 0
attr_130 1 1 1 0 X 1 1 1 1 1 0 1 1 1 1 1 1 1 0
attr_131 1 1 1 0 X 1 1 1 1 1 0 1 1 1 1 1 1 1 0
attr_132 1 1 1 0 X 1 1 1 1 1 0 1 1 1 1 1 1 1 0
attr_133 1 1 1 0 X 1 1 1 1 1 0 1 1 1 1 1 1 1 0
attr_134 1 1 1 X 1 1 1 1 X 1 0 1 1 1 1 X 1 1 0
attr_135 1 1 1 0 X 1 1 1 1 1 0 1 1 1 1 1 1 1 0
attr_136 1 1 1 0 X 1 1 1 1 1 0 1 1 1 1 1 1 1 0
attr_138 1 1 1 0 X 1 1 1 1 1 0 1 1 1 1 1 1 1 0
attr_140 1 1 1 0 X 1 1 1 1 1 0 1 1 1 1 1 1 1 0
attr_141 1 1 1 0 X 1 1 1 1 1 0 1 1 1 1 1 1 1 0
attr_142 1 1 1 1 1 1 1 1 0 0 0 1 1 1 1 0 1 1 0
attr_143 1 1 1 0 1 1 1 1 1 0 0 1 1 1 1 1 1 1 0
attr_144 1 1 1 0 1 1 1 1 1 0 0 1 1 1 1 1 1 1 0
attr_146 0 0 0 0 0 X 1 1 X 1 1 1 1 X 1 X X 1 0
attr_147 0 0 0 0 0 X 1 1 X 1 1 1 1 X 1 X X 1 0
attr_148 0 0 0 0 0 X 1 1 X 1 1 1 1 X 1 X X 1 0
attr_149 0 0 0 0 0 X 1 1 X 1 1 1 1 X 1 X X 1 0
attr_151 1 1 1 X X 1 1 1 X 1 0 1 1 1 1 X 1 1 0
attr_152 1 1 1 0 0 1 1 1 1 1 0 1 1 1 1 1 1 1 0
attr_153 1 1 1 0 0 1 1 1 1 1 0 1 1 1 1 1 1 1 0
attr_154 1 1 1 0 0 1 1 1 1 1 0 1 1 1 1 1 1 1 0
attr_155 1 1 1 0 0 1 1 1 1 1 0 1 1 1 1 1 1 1 0
attr_156 1 1 1 0 0 0 0 0 0 1 0 1 0 0 0 0 0 0 0
attr_157 1 1 1 X 0 X X X 0 1 0 1 X 0 X 0 0 0 0
attr_158 1 1 1 1 1 1 1 1 0 X 0 X 1 0 X 0 0 1 0
attr_159 1 1 1 X 1 1 1 1 X 1 0 1 1 1 1 X 1 1 0
attr_163 X X X X X X 1 1 X 1 X 1 1 1 1 X 1 1 0
attr_164 1 1 1 X 1 1 1 1 X 1 0 1 1 1 1 X 1 1 0
attr_165 1 1 1 0 0 1 1 1 1 1 0 1 1 1 1 1 1 1 0
attr_168 1 1 1 0 0 1 1 1 1 1 0 1 1 1 1 1 1 1 0
attr_170 1 1 1 0 0 0 X 0 0 1 0 1 0 0 0 0 0 0 0
attr_171 1 1 1 0 0 1 1 1 1 1 0 1 1 1 1 1 1 1 0
attr_172 1 1 1 1 1 1 1 1 0 0 0 X 1 0 X 0 0 1 0
attr_173 1 1 1 X X 1 1 1 X 1 0 1 1 1 1 X 1 1 0
attr_175 1 1 1 0 0 1 1 1 1 1 0 1 1 1 1 1 1 1 0
attr_177 1 1 1 X X 1 1 1 X 1 0 1 1 1 1 X 1 1 0
attr_178 1 1 1 X 1 1 1 1 X 0 0 1 1 1 1 X 1 1 0
attr_179 1 1 1 0 0 1 1 1 1 1 0 1 1 1 1 1 1 1 0
attr_182 1 1 1 1 1 1 1 1 0 0 0 X 1 0 X 0 0 1 0
attr_183 1 1 1 0 0 1 1 1 1 1 0 1 1 1 1 1 1 1 0
attr_185 1 1 1 0 0 1 1 1 1 1 0 1 1 1 1 1 1 1 0
attr_186 1 1 1 0 0 1 1 1 1 1 0 1 1 1 1 1 1 1 0
attr_187 1 1 1 X 1 1 1 1 X 1 0 1 1 1 1 X 1 1 0
attr_188 1 1 1 0 0 1 1 1 1 1 0 1 1 1 1 1 1 1 0
attr_189 1 1 1 X 0 X X X 0 1 0 1 X 0 X 0 0 0 0
attr_190 1 1 1 0 0 1 1 1 1 1 0 1 1 1 1 1 1 1 0
attr_191 1 1 1 0 0 0 X 0 0 1 0 1 0 0 0 0 0 0 0
attr_192 1 1 1 0 0 1 1 1 1 1 0 1 1 1 1 1 1 1 0
attr_193 1 1 1 0 0 1 1 1 1 1 0 1 1 1 1 1 1 1 0
attr_194 1 1 1 X X 1 1 1 X 1 0 1 1 1 1 X 1 1 0
attr_198 1 1 1 0 0 1 1 1 1 1 0 1 1 1 1 1 1 1 0
attr_199 1 1 1 0 0 1 1 1 1 1 0 1 1 1 1 1 1 1 0
attr_200 1 1 1 X 0 X X X 0 1 0 1 X 0 X 0 0 0 0
attr_201 1 1 1 X X 1 1 1 X 1 0 1 1 1 1 X 1 1 0
attr_205 1 1 1 0 0 1 1 1 1 1 0 1 1 1 1 1 1 1 0
attr_206 1 1 1 0 0 1 1 1 1 1 0 1 1 1 1 1 1 1 0
attr_208 X X X X X X 1 1 X 1 X 1 1 1 1 X 1 1 0
attr_210 1 1 1 0 0 1 1 1 1 1 0 1 1 1 1 1 1 1 0
attr_211 1 1 1 X 1 1 1 1 X 1 0 1 1 1 1 X 1 1 0
attr_212 1 1 1 0 0 0 X 0 0 1 0 1 0 0 0 0 0 0 0
attr_213 1 1 1 X X 1 1 1 X 1 0 1 1 1 1 X 1 1 0
attr_214 1 1 1 1 1 1 1 1 0 X 0 X 1 0 X 0 0 1 0
attr_215 1 1 1 X X 1 1 1 X 1 0 1 1 1 1 X 1 1 0
attr_216 1 1 1 0 0 1 1 1 1 1 0 1 1 1 1 1 1 1 0
attr_217 X X X X X X 1 1 X 1 X 1 1 1 1 X 1 1 0
attr_218 1 1 1 1 1 1 1 1 0 0 0 X 1 0 X 0 0 X 0
attr_220 1 1 1 X X 1 1 1 X 1 0 1 1 1 1 X 1 1 0
attr_221 1 1 1 0 0 1 1 1 1 1 0 1 1 1 1 1 1 1 0
attr_222 1 1 1 X X 1 1 1 X 1 0 1 1 1 1 X 1 1 0
attr_223 1 1 1 X X 1 1 1 X 1 0 1 1 1 1 X 1 1 0
attr_224 1 1 1 1 1 1 1 1 0 X 0 X 1 0 X 0 0 X 0
attr_227 1 1 1 0 0 1 1 1 1 1 0 1 1 1 1 1 1 1 0
attr_229 1 1 1 X 1 1 1 1 X 1 0 1 1 1 1 X 1 1 0
attr_230 1 1 1 X X 1 1 1 X 1 0 1 1 1 1 X 1 1 0
attr_233 1 1 1 X 0 X X X 0 1 0 1 X 0 X 0 0 0 0
attr_234 1 1 1 X 0 X X X 0 1 0 1 X 0 X 0 0 0 0
attr_235 1 1 1 0 0 1 1 1 1 1 0 1 1 1 1 1 1 1 0
attr_236 1 1 1 0 0 1 1 1 1 1 0 1 1 1 1 1 1 1 0
attr_237 1 1 1 X 1 1 1 1 X 1 0 1 1 1 1 X 1 1 0
attr_238 1 1 1 X X 1 1 1 X 1 0 1 1 1 1 X 1 1 0
attr_239 1 1 1 X X 1 1 1 X 1 0 1 1 1 1 X 1 1 0
attr_240 1 1 1 0 0 1 1 1 1 1 0 1 1 1 1 1 1 1 0
attr_242 1 1 1 X X 1 1 1 X 1 0 1 1 1 1 X 1 1 0
attr_243 1 1 1 0 0 1 1 1 1 1 0 1 1 1 1 1 1 1 0
attr_244 1 1 1 0 0 1 1 1 1 1 0 1 1 1 1 1 1 1 0
attr_246 1 1 1 X X 1 1 1 X 1 0 1 1 1 1 X 1 1 0
attr_249 1 1 1 X 1 1 1 1 X 1 0 1 1 1 1 X 1 1 0
attr_250 1 1 1 X X 1 1 1 X 1 0 1 1 1 1 X 1 1 0
attr_251 1 1 1 X 1 1 1 1 X 1 0 1 1 1 1 X 1 1 0
attr_252 1 1 1 X 1 1 1 1 X 1 0 1 1 1 1 X 1 1 0
attr_254 1 1 1 1 1 1 1 1 0 X 0 X 1 0 X 0 0 1 0
attr_255 1 1 1 0 0 0 X 0 0 1 0 1 0 0 0 0 0 0 0
attr_256 1 1 1 X 1 1 1 1 X 1 0 1 1 1 1 X 1 1 0
attr_257 1 1 1 X X 1 1 1 X 1 0 1 1 1 1 X 1 1 0
attr_258 1 1 1 X 1 1 1 1 X 0 0 1 1 1 1 X 1 1 0
attr_260 1 1 1 X X 1 1 1 X 1 0 1 1 1 1 X 1 1 0
attr_261 1 1 1 X 1 1 1 1 X 1 0 1 1 1 1 X 1 1 0
attr_262 1 1 1 1 1 1 1 1 0 0 0 X 1 0 X 0 0 1 0
attr_263 1 1 1 X X 1 1 1 X 1 0 1 1 1 1 X 1 1 0
attr_264 1 1 1 1 1 1 1 1 0 X 0 X 1 0 X 0 0 X 0
attr_265 1 1 1 X X 1 1 1 X 1 0 1 1 1 1 X 1 1 0
attr_266 1 1 1 0 0 1 1 1 1 1 0 1 1 1 1 1 1 1 0
attr_267 1 1 1 0 0 1 1 1 1 1 0 1 1 1 1 1 1 1 0
attr_268 1 1 1 X 1 1 1 1 X 1 0 1 1 1 1 X 1 1 0
attr_269 1 1 1 X X 1 1 1 X 1 0 1 1 1 1 X 1 1 0
attr_270 1 1 1 0 0 1 1 1 1 1 0 1 1 1 1 1 1 1 0
attr_271 1 1 1 X 1 1 1 1 X 0 0 1 1 1 1 X 1 1 0
attr_272 1 1 1 X 0 X X X 0 1 0 1 X 0 X 0 0 0 0
attr_273 1 1 1 X 1 1 1 1 X 1 0 1 1 1 1 X 1 1 0
attr_274 X X X X X X 1 1 X 1 X 1 1 1 1 X 1 1 0
attr_275 1 1 1 X X 1 1 1 X 1 0 1 1 1 1 X 1 1 0
attr_276 1 1 1 0 0 1 1 1 1 1 0 1 1 1 1 1 1 1 0
attr_277 1 1 1 0 0 1 1 1 1 1 0 1 1 1 1 1 1 1 0
attr_278 1 1 1 X X 1 1 1 X 1 0 1 1 1 1 X 1 1 0
attr_279 1 1 1 X 1 1 1 1 X 1 0 1 1 1 1 X 1 1 0
attr_280 1 1 1 0 0 1 1 1 1 1 0 1 1 1 1 1 1 1 0
attr_281 1 1 1 X 1 1 1 1 X 1 0 1 1 1 1 X 1 1 0
attr_282 1 1 1 X X 1 1 1 X 1 0 1 1 1 1 X 1 1 0
attr_283 1 1 1 0 0 1 1 1 1 1 0 1 1 1 1 1 1 1 0
attr_285 1 1 1 0 0 1 1 1 1 1 0 1 1 1 1 1 1 1 0
attr_286 1 1 1 X X 1 1 1 X 1 0 1 1 1 1 X 1 1 0
attr_287 1 1 1 X 1 1 1 1 X 0 0 1 1 1 1 X 1 1 0
attr_289 1 1 1 0 0 1 1 1 1 1 0 1 1 1 1 1 1 1 0
attr_290 1 1 1 0 0 1 1 1 1 1 0 1 1 1 1 1 1 1 0
attr_291 1 1 1 0 0 1 1 1 1 1 0 1 1 1 1 1 1 1 0
attr_292 1 1 1 X 1 1 1 1 X 1 0 1 1 1 1 X 1 1 0
attr_293 1 1 1 X 1 1 1 1 X 1 0 1 1 1 1 X 1 1 0
attr_295 1 1 1 X X 1 1 1 X 1 0 1 1 1 1 X 1 1 0
attr_297 1 1 1 X 1 1 1 1 X 1 0 1 1 1 1 X 1 1 0
attr_298 1 1 1 X 1 1 1 1 X 1 0 1 1 1 1 X 1 1 0
attr_299 1 1 1 0 0 1 1 1 1 1 0 1 1 1 1 1 1 1 0
attr_300 1 1 1 X X 1 1 1 X 1 0 1 1 1 1 X 1 1 0
attr_302 1 1 1 1 1 1 1 1 0 0 0 X 1 0 X 0 0 1 0
attr_303 1 1 1 1 1 1 1 1 0 0 0 X 1 0 X 0 0 X 0
attr_304 1 1 1 0 0 1 1 1 1 1 0 1 1 1 1 1 1 1 0
attr_305 1 1 1 X X 1 1 1 X 1 0 1 1 1 1 X 1 1 0
attr_306 1 1 1 0 0 1 1 1 1 1 0 1 1 1 1 1 1 1 0
attr_307 1 1 1 X X 1 1 1 X 1 0 1 1 1 1 X 1 1 0
attr_308 1 1 1 X 1 1 1 1 X 0 0 1 1 1 1 X 1 1 0
attr_309 1 1 1 X X 1 1 1 X 1 0 1 1 1 1 X 1 1 0
attr_310 1 1 1 X 1 1 1 1 X 0 0 1 1 1 1 X 1 1 0
attr_311 1 1 1 X 1 1 1 1 X 1 0 1 1 1 1 X 1 1 0
attr_312 1 1 1 0 0 1 1 1 1 1 0 1 1 1 1 1 1 1 0
attr_313 1 1 1 X X 1 1 1 X 1 0 1 1 1 1 X 1 1 0
attr_314 1 1 1 X 1 1 1 1 X 0 0 1 1 1 1 X 1 1 0
attr_315 1 1 1 X X 1 1 1 X 1 0 1 1 1 1 X 1 1 0
attr_316 1 1 1 X X 1 1 1 X 1 0 1 1 1 1 X 1 1 0
attr_317 1 1 1 X 1 1 1 1 X 1 0 1 1 1 1 X 1 1 0
attr_318 1 1 1 X 1 1 1 1 X 0 0 1 1 1 1 X 1 1 0
attr_319 1 1 1 0 0 1 1 1 1 1 0 1 1 1 1 1 1 1 0
attr_320 1 1 1 0 0 1 1 1 1 1 0 1 1 1 1 1 1 1 0
attr_321 1 1 1 X 1 1 1 1 X 1 0 1 1 1 1 X 1 1 0
attr_322 1 1 1 X 1 1 1 1 X 1 0 1 1 1 1 X 1 1 0
attr_323 1 1 1 X 1 1 1 1 X 1 0 1 1 1 1 X 1 1 0
attr_324 1 1 1 1 1 1 1 1 0 X 0 X 1 0 X 0 0 X 0
attr_326 1 1 1 X X 1 1 1 X 1 0 1 1 1 1 X 1 1 0
attr_327 1 1 1 0 0 1 1 1 1 1 0 1 1 1 1 1 1 1 0
attr_328 1 1 1 X X 1 1 1 X 1 0 1 1 1 1 X 1 1 0
attr_329 1 1 1 X 0 X X X 0 1 0 1 X 0 X 0 0 0 0
attr_330 1 1 1 X X 1 1 1 X 1 0 1 1 1 1 X 1 1 0
attr_331 1 1 1 1 1 1 1 1 0 X 0 X 1 0 X 0 0 1 0
attr_333 1 1 1 X 1 1 1 1 X 1 0 1 1 1 1 X 1 1 0
attr_334 1 1 1 X 1 1 1 1 X 0 0 1 1 1 1 X 1 1 0
attr_336 1 1 1 X 1 1 1 1 X 1 0 1 1 1 1 X 1 1 0
attr_337 X X X X X X 1 1 X 1 X 1 1 1 1 X 1 1 0
attr_338 1 1 1 X X 1 1 1 X 1 0 1 1 1 1 X 1 1 0
attr_339 1 1 1 X 1 1 1 1 X 1 0 1 1 1 1 X 1 1 0
attr_340 1 1 1 X X 1 1 1 X 1 0 1 1 1 1 X 1 1 0
attr_341 1 1 1 0 0 1 1 1 1 1 0 1 1 1 1 1 1 1 0
attr_342 1 1 1 X X 1 1 1 X 1 0 1 1 1 1 X 1 1 0
attr_343 X X X X X X 1 1 X 1 X 1 1 1 1 X 1 1 0
attr_344 1 1 1 X 1 1 1 1 X 0 0 1 1 1 1 X 1 1 0
attr_345 X X X X X X 1 1 X 1 X 1 1 1 1 X 1 1 0
attr_347 1 1 1 X 1 1 1 1 X 0 0 1 1 1 1 X 1 1 0
attr_348 1 1 1 X X 1 1 1 X 1 0 1 1 1 1 X 1 1 0
attr_349 1 1 1 X 1 1 1 1 X 1 0 1 1 1 1 X 1 1 0
attr_350 1 1 1 X X 1 1 1 X 1 0 1 1 1 1 X 1 1 0
attr_351 1 1 1 X 1 1 1 1 X 1 0 1 1 1 1 X 1 1 0
attr_352 1 1 1 X 1 1 1 1 X 1 0 1 1 1 1 X 1 1 0
attr_353 1 1 1 X 1 1 1 1 X 1 0 1 1 1 1 X 1 1 0
attr_354 1 1 1 X X 1 1 1 X 1 0 1 1 1 1 X 1 1 0
attr_355 1 1 1 0 X 1 1 1 1 1 0 1 1 1 1 1 1 1 0
attr_356 1 1 1 X X 1 1 1 X 1 0 1 1 1 1 X 1 1 0
attr_357 1 1 1 X X 1 1 1 X 1 0 1 1 1 1 X 1 1 0
attr_358 1 1 1 X X 1 1 1 X 1 0 1 1 1 1 X 1 1 0
attr_359 1 1 1 0 0 1 1 1 1 1 0 1 1 1 1 1 1 1 0
attr_360 1 1 1 X 1 1 1 1 X 1 0 1 1 1 1 X 1 1 0
attr_362 1 1 1 X 1 1 1 1 X 0 0 1 1 1 1 X 1 1 0
attr_363 1 1 1 X 1 1 1 1 X 1 0 1 1 1 1 X 1 1 0
attr_364 1 1 1 X 1 1 1 1 X 0 0 1 1 1 1 X 1 1 0
attr_365 1 1 1 X 1 1 1 1 X 1 0 1 1 1 1 X 1 1 0
attr_366 1 1 1 X 1 1 1 1 X 1 0 1 1 1 1 X 1 1 0
attr_367 1 1 1 X 1 1 1 1 X 1 0 1 1 1 1 X 1 1 0
attr_368 1 1 1 1 1 1 1 1 0 0 0 X 1 0 X 0 0 X 0
attr_369 1 1 1 X 1 1 1 1 X 1 0 1 1 1 1 X 1 1 0
attr_370 1 1 1 X X 1 1 1 X 1 0 1 1 1 1 X 1 1 0
attr_371 1 1 1 X 1 1 1 1 X 1 0 1 1 1 1 X 1 1 0
attr_372 1 1 1 X 1 1 1 1 X 0 0 1 1 1 1 X 1 1 0
attr_373 1 1 1 X 1 1 1 1 X 0 0 1 1 1 1 X 1 1 0
attr_374 1 1 1 X 1 1 1 1 X 1 0 1 1 1 1 X 1 1 0
attr_376 1 1 1 X X 1 1 1 X 1 0 1 1 1 1 X 1 1 0
attr_377 1 1 1 1 1 1 1 1 0 0 0 X 1 0 X 0 0 X 0
attr_378 1 1 1 0 0 1 1 1 1 1 0 1 1 1 1 1 1 1 0
attr_379 1 1 1 X X 1 1 1 X 1 0 1 1 1 1 X 1 1 0
attr_380 1 1 1 X 1 1 1 1 X 1 0 1 1 1 1 X 1 1 0
attr_381 1 1 1 X 1 1 1 1 X 0 0 1 1 1 1 X 1 1 0
attr_382 1 1 1 X 1 1 1 1 X 1 0 1 1 1 1 X 1 1 0
attr_383 1 1 1 0 0 1 1 1 1 1 0 1 1 1 1 1 1 1 0
attr_384 1 1 1 1 1 1 1 1 0 0 0 1 1 1 1 0 1 1 0
attr_385 1 1 1 X X 1 1 1 X 1 0 1 1 1 1 X 1 1 0
attr_386 1 1 1 1 1 1 1 1 0 0 0 1 1 1 1 0 1 1 0
attr_388 1 1 1 X 1 1 1 1 X 0 0 1 1 1 1 X 1 1 0
attr_390 1 1 1 0 0 1 1 1 1 1 0 1 1 1 1 1 1 1 0
attr_391 1 1 1 X 1 1 1 1 X 0 0 1 1 1 1 X 1 1 0
attr_392 1 1 1 X X 1 1 1 X 1 0 1 1 1 1 X 1 1 0
attr_394 1 1 1 X 1 1 1 1 X 0 0 1 1 1 1 X 1 1 0
attr_395 1 1 1 X 1 1 1 1 X 1 0 1 1 1 1 X 1 1 0
attr_396 1 1 1 X 1 1 1 1 X 0 0 1 1 1 1 X 1 1 0
attr_397 1 1 1 X X 1 1 1 X 1 0 1 1 1 1 X 1 1 0
attr_398 1 1 1 X 1 1 1 1 X 1 0 1 1 1 1 X 1 1 0
attr_400 1 1 1 X X 1 1 1 X 1 0 1 1 1 1 X 1 1 0
attr_402 1 1 1 X X 1 1 1 X 1 0 1 1 1 1 X 1 1 0
attr_403 1 1 1 X 1 1 1 1 X 0 0 1 1 1 1 X 1 1 0
attr_404 1 1 1 0 0 1 1 1 1 1 0 1 1 1 1 1 1 1 0
attr_405 1 1 1 0 0 1 1 1 1 1 0 1 1 1 1 1 1 1 0
attr_406 1 1 1 0 0 0 0 0 0 1 0 1 0 0 0 0 0 0 0
attr_407 1 1 1 0 0 1 1 1 1 1 0 1 1 1 1 1 1 1 0
attr_409 1 1 1 X X 1 1 1 X 1 0 1 1 1 1 X 1 1 0
attr_410 1 1 1 X X 1 1 1 X 1 0 1 1 1 1 X 1 1 0
attr_411 X X X X X X 1 1 X 1 X 1 1 1 1 X 1 1 0
attr_412 1 1 1 X 1 1 1 1 X 0 0 1 1 1 1 X 1 1 0
attr_413 1 1 1 0 0 1 1 1 1 1 0 1 1 1 1 1 1 1 0
attr_414 1 1 1 X 1 1 1 1 X 1 0 1 1 1 1 X 1 1 0
attr_415 1 1 1 0 0 1 1 1 1 1 0 1 1 1 1 1 1 1 0
attr_417 1 1 1 0 0 1 1 1 1 1 0 1 1 1 1 1 1 1 0
attr_421 1 1 1 X 1 1 1 1 X 1 0 1 1 1 1 X 1 1 0
attr_422 1 1 1 X 1 1 1 1 X 1 0 1 1 1 1 X 1 1 0
attr_423 1 1 1 X 1 1 1 1 X 1 0 1 1 1 1 X 1 1 0
attr_424 1 1 1 X X 1 1 1 X 1 0 1 1 1 1 X 1 1 0
attr_425 1 1 1 X 1 1 1 1 X 1 0 1 1 1 1 X 1 1 0
attr_426 1 1 1 X 1 1 1 1 X 1 0 1 1 1 1 X 1 1 0
attr_427 1 1 1 1 1 1 1 1 0 X 0 X 1 0 X 0 0 X 0
attr_428 1 1 1 X 1 1 1 1 X 1 0 1 1 1 1 X 1 1 0
attr_431 1 1 1 X 1 1 1 1 X 1 0 1 1 1 1 X 1 1 0
attr_432 1 1 1 X 1 1 1 1 X 0 0 1 1 1 1 X 1 1 0
attr_433 1 1 1 0 0 1 1 1 1 1 0 1 1 1 1 1 1 1 0
attr_434 1 1 1 0 X 1 1 1 1 1 0 1 1 1 1 1 1 1 0
attr_435 1 1 1 X 1 1 1 1 X 0 0 1 1 1 1 X 1 1 0
attr_436 1 1 1 X 1 1 1 1 X 1 0 1 1 1 1 X 1 1 0
attr_437 1 1 1 X 1 1 1 1 X 0 0 1 1 1 1 X 1 1 0
attr_438 1 1 1 X 1 1 1 1 X 1 0 1 1 1 1 X 1 1 0
attr_439 1 1 1 0 1 1 1 1 1 1 0 1 1 1 1 1 1 1 0
attr_443 1 1 1 0 0 1 1 1 1 1 0 1 1 1 1 1 1 1 0
attr_444 1 1 1 0 X 1 1 1 1 1 0 1 1 1 1 1 1 1 0
attr_445 1 1 1 0 0 1 1 1 1 1 0 1 1 1 1 1 1 1 0
attr_446 1 1 1 1 1 1 1 1 0 0 0 1 1 1 1 0 1 1 0
attr_447 1 1 1 0 X 1 1 1 1 1 0 1 1 1 1 1 1 1 0
attr_448 1 1 1 X 1 1 1 1 X 1 0 1 1 1 1 X 1 1 0
attr_449 1 1 1 0 X 1 1 1 1 1 0 1 1 1 1 1 1 1 0
attr_450 1 1 1 X 1 1 1 1 X 1 0 1 1 1 1 X 1 1 0
attr_451 1 1 1 X 1 1 1 1 X 0 0 1 1 1 1 X 1 1 0
attr_452 1 1 1 X 1 1 1 1 X 0 0 1 1 1 1 X 1 1 0
attr_453 1 1 1 0 0 1 1 1 1 1 0 1 1 1 1 1 1 1 0
attr_455 1 1 1 X 1 1 1 1 X 1 0 1 1 1 1 X 1 1 0
attr_456 1 1 1 0 X 1 1 1 1 1 0 1 1 1 1 1 1 1 0
attr_457 1 1 1 X 1 1 1 1 X 1 0 1 1 1 1 X 1 1 0
attr_458 1 1 1 X 1 1 1 1 X 1 0 1 1 1 1 X 1 1 0
attr_459 1 1 1 X 1 1 1 1 X 0 0 1 1 1 1 X 1 1 0
attr_461 1 1 1 0 0 1 1 1 1 1 0 1 1 1 1 1 1 1 0
attr_463 1 1 1 0 0 1 1 1 1 1 0 1 1 1 1 1 1 1 0
attr_464 1 1 1 0 X 1 1 1 1 1 0 1 1 1 1 1 1 1 0
attr_466 1 1 1 X X 1 1 1 X 1 0 1 1 1 1 X 1 1 0
attr_467 1 1 1 X 1 1 1 1 X 1 0 1 1 1 1 X 1 1 0
attr_468 1 1 1 0 X 1 1 1 1 1 0 1 1 1 1 1 1 1 0
attr_469 1 1 1 X 1 1 1 1 X 1 0 1 1 1 1 X 1 1 0
attr_470 1 1 1 0 0 1 1 1 1 1 0 1 1 1 1 1 1 1 0
attr_472 1 1 1 X X 1 1 1 X 1 0 1 1 1 1 X 1 1 0
attr_474 1 1 1 1 1 1 1 1 0 0 0 1 1 1 1 0 1 1 0
attr_476 1 1 1 0 X 1 1 1 1 1 0 1 1 1 1 1 1 1 0
attr_477 1 1 1 X 1 1 1 1 X 1 0 1 1 1 1 X 1 1 0
attr_478 1 1 1 0 0 1 1 1 1 1 0 1 1 1 1 1 1 1 0
attr_479 1 1 1 0 X 1 1 1 1 1 0 1 1 1 1 1 1 1 0
attr_480 1 1 1 X 1 1 1 1 X 1 0 1 1 1 1 X 1 1 0
attr_481 1 1 1 X 1 1 1 1 X 0 0 1 1 1 1 X 1 1 0
attr_483 1 1 1 X 1 1 1 1 X 1 0 1 1 1 1 X 1 1 0
attr_485 1 1 1 X 1 1 1 1 X 1 0 1 1 1 1 X 1 1 0
attr_486 1 1 1 X X 1 1 1 X 1 0 1 1 1 1 X 1 1 0
attr_487 1 1 1 X 1 1 1 1 X 1 0 1 1 1 1 X 1 1 0
attr_488 1 1 1 0 0 1 1 1 1 1 0 1 1 1 1 1 1 1 0
attr_489 1 1 1 X 1 1 1 1 X 0 0 1 1 1 1 X 1 1 0
attr_490 1 1 1 0 1 1 1 1 1 1 0 1 1 1 1 1 1 1 0
attr_491 1 1 1 1 1 1 1 1 0 0 0 1 1 1 1 0 1 1 0
attr_492 1 1 1 0 X 1 1 1 1 1 0 1 1 1 1 1 1 1 0
attr_493 1 1 1 0 X 1 1 1 1 1 0 1 1 1 1 1 1 1 0
attr_495 1 1 1 X 1 1 1 1 X 1 0 1 1 1 1 X 1 1 0
attr_496 1 1 1 0 0 1 1 1 1 1 0 1 1 1 1 1 1 1 0
attr_497 1 1 1 0 X 1 1 1 1 1 0 1 1 1 1 1 1 1 0
attr_498 1 1 1 X 1 1 1 1 X 1 0 1 1 1 1 X 1 1 0
attr_499 1 1 1 0 X 1 1 1 1 1 0 1 1 1 1 1 1 1 0
attr_501 1 1 1 0 0 1 1 1 1 1 0 1 1 1 1 1 1 1 0
attr_503 1 1 1 X X 1 1 1 X 1 0 1 1 1 1 X 1 1 0
attr_504 1 1 1 X 1 1 1 1 X 0 0 1 1 1 1 X 1 1 0
attr_506 1 1 1 0 X 1 1 1 1 1 0 1 1 1 1 1 1 1 0
attr_509 1 1 1 0 X 1 1 1 1 1 0 1 1 1 1 1 1 1 0
attr_510 1 1 1 0 X 1 1 1 1 1 0 1 1 1 1 1 1 1 0
attr_511 1 1 1 1 1 1 1 1 0 0 0 1 1 1 1 0 1 1 0
attr_512 X X X X X X X X 0 0 X X X 0 X 0 0 0 0
attr_513 1 1 1 0 1 1 1 1 1 1 0 1 1 1 1 1 1 1 0
attr_514 1 1 1 1 1 1 1 1 0 0 0 1 1 1 1 0 1 1 0
attr_515 1 1 1 0 X 1 1 1 1 1 0 1 1 1 1 1 1 1 0
attr_516 1 1 1 0 0 1 1 1 1 1 0 1 1 1 1 1 1 1 0
attr_517 1 1 1 0 0 1 1 1 1 1 0 1 1 1 1 1 1 1 0
attr_518 1 1 1 0 X 1 1 1 1 1 0 1 1 1 1 1 1 1 0
attr_519 1 1 1 0 0 1 1 1 1 1 0 1 1 1 1 1 1 1 0
attr_520 1 1 1 0 0 0 1 0 0 1 0 1 0 0 0 0 0 0 0
attr_521 1 1 1 0 1 1 1 1 1 1 0 1 1 1 1 1 1 1 0
attr_522 1 1 1 0 X 1 1 1 1 1 0 1 1 1 1 1 1 1 0
attr_523 1 1 1 0 1 1 1 1 1 1 0 1 1 1 1 1 1 1 0
attr_524 1 1 1 0 0 1 1 1 1 1 0 1 1 1 1 1 1 1 0
attr_525 1 1 1 0 X 1 1 1 1 1 0 1 1 1 1 1 1 1 0
attr_526 1 1 1 0 X 1 1 1 1 1 0 1 1 1 1 1 1 1 0
attr_527 1 1 1 1 1 1 1 1 0 0 0 1 1 1 1 0 1 1 0
attr_528 1 1 1 0 0 1 1 1 1 1 0 1 1 1 1 1 1 1 0
attr_529 1 1 1 X 1 1 1 1 X 0 0 1 1 1 1 X 1 1 0
attr_530 1 1 1 X 1 1 1 1 X 1 0 1 1 1 1 X 1 1 0
attr_531 1 1 1 0 X 1 1 1 1 1 0 1 1 1 1 1 1 1 0
attr_533 X X X X X X X X 0 0 X X X 0 X 0 0 0 0
attr_535 1 1 1 0 0 1 1 1 1 1 0 1 1 1 1 1 1 1 0
attr_536 1 1 1 0 0 1 1 1 1 1 0 1 1 1 1 1 1 1 0
attr_537 1 1 1 0 1 1 1 1 1 0 0 1 1 1 1 1 1 1 0
attr_538 1 1 1 0 0 1 1 1 1 1 0 1 1 1 1 1 1 1 0
attr_539 1 1 1 0 X 1 1 1 1 1 0 1 1 1 1 1 1 1 0
attr_540 1 1 1 0 1 1 1 1 1 0 0 1 1 1 1 1 1 1 0
attr_542 1 1 1 0 0 1 1 1 1 1 0 1 1 1 1 1 1 1 0
attr_544 1 1 1 0 X 1 1 1 1 1 0 1 1 1 1 1 1 1 0
attr_546 1 1 1 0 X 1 1 1 1 1 0 1 1 1 1 1 1 1 0
attr_547 1 1 1 0 X 1 1 1 1 1 0 1 1 1 1 1 1 1 0
attr_548 1 1 1 0 0 1 1 1 1 1 0 1 1 1 1 1 1 1 0
attr_551 1 1 1 0 X 1 1 1 1 1 0 1 1 1 1 1 1 1 0
attr_552 1 1 1 0 X 1 1 1 1 1 0 1 1 1 1 1 1 1 0
attr_553 1 1 1 0 X 1 1 1 1 1 0 1 1 1 1 1 1 1 0
attr_554 1 1 1 0 1 1 1 1 1 0 0 1 1 1 1 1 1 1 0
attr_556 1 1 1 0 X 1 1 1 1 1 0 1 1 1 1 1 1 1 0
attr_557 1 1 1 0 X 1 1 1 1 1 0 1 1 1 1 1 1 1 0
attr_558 1 1 1 0 1 1 1 1 1 1 0 1 1 1 1 1 1 1 0
attr_559 1 1 1 0 0 1 1 1 1 1 0 1 1 1 1 1 1 1 0
attr_561 1 1 1 0 X 1 1 1 1 1 0 1 1 1 1 1 1 1 0
attr_563 1 1 1 0 0 1 1 1 1 1 0 1 1 1 1 1 1 1 0
attr_564 1 1 1 0 X 1 1 1 1 1 0 1 1 1 1 1 1 1 0
attr_565 1 1 1 0 1 1 1 1 1 1 0 1 1 1 1 1 1 1 0
attr_568 1 1 1 0 X 1 1 1 1 1 0 1 1 1 1 1 1 1 0
attr_569 1 1 1 0 X 1 1 1 1 1 0 1 1 1 1 1 1 1 0
attr_570 1 1 1 0 1 1 1 1 1 1 0 1 1 1 1 1 1 1 0
attr_571 1 1 1 0 X 1 1 1 1 1 0 1 1 1 1 1 1 1 0
attr_572 1 1 1 0 1 1 1 1 1 0 0 1 1 1 1 1 1 1 0
attr_573 1 1 1 0 X 1 1 1 1 1 0 1 1 1 1 1 1 1 0
attr_574 1 1 1 0 X 1 1 1 1 1 0 1 1 1 1 1 1 1 0
attr_575 1 1 1 0 X 1 1 1 1 1 0 1 1 1 1 1 1 1 0
attr_576 1 1 1 0 X 1 1 1 1 1 0 1 1 1 1 1 1 1 0
attr_577 1 1 1 0 X 1 1 1 1 1 0 1 1 1 1 1 1 1 0
attr_578 1 1 1 0 X 1 1 1 1 1 0 1 1 1 1 1 1 1 0
attr_579 1 1 1 0 X 1 1 1 1 1 0 1 1 1 1 1 1 1 0
attr_580 1 1 1 0 0 1 1 1 1 1 0 1 1 1 1 1 1 1 0
attr_581 1 1 1 0 X 1 1 1 1 1 0 1 1 1 1 1 1 1 0
attr_582 1 1 1 0 1 1 1 1 1 0 0 1 1 1 1 1 1 1 0
attr_583 1 1 1 0 X 1 1 1 1 1 0 1 1 1 1 1 1 1 0
attr_585 1 1 1 0 X 1 1 1 1 1 0 1 1 1 1 1 1 1 0
attr_586 1 1 1 0 X 1 1 1 1 1 0 1 1 1 1 1 1 1 0
attr_587 1 1 1 0 X 1 1 1 1 1 0 1 1 1 1 1 1 1 0
attr_588 X X X X X X X X 0 X X X X 0 X 0 0 X 0
attr_589 X X X X X X X X 0 0 X X X 0 X 0 0 X 0
attr_590 X X X 0 X X 1 1 1 0 X 1 1 1 1 1 1 1 0
attr_591 X X X 0 X X 1 1 1 0 X 1 1 1 1 1 1 1 0
attr_592 X X X 0 X X 1 1 1 0 X 1 1 1 1 1 1 1 0
attr_593 X X X 0 X X 1 1 1 0 X 1 1 1 1 1 1 1 0
attr_594 X X X 0 X X 1 1 1 0 X 1 1 1 1 1 1 1 0
attr_595 X X X 0 X X 1 1 1 0 X 1 1 1 1 1 1 1 0
attr_596 X X X 0 X X 1 1 1 0 X 1 1 1 1 1 1 1 0
attr_597 X X X 0 X X 1 1 1 0 X 1 1 1 1 1 1 1 0
attr_598 X X X 0 X X 1 1 1 0 X 1 1 1 1 1 1 1 0
attr_599 X X X 0 X X 1 1 1 0 X 1 1 1 1 1 1 1 0
attr_600 X X X 0 X X 1 1 1 0 X 1 1 1 1 1 1 1 0
attr_601 X X X 0 X X 1 1 1 0 X 1 1 1 1 1 1 1 0
attr_602 X X X 0 X X 1 1 1 0 X 1 1 1 1 1 1 1 0
attr_603 X X X 0 X X 1 1 1 0 X 1 1 1 1 1 1 1 0
attr_604 X X X 0 X X 1 1 1 0 X 1 1 1 1 1 1 1 0
attr_605 X X X 0 X X 1 1 1 0 X 1 1 1 1 1 1 1 0
attr_606 X X X 0 X X 1 1 1 0 X 1 1 1 1 1 1 1 0
attr_607 X X X 0 X X 1 1 1 0 X 1 1 1 1 1 1 1 0
attr_608 X X X 0 X X 1 1 1 0 X 1 1 1 1 1 1 1 0
attr_609 X X X 0 X X 1 1 1 0 X 1 1 1 1 1 1 1 0
attr_610 X X X 0 X X 1 1 1 0 X 1 1 1 1 1 1 1 0
attr_611 X X X 0 X X 1 1 1 0 X 1 1 1 1 1 1 1 0
attr_612 X X X 0 X X 1 1 1 0 X 1 1 1 1 1 1 1 0
attr_613 X X X 0 X X 1 1 1 0 X 1 1 1 1 1 1 1 0
attr_614 X X X 0 X X 1 1 1 0 X 1 1 1 1 1 1 1 0
attr_615 X X X 0 X X 1 1 1 0 X 1 1 1 1 1 1 1 0
attr_616 X X X 0 X X 1 1 1 0 X 1 1 1 1 1 1 1 0
attr_617 X X X 0 X X 1 1 1 0 X 1 1 1 1 1 1 1 0
attr_618 X X X 0 X X 1 1 1 0 X 1 1 1 1 1 1 1 0
attr_619 X X X 0 X X 1 1 1 0 X 1 1 1 1 1 1 1 0
attr_620 X X X 0 X X 1 1 1 0 X 1 1 1 1 1 1 1 0
attr_621 X X X 0 X X 1 1 1 0 X 1 1 1 1 1 1 1 0
attr_622 X X X 0 X X 1 1 1 0 X 1 1 1 1 1 1 1 0
attr_623 X X X 0 X X 1 1 1 0 X 1 1 1 1 1 1 1 0
attr_624 X X X 0 X X 1 1 1 0 X 1 1 1 1 1 1 1 0
attr_625 X X X 0 X X 1 1 1 0 X 1 1 1 1 1 1 1 0
attr_626 X X X 0 X X 1 1 1 0 X 1 1 1 1 1 1 1 0
attr_627 X X X 0 X X 1 1 1 0 X 1 1 1 1 1 1 1 0
attr_628 X X X 0 X X 1 1 1 0 X 1 1 1 1 1 1 1 0
attr_629 X X X 0 X X 1 1 1 0 X 1 1 1 1 1 1 1 0
attr_630 X X X 0 X X 1 1 1 0 X 1 1 1 1 1 1 1 0
attr_631 X X X 0 X X 1 1 1 0 X 1 1 1 1 1 1 1 0
attr_632 X X X 0 X X 1 1 1 0 X 1 1 1 1 1 1 1 0
attr_633 X X X 0 X X 1 1 1 0 X 1 1 1 1 1 1 1 0
attr_634 X X X 0 X X 1 1 1 0 X 1 1 1 1 1 1 1 0
attr_635 X X X 0 X X 1 1 1 0 X 1 1 1 1 1 1 1 0
attr_636 X X X 0 X X 1 1 1 0 X 1 1 1 1 1 1 1 0
attr_637 X X X 0 X X 1 1 1 0 X 1 1 1 1 1 1 1 0
attr_638 X X X 0 X X 1 1 1 0 X 1 1 1 1 1 1 1 0
attr_639 X X X 0 X X 1 1 1 0 X 1 1 1 1 1 1 1 0
attr_640 X X X 0 X X 1 1 1 0 X 1 1 1 1 1 1 1 0
attr_641 X X X 0 X X 1 1 1 0 X 1 1 1 1 1 1 1 0
attr_642 X X X 0 X X 1 1 1 0 X 1 1 1 1 1 1 1 0
attr_643 X X X 0 X X 1 1 1 0 X 1 1 1 1 1 1 1 0
attr_644 X X X 0 X X 1 1 1 0 X 1 1 1 1 1 1 1 0
attr_645 X X X 0 X X 1 1 1 0 X 1 1 1 1 1 1 1 0
attr_646 X X X 0 X X 1 1 1 0 X 1 1 1 1 1 1 1 0
attr_647 X X X 0 X X 1 1 1 0 X 1 1 1 1 1 1 1 0
attr_648 X X X 0 X X 1 1 1 0 X 1 1 1 1 1 1 1 0
attr_649 X X X 0 X X 1 1 1 0 X 1 1 1 1 1 1 1 0
attr_650 X X X 0 X X 1 1 1 0 X 1 1 1 1 1 1 1 0
attr_651 X X X 0 X X 1 1 1 0 X 1 1 1 1 1 1 1 0
attr_652 X X X 0 X X 1 1 1 0 X 1 1 1 1 1 1 1 0
attr_653 X X X 0 X X 1 1 1 0 X 1 1 1 1 1 1 1 0
attr_654 X X X 0 X X 1 1 1 0 X 1 1 1 1 1 1 1 0
attr_655 X X X 0 X X 1 1 1 0 X 1 1 1 1 1 1 1 0
attr_656 X X X 0 X X 1 1 1 0 X 1 1 1 1 1 1 1 0
attr_657 X X X 0 X X 1 1 1 0 X 1 1 1 1 1 1 1 0
attr_658 X X X 0 X X 1 1 1 0 X 1 1 1 1 1 1 1 0
attr_659 X X X 0 X X 1 1 1 0 X 1 1 1 1 1 1 1 0
attr_660 X X X 0 X X 1 1 1 0 X 1 1 1 1 1 1 1 0
attr_661 X X X 0 X X 1 1 1 0 X 1 1 1 1 1 1 1 0
attr_662 X X X 0 X X 1 1 1 0 X 1 1 1 1 1 1 1 0
attr_663 X X X 0 X X 1 1 1 0 X 1 1 1 1 1 1 1 0
attr_664 X X X 0 X X 1 1 1 0 X 1 1 1 1 1 1 1 0
attr_665 X X X 0 X X 1 1 1 0 X 1 1 1 1 1 1 1 0
attr_666 X X X 0 X X 1 1 1 0 X 1 1 1 1 1 1 1 0
attr_667 X X X 0 X X 1 1 1 0 X 1 1 1 1 1 1 1 0
attr_668 X X X 0 X X 1 1 1 0 X 1 1 1 1 1 1 1 0
attr_669 X X X 0 X X 1 1 1 0 X 1 1 1 1 1 1 1 0
attr_670 X X X 0 X X 1 1 1 0 X 1 1 1 1 1 1 1 0
attr_671 X X X 0 X X 1 1 1 0 X 1 1 1 1 1 1 1 0
attr_672 X X X 0 X X 1 1 1 0 X 1 1 1 1 1 1 1 0
attr_673 X X X 0 X X 1 1 1 0 X 1 1 1 1 1 1 1 0
attr_674 X X X 0 X X 1 1 1 0 X 1 1 1 1 1 1 1 0
attr_675 X X X 0 X X 1 1 1 0 X 1 1 1 1 1 1 1 0
attr_676 X X X 0 X X 1 1 1 0 X 1 1 1 1 1 1 1 0
attr_677 X X X 0 X X 1 1 1 0 X 1 1 1 1 1 1 1 0
attr_678 X X X 0 X X 1 1 1 0 X 1 1 1 1 1 1 1 0
attr_679 X X X 0 X X 1 1 1 0 X 1 1 1 1 1 1 1 0
attr_680 X X X 0 X X 1 1 1 0 X 1 1 1 1 1 1 1 0
attr_681 X X X 0 X X 1 1 1 0 X 1 1 1 1 1 1 1 0
attr_682 X X X 0 X X 1 1 1 0 X 1 1 1 1 1 1 1 0
attr_683 X X X 0 X X 1 1 1 0 X 1 1 1 1 1 1 1 0
attr_684 X X X 0 X X 1 1 1 0 X 1 1 1 1 1 1 1 0
attr_685 X X X 0 X X 1 1 1 0 X 1 1 1 1 1 1 1 0
attr_686 X X X 0 X X 1 1 1 0 X 1 1 1 1 1 1 1 0
attr_687 X X X 0 X X 1 1 1 0 X 1 1 1 1 1 1 1 0
attr_688 X X X 0 X X 1 1 1 0 X 1 1 1 1 1 1 1 0
attr_689 X X X 0 X X 1 1 1 0 X 1 1 1 1 1 1 1 0
attr_690 X X X 0 X X 1 1 1 0 X 1 1 1 1 1 1 1 0
attr_691 X X X 0 X X 1 1 1 0 X 1 1 1 1 1 1 1 0
attr_692 X X X 0 X X 1 1 1 0 X 1 1 1 1 1 1 1 0
attr_693 0 0 0 0 0 X 1 1 X 1 1 1 1 X 1 X X 1 0
attr_694 0 0 0 0 0 X 1 1 X 1 1 1 1 X 1 X X 1 0
attr_695 0 0 0 0 0 X 1 1 X 1 1 1 1 X 1 X X 1 0
attr_696 0 0 0 0 0 X 1 1 X 1 1 1 1 X 1 X X 1 0
attr_697 X X X 0 X X 1 1 1 0 X 1 1 1 1 1 1 1 0
attr_698 X X X 0 X X 1 1 1 0 X 1 1 1 1 1 1 1 0
attr_699 X X X 0 X X 1 1 1 0 X 1 1 1 1 1 1 1 0
attr_700 X X X 0 X X 1 1 1 0 X 1 1 1 1 1 1 1 0
attr_701 X X X 0 X X 1 1 1 0 X 1 1 1 1 1 1 1 0
attr_702 X X X 0 X X 1 1 1 0 X 1 1 1 1 1 1 1 0
attr_703 X X X 0 X X 1 1 1 0 X 1 1 1 1 1 1 1 0
attr_704 X X X 0 X X 1 1 1 0 X 1 1 1 1 1 1 1 0
attr_705 X X X 0 X X 1 1 1 0 X 1 1 1 1 1 1 1 0
attr_706 X X X 0 X X 1 1 1 0 X 1 1 1 1 1 1 1 0
attr_707 X X X 0 X X 1 1 1 0 X 1 1 1 1 1 1 1 0
attr_708 X X X 0 X X 1 1 1 0 X 1 1 1 1 1 1 1 0
attr_709 X X X 0 X X 1 1 1 0 X 1 1 1 1 1 1 1 0
attr_710 X X X 0 X X 1 1 1 0 X 1 1 1 1 1 1 1 0
attr_711 X X X 0 X X 1 1 1 0 X 1 1 1 1 1 1 1 0
attr_712 X X X 0 X X 1 1 1 0 X 1 1 1 1 1 1 1 0
attr_713 X X X 0 X X 1 1 1 0 X 1 1 1 1 1 1 1 0
attr_714 X X X 0 X X 1 1 1 0 X 1 1 1 1 1 1 1 0
attr_715 X X X 0 X X 1 1 1 0 X 1 1 1 1 1 1 1 0
attr_716 X X X 0 X X 1 1 1 0 X 1 1 1 1 1 1 1 0
attr_717 X X X 0 X X 1 1 1 0 X 1 1 1 1 1 1 1 0
attr_718 X X X 0 X X 1 1 1 0 X 1 1 1 1 1 1 1 0
attr_719 X X X 0 X X 1 1 1 0 X 1 1 1 1 1 1 1 0
attr_720 X X X 0 X X 1 1 1 0 X 1 1 1 1 1 1 1 0
attr_721 X X X 0 X X 1 1 1 0 X 1 1 1 1 1 1 1 0
attr_722 X X X 0 X X 1 1 1 0 X 1 1 1 1 1 1 1 0
attr_723 X X X 0 X X 1 1 1 0 X 1 1 1 1 1 1 1 0
attr_724 X X X 0 X X 1 1 1 0 X 1 1 1 1 1 1 1 0
attr_725 X X X 0 X X 1 1 1 0 X 1 1 1 1 1 1 1 0
attr_726 X X X 0 X X 1 1 1 0 X 1 1 1 1 1 1 1 0
attr_727 X X X 0 X X 1 1 1 0 X 1 1 1 1 1 1 1 0
attr_728 X X X 0 X X 1 1 1 0 X 1 1 1 1 1 1 1 0
attr_729 X X X 0 X X 1 1 1 0 X 1 1 1 1 1 1 1 0
attr_730 X X X 0 X X 1 1 1 0 X 1 1 1 1 1 1 1 0
attr_731 X X X 0 X X 1 1 1 0 X 1 1 1 1 1 1 1 0
attr_732 X X X 0 X X 1 1 1 0 X 1 1 1 1 1 1 1 0
attr_733 X X X 0 X X 1 1 1 0 X 1 1 1 1 1 1 1 0
attr_734 X X X 0 X X 1 1 1 0 X 1 1 1 1 1 1 1 0
attr_735 X X X 0 X X 1 1 1 0 X 1 1 1 1 1 1 1 0
attr_736 X X X 0 X X 1 1 1 0 X 1 1 1 1 1 1 1 0
attr_737 X X X 0 X X 1 1 1 0 X 1 1 1 1 1 1 1 0
attr_738 X X X 0 X X 1 1 1 0 X 1 1 1 1 1 1 1 0
attr_739 X X X 0 X X 1 1 1 0 X 1 1 1 1 1 1 1 0
attr_740 X X X 0 X X 1 1 1 0 X 1 1 1 1 1 1 1 0
attr_741 X X X 0 X X 1 1 1 0 X 1 1 1 1 1 1 1 0
attr_742 X X X 0 X X 1 1 1 0 X 1 1 1 1 1 1 1 0
attr_743 X X X 0 X X 1 1 1 0 X 1 1 1 1 1 1 1 0
attr_744 X X X 0 X X 1 1 1 0 X 1 1 1 1 1 1 1 0
attr_745 X X X 0 X X 1 1 1 0 X 1 1 1 1 1 1 1 0
attr_746 X X X 0 X X 1 1 1 0 X 1 1 1 1 1 1 1 0
attr_747 X X X 0 X X 1 1 1 0 X 1 1 1 1 1 1 1 0
attr_748 X X X 0 X X 1 1 1 0 X 1 1 1 1 1 1 1 0
attr_749 X X X 0 X X 1 1 1 0 X 1 1 1 1 1 1 1 0
attr_750 X X X 0 X X 1 1 1 0 X 1 1 1 1 1 1 1 0
attr_751 X X X 0 X X 1 1 1 0 X 1 1 1 1 1 1 1 0
attr_752 X X X 0 X X 1 1 1 0 X 1 1 1 1 1 1 1 0
attr_753 X X X 0 X X 1 1 1 0 X 1 1 1 1 1 1 1 0
attr_754 X X X 0 X X 1 1 1 0 X 1 1 1 1 1 1 1 0
attr_755 X X X 0 X X 1 1 1 0 X 1 1 1 1 1 1 1 0
attr_756 X X X 0 X X 1 1 1 0 X 1 1 1 1 1 1 1 0
attr_757 X X X 0 X X 1 1 1 0 X 1 1 1 1 1 1 1 0
attr_758 X X X 0 X X 1 1 1 0 X 1 1 1 1 1 1 1 0
attr_759 X X X 0 X X 1 1 1 0 X 1 1 1 1 1 1 1 0
attr_760 X X X 0 X X 1 1 1 0 X 1 1 1 1 1 1 1 0
attr_761 X X X 0 X X 1 1 1 0 X 1 1 1 1 1 1 1 0
attr_762 X X X 0 X X 1 1 1 0 X 1 1 1 1 1 1 1 0
attr_763 X X X 0 X X 1 1 1 0 X 1 1 1 1 1 1 1 0
attr_764 X X X 0 X X 1 1 1 0 X 1 1 1 1 1 1 1 0
attr_765 X X X 0 X X 1 1 1 0 X 1 1 1 1 1 1 1 0
attr_766 X X X 0 X X 1 1 1 0 X 1 1 1 1 1 1 1 0
attr_767 X X X 0 X X 1 1 1 0 X 1 1 1 1 1 1 1 0
attr_768 X X X 0 X X 1 1 1 0 X 1 1 1 1 1 1 1 0
attr_769 X X X 0 X X 1 1 1 0 X 1 1 1 1 1 1 1 0
attr_770 X X X 0 X X 1 1 1 0 X 1 1 1 1 1 1 1 0
attr_771 X X X 0 X X 1 1 1 0 X 1 1 1 1 1 1 1 0
attr_772 X X X 0 X X 1 1 1 0 X 1 1 1 1 1 1 1 0
attr_773 X X X 0 X X 1 1 1 0 X 1 1 1 1 1 1 1 0
attr_774 X X X 0 X X 1 1 1 0 X 1 1 1 1 1 1 1 0
attr_775 X X X 0 X X 1 1 1 0 X 1 1 1 1 1 1 1 0
attr_776 X X X 0 X X 1 1 1 0 X 1 1 1 1 1 1 1 0
attr_777 X X X 0 X X 1 1 1 0 X 1 1 1 1 1 1 1 0
attr_778 X X X 0 X X 1 1 1 0 X 1 1 1 1 1 1 1 0
attr_779 X X X 0 X X 1 1 1 0 X 1 1 1 1 1 1 1 0
attr_780 X X X 0 X X 1 1 1 0 X 1 1 1 1 1 1 1 0
attr_781 X X X 0 X X 1 1 1 0 X 1 1 1 1 1 1 1 0
attr_782 X X X 0 X X 1 1 1 0 X 1 1 1 1 1 1 1 0
attr_783 X X X 0 X X 1 1 1 0 X 1 1 1 1 1 1 1 0
attr_784 X X X 0 X X 1 1 1 0 X 1 1 1 1 1 1 1 0
attr_785 X X X 0 X X 1 1 1 0 X 1 1 1 1 1 1 1 0
attr_786 X X X 0 X X 1 1 1 0 X 1 1 1 1 1 1 1 0
attr_787 X X X 0 X X 1 1 1 0 X 1 1 1 1 1 1 1 0
attr_788 X X X 0 X X 1 1 1 0 X 1 1 1 1 1 1 1 0
attr_789 X X X 0 X X 1 1 1 0 X 1 1 1 1 1 1 1 0
attr_790 X X X 0 X X 1 1 1 0 X 1 1 1 1 1 1 1 0
attr_791 X X X 0 X X 1 1 1 0 X 1 1 1 1 1 1 1 0
attr_792 X X X 0 X X 1 1 1 0 X 1 1 1 1 1 1 1 0
attr_793 X X X 0 X X 1 1 1 0 X 1 1 1 1 1 1 1 0
attr_794 X X X 0 X X 1 1 1 0 X 1 1 1 1 1 1 1 0
attr_795 X X X 0 X X 1 1 1 0 X 1 1 1 1 1 1 1 0
attr_796 X X X 0 X X 1 1 1 0 X 1 1 1 1 1 1 1 0
attr_797 X X X 0 X X 1 1 1 0 X 1 1 1 1 1 1 1 0
attr_798 X X X 0 X X 1 1 1 0 X 1 1 1 1 1 1 1 0
attr_799 X X X 0 X X 1 1 1 0 X 1 1 1 1 1 1 1 0
attr_800 X X X 0 X X 1 1 1 0 X 1 1 1 1 1 1 1 0
attr_801 X X X 0 X X 1 1 1 0 X 1 1 1 1 1 1 1 0
attr_802 X X X 0 X X 1 1 1 0 X 1 1 1 1 1 1 1 0
attr_803 X X X 0 X X 1 1 1 0 X 1 1 1 1 1 1 1 0
attr_804 X X X 0 X X 1 1 1 0 X 1 1 1 1 1 1 1 0
attr_805 X X X 0 X X 1 1 1 0 X 1 1 1 1 1 1 1 0
attr_806 X X X 0 X X 1 1 1 0 X 1 1 1 1 1 1 1 0
attr_807 X X X 0 X X 1 1 1 0 X 1 1 1 1 1 1 1 0
attr_808 X X X 0 X X 1 1 1 0 X 1 1 1 1 1 1 1 0
attr_809 X X X 0 X X 1 1 1 0 X 1 1 1 1 1 1 1 0
attr_810 X X X 0 X X 1 1 1 0 X 1 1 1 1 1 1 1 0
attr_811 X X X 0 X X 1 1 1 0 X 1 1 1 1 1 1 1 0
attr_812 X X X 0 X X 1 1 1 0 X 1 1 1 1 1 1 1 0
attr_813 X X X 0 X X 1 1 1 0 X 1 1 1 1 1 1 1 0
attr_814 X X X 0 X X 1 1 1 0 X 1 1 1 1 1 1 1 0
attr_815 X X X 0 X X 1 1 1 0 X 1 1 1 1 1 1 1 0
attr_816 X X X 0 X X 1 1 1 0 X 1 1 1 1 1 1 1 0
attr_817 X X X 0 X X 1 1 1 0 X 1 1 1 1 1 1 1 0
attr_818 X X X 0 X X 1 1 1 0 X 1 1 1 1 1 1 1 0
attr_819 X X X 0 X X 1 1 1 0 X 1 1 1 1 1 1 1 0
attr_820 X X X 0 X X 1 1 1 0 X 1 1 1 1 1 1 1 0
attr_821 X X X 0 X X 1 1 1 0 X 1 1 1 1 1 1 1 0
attr_822 X X X 0 X X 1 1 1 0 X 1 1 1 1 1 1 1 0
attr_823 X X X 0 X X 1 1 1 0 X 1 1 1 1 1 1 1 0
attr_824 X X X 0 X X 1 1 1 0 X 1 1 1 1 1 1 1 0
attr_825 X X X 0 X X 1 1 1 0 X 1 1 1 1 1 1 1 0
attr_826 X X X 0 X X 1 1 1 0 X 1 1 1 1 1 1 1 0
attr_827 X X X 0 X X 1 1 1 0 X 1 1 1 1 1 1 1 0
attr_828 X X X 0 X X 1 1 1 0 X 1 1 1 1 1 1 1 0
attr_829 X X X 0 X X 1 1 1 0 X 1 1 1 1 1 1 1 0
attr_830 X X X 0 X X 1 1 1 0 X 1 1 1 1 1 1 1 0
attr_831 X X X 0 X X 1 1 1 0 X 1 1 1 1 1 1 1 0
attr_832 X X X 0 X X 1 1 1 0 X 1 1 1 1 1 1 1 0
attr_833 X X X 0 X X 1 1 1 0 X 1 1 1 1 1 1 1 0
attr_834 X X X 0 X X 1 1 1 0 X 1 1 1 1 1 1 1 0
attr_835 X X X 0 X X 1 1 1 0 X 1 1 1 1 1 1 1 0
attr_836 X X X 0 X X 1 1 1 0 X 1 1 1 1 1 1 1 0
attr_837 X X X 0 X X 1 1 1 0 X 1 1 1 1 1 1 1 0
attr_838 X X X 0 X X 1 1 1 0 X 1 1 1 1 1 1 1 0
attr_839 X X X 0 X X 1 1 1 0 X 1 1 1 1 1 1 1 0
attr_840 X X X 0 X X 1 1 1 0 X 1 1 1 1 1 1 1 0
attr_841 X X X 0 X X 1 1 1 0 X 1 1 1 1 1 1 1 0
attr_842 X X X 0 X X 1 1 1 0 X 1 1 1 1 1 1 1 0
attr_843 X X X 0 X X 1 1 1 0 X 1 1 1 1 1 1 1 0
attr_844 X X X 0 X X 1 1 1 0 X 1 1 1 1 1 1 1 0
attr_845 X X X 0 X X 1 1 1 0 X 1 1 1 1 1 1 1 0
attr_846 X X X 0 X X 1 1 1 0 X 1 1 1 1 1 1 1 0
attr_847 X X X 0 X X 1 1 1 0 X 1 1 1 1 1 1 1 0
attr_848 X X X 0 X X 1 1 1 0 X 1 1 1 1 1 1 1 0
attr_849 X X X 0 X X 1 1 1 0 X 1 1 1 1 1 1 1 0
attr_850 X X X 0 X X 1 1 1 0 X 1 1 1 1 1 1 1 0
attr_851 X X X 0 X X 1 1 1 0 X 1 1 1 1 1 1 1 0
attr_852 X X X 0 X X 1 1 1 0 X 1 1 1 1 1 1 1 0
attr_853 X X X 0 X X 1 1 1 0 X 1 1 1 1 1 1 1 0
attr_854 X X X 0 X X 1 1 1 0 X 1 1 1 1 1 1 1 0
attr_855 X X X 0 X X 1 1 1 0 X 1 1 1 1 1 1 1 0
attr_856 X X X 0 X X 1 1 1 0 X 1 1 1 1 1 1 1 0
attr_857 X X X 0 X X 1 1 1 0 X 1 1 1 1 1 1 1 0
attr_858 X X X 0 X X 1 1 1 0 X 1 1 1 1 1 1 1 0
attr_859 X X X 0 X X 1 1 1 0 X 1 1 1 1 1 1 1 0
attr_860 X X X 0 X X 1 1 1 0 X 1 1 1 1 1 1 1 0
attr_861 X X X 0 X X 1 1 1 0 X 1 1 1 1 1 1 1 0
attr_862 X X X 0 X X 1 1 1 0 X 1 1 1 1 1 1 1 0
attr_863 X X X 0 X X 1 1 1 0 X 1 1 1 1 1 1 1 0
attr_864 X X X 0 X X 1 1 1 0 X 1 1 1 1 1 1 1 0
attr_865 X X X 0 X X 1 1 1 0 X 1 1 1 1 1 1 1 0
attr_866 X X X 0 X X 1 1 1 0 X 1 1 1 1 1 1 1 0
attr_867 X X X 0 X X 1 1 1 0 X 1 1 1 1 1 1 1 0
attr_868 X X X 0 X X 1 1 1 0 X 1 1 1 1 1 1 1 0
attr_869 X X X 0 X X 1 1 1 0 X 1 1 1 1 1 1 1 0
attr_870 X X X 0 X X 1 1 1 0 X 1 1 1 1 1 1 1 0
attr_871 X X X 0 X X 1 1 1 0 X 1 1 1 1 1 1 1 0
attr_872 X X X 0 X X 1 1 1 0 X 1 1 1 1 1 1 1 0
attr_873 X X X 0 X X 1 1 1 0 X 1 1 1 1 1 1 1 0
attr_874 X X X 0 X X 1 1 1 0 X 1 1 1 1 1 1 1 0
attr_875 X X X 0 X X 1 1 1 0 X 1 1 1 1 1 1 1 0
attr_876 X X X 0 X X 1 1 1 0 X 1 1 1 1 1 1 1 0
attr_877 X X X 0 X X 1 1 1 0 X 1 1 1 1 1 1 1 0
