0.000000000000000000e+00 0.000000000000000000e+00 0.000000000000000000e+00 0.000000000000000000e+00 6.893325113390343616e-03 8.265678676671698102e-03 7.935738519624065471e-03 6.071157502689507844e-03 6.857365392179278450e-03 6.010990259816690641e-03 6.242576052661691528e-03 6.054391551488966586e-03 6.149443239344297950e-03 6.135403638239912520e-03 6.154846854257892130e-03 6.149124250168057880e-03 6.153332243279196340e-03 6.152671873603925493e-03
0.000000000000000000e+00 0.000000000000000000e+00 0.000000000000000000e+00 0.000000000000000000e+00 1.524171530603324505e-02 5.977300487239256381e-03 3.211736051463157278e-03 -5.957018255943512600e-03 -7.158257560606036754e-03 -8.928170233975157855e-03 -9.374298695069661208e-03 -1.002123220516875149e-02 -1.021015677182543144e-02 -1.036837077298587324e-02 -1.042778750983181825e-02 -1.049699359668193957e-02 -1.052898718769870387e-02 -1.055620269616083795e-02
0.000000000000000000e+00 0.000000000000000000e+00 0.000000000000000000e+00 -2.395004499957978372e-02 9.294302006368795194e-03 -4.330743991365424285e-04 1.318013068800840890e-02 1.181200526427375955e-02 1.481902542615395543e-02 1.409471676333134103e-02 1.493536481180499260e-02 1.507917382601301794e-02 1.530537037940842178e-02 1.530952789613038156e-02 1.539147591662952223e-02 1.542089919707596499e-02 1.545542385234038689e-02 1.546443338737202300e-02
0.000000000000000000e+00 0.000000000000000000e+00 0.000000000000000000e+00 5.732547029657799817e-03 3.102126655952215650e-02 -1.448041261571922020e-02 -1.454055592281298416e-02 -2.453101161157076812e-02 -2.304125400743123678e-02 -2.519570939108340193e-02 -2.534235760451799060e-02 -2.599933392737545715e-02 -2.612222751305269194e-02 -2.633177696403588008e-02 -2.637589224942763280e-02 -2.646264317502836777e-02 -2.649710624668818668e-02 -2.653176728535353024e-02
0.000000000000000000e+00 0.000000000000000000e+00 0.000000000000000000e+00 2.395004499957978372e-02 9.392421572703407023e-03 5.046756314157566613e-03 -9.360551120954930041e-03 -1.124811658352089377e-02 -1.402926603562604062e-02 -1.473028928033768940e-02 -1.574684721804409798e-02 -1.604371353407891762e-02 -1.629232285207714639e-02 -1.638568724660991252e-02 -1.649443412063459485e-02 -1.654470719877339929e-02 -1.658747224452232147e-02 -1.660843055550273797e-02
0.000000000000000000e+00 0.000000000000000000e+00 0.000000000000000000e+00 0.000000000000000000e+00 0.000000000000000000e+00 0.000000000000000000e+00 0.000000000000000000e+00 0.000000000000000000e+00 0.000000000000000000e+00 0.000000000000000000e+00 0.000000000000000000e+00 0.000000000000000000e+00 0.000000000000000000e+00 0.000000000000000000e+00 0.000000000000000000e+00 0.000000000000000000e+00 0.000000000000000000e+00 0.000000000000000000e+00
0.000000000000000000e+00 0.000000000000000000e+00 0.000000000000000000e+00 0.000000000000000000e+00 0.000000000000000000e+00 0.000000000000000000e+00 0.000000000000000000e+00 0.000000000000000000e+00 0.000000000000000000e+00 0.000000000000000000e+00 0.000000000000000000e+00 0.000000000000000000e+00 0.000000000000000000e+00 0.000000000000000000e+00 0.000000000000000000e+00 0.000000000000000000e+00 0.000000000000000000e+00 0.000000000000000000e+00
0.000000000000000000e+00 0.000000000000000000e+00 1.262278204369975398e-01 1.262278204369975294e-02 5.001924390683130418e-03 6.715866558235913464e-04 3.890368285149976499e-03 2.989279133766134522e-03 -1.281286403496349150e-03 -1.371943283564080454e-03 -6.815743896643873491e-04 -4.268302659063429017e-04 -4.968061301695895441e-04 -5.841623037631769877e-04 -6.270320999307961917e-04 -6.504625145974220549e-04 -6.452995237405484375e-04 -6.363171503128099010e-04
0.000000000000000000e+00 0.000000000000000000e+00 2.338268590217984222e-01 2.338268590217983459e-02 -5.393944062056914290e-02 1.565047324990494204e-02 4.121944028393859788e-02 1.820736995330830485e-02 9.752195418045705652e-03 1.736185249978204614e-02 2.015781904495362806e-02 1.764144915429920191e-02 1.671687581886823967e-02 1.754899182075610881e-02 1.785473076247062404e-02 1.757956571492756345e-02 1.747846362069818346e-02 1.756945550550461851e-02
0.000000000000000000e+00 0.000000000000000000e+00 0.000000000000000000e+00 1.522788342162293695e-01 1.522788342162293383e-02 -1.956707351361410344e-02 1.174838772809923444e-02 2.551937194344239615e-02 1.578111384732757555e-02 1.112204900909198949e-02 1.435467920331695395e-02 1.535305891146353414e-02 1.417028086601472558e-02 1.378903971751879558e-02 1.418993574527419900e-02 1.432442158097970569e-02 1.418666160867175507e-02 1.413648124453046120e-02
0.000000000000000000e+00 0.000000000000000000e+00 0.000000000000000000e+00 -2.540285884338873423e-02 -3.842297569782400501e-02 -2.680240260717157291e-02 -1.790309810713067856e-02 -1.566781620412431575e-02 -1.717282415644361820e-02 -1.736441434613469198e-02 -1.815569576330973087e-02 -1.847539892417738097e-02 -1.860577239108783185e-02 -1.865839607809820222e-02 -1.870101629632747037e-02 -1.873352484678145885e-02 -1.874571135329078722e-02 -1.875185069869402324e-02
0.000000000000000000e+00 0.000000000000000000e+00 0.000000000000000000e+00 0.000000000000000000e+00 5.052216848670524479e-02 4.254154737279082499e-02 3.909543912019130402e-02 2.876284101941914070e-02 2.817261447142978964e-02 2.955737842495827911e-02 3.039666456494934110e-02 3.025928383428122190e-02 2.999105773046724724e-02 2.986529136843714752e-02 2.983105405087118495e-02 2.984883550433124755e-02 2.986990697132957395e-02 2.987353416614607626e-02
0.000000000000000000e+00 0.000000000000000000e+00 0.000000000000000000e+00 -8.591347391416555290e-02 -8.591347391416555290e-02 -7.298947099760923207e-02 -6.554118445595494280e-02 -7.107287488557055555e-02 -7.299493183727770451e-02 -7.604721492770197266e-02 -7.722343875275630709e-02 -7.727689080378752351e-02 -7.737618069695971490e-02 -7.748834552427667777e-02 -7.762572445800683396e-02 -7.767628201292529899e-02 -7.770173314213063565e-02 -7.771320325858518951e-02
0.000000000000000000e+00 0.000000000000000000e+00 0.000000000000000000e+00 0.000000000000000000e+00 2.089239209977680756e-02 2.858246747599704068e-02 2.335285253865874641e-02 2.206841594968866893e-02 1.994522725240437111e-02 1.903028297533231050e-02 1.945946939818254950e-02 1.967832516833832937e-02 1.968728690218258040e-02 1.955769037925670153e-02 1.952716529966125325e-02 1.951819533259658429e-02 1.952793535359051078e-02 1.953184896540556895e-02
0.000000000000000000e+00 0.000000000000000000e+00 0.000000000000000000e+00 0.000000000000000000e+00 6.893325113390343616e-03 8.265678676671698102e-03 7.935738519624065471e-03 6.071157502689507844e-03 6.857365392179278450e-03 6.010990259816690641e-03 6.242576052661691528e-03 6.054391551488966586e-03 6.149443239344297950e-03 6.135403638239912520e-03 6.154846854257892130e-03 6.149124250168057880e-03 6.153332243279196340e-03 6.152671873603925493e-03
0.000000000000000000e+00 0.000000000000000000e+00 8.925654780539885036e-02 4.909110129296934827e-02 1.671574510333501823e-02 1.718450534739692686e-03 1.910394985146729322e-03 2.581299448207351123e-04 -4.736874690303382565e-04 -1.827892618137809183e-03 -1.569446473833979163e-03 -1.303748006783624416e-03 -1.117017715156418123e-03 -1.109052626084957877e-03 -1.112925716965897311e-03 -1.127511244585338839e-03 -1.126517307748863776e-03 -1.121585705543919325e-03
0.000000000000000000e+00 0.000000000000000000e+00 2.392831029010619170e-01 2.392831029010618685e-02 -3.074668970989381453e-02 1.846081029010619018e-02 4.009982433962187842e-02 2.479762803582723565e-02 1.747661394448459665e-02 2.255620223649539360e-02 2.412500459611648801e-02 2.226644820372665826e-02 2.166738553401817077e-02 2.229733286685504912e-02 2.250865696996817017e-02 2.229218805753478347e-02 2.221333722249763457e-02 2.227642563579812496e-02
0.000000000000000000e+00 -2.012461179749810702e-01 -7.740026107360845065e-02 1.578192139168417552e-02 3.804121600173054202e-02 4.173193868371364440e-02 3.663194911086917888e-02 3.461858530257673483e-02 3.475250612012314999e-02 3.527425221214856160e-02 3.546071692435387446e-02 3.533578554792369403e-02 3.522889484337703159e-02 3.517350298986607338e-02 3.517239977002721563e-02 3.518236607074393119e-02 3.518775794847728289e-02 3.518589829267056851e-02
0.000000000000000000e+00 0.000000000000000000e+00 2.863782463805517597e-01 2.863782463805517597e-01 2.863782463805517597e-01 2.863782463805517597e-01 2.863782463805517597e-01 2.863782463805517597e-01 2.863782463805517597e-01 2.863782463805517597e-01 2.863782463805517597e-01 2.863782463805517597e-01 2.863782463805517597e-01 2.863782463805517597e-01 2.863782463805517597e-01 2.863782463805517597e-01 2.863782463805517597e-01 2.863782463805517597e-01
0.000000000000000000e+00 0.000000000000000000e+00 7.394254526319743448e-02 7.394254526319741540e-03 7.394254526319751948e-03 7.394254526319743274e-03 1.095327859813494641e-02 1.192307327427074605e-02 1.058077043292810458e-02 1.027951859993890202e-02 9.871274055498447178e-03 9.792059876764007409e-03 9.846769282243024099e-03 9.888321747411148860e-03 9.883455771565135758e-03 9.861557930194971358e-03 9.854197071579575903e-03 9.852944506100488539e-03
0.000000000000000000e+00 0.000000000000000000e+00 1.030645838047674623e-01 5.668552109262209315e-02 2.673983242967801696e-02 -5.840714496282710562e-03 -7.926929733462585032e-03 -7.141300293823089722e-03 -6.941609409876803999e-03 -8.442129987663870433e-03 -8.511140859085665825e-03 -8.332136264715250124e-03 -8.253683237006292570e-03 -8.300201661654033752e-03 -8.334449140941006112e-03 -8.354449130363672885e-03 -8.361370502818385800e-03 -8.360854322525600874e-03
0.000000000000000000e+00 0.000000000000000000e+00 0.000000000000000000e+00 0.000000000000000000e+00 2.768044660226494456e-03 -5.553223693470244263e-03 1.093185784697032516e-02 9.635498027897674775e-03 1.386215876827956092e-02 1.271630927717236001e-02 1.367166261625052046e-02 1.359247807354790373e-02 1.390107828120725267e-02 1.393630477069672004e-02 1.402704658520948638e-02 1.403920908391157428e-02 1.407405890974103985e-02 1.408625449894589446e-02
0.000000000000000000e+00 4.435193518440699867e-01 4.435193518440699173e-02 1.757497084278733177e-02 -6.286412407823362136e-02 -4.125154070117388605e-02 -3.996873862537104333e-02 -4.163464960822284983e-02 -4.119120621858182729e-02 -4.055321976155860236e-02 -4.074165389627770750e-02 -4.081016626041149287e-02 -4.077082615630694962e-02 -4.075909159077376054e-02 -4.079721748926622149e-02 -4.080203234625545683e-02 -4.079767465003721061e-02 -4.079394774212533742e-02
0.000000000000000000e+00 0.000000000000000000e+00 0.000000000000000000e+00 0.000000000000000000e+00 3.816246529122688941e-02 2.000511169579722096e-02 1.103369179799540412e-02 1.096577829231205545e-02 1.207788816263727534e-02 1.165266285055708249e-02 1.141515327605380388e-02 1.149386368374843981e-02 1.149132279897342040e-02 1.140030175833339592e-02 1.138668115687547014e-02 1.139450971102890821e-02 1.140079897978150091e-02 1.139698439318966201e-02
1.000000000000000000e+00 9.999999999999997780e-02 9.999999999999997780e-02 9.999999999999997780e-02 9.999999999999997780e-02 9.999999999999997780e-02 9.999999999999997780e-02 9.999999999999997780e-02 9.999999999999997780e-02 9.999999999999997780e-02 9.999999999999997780e-02 9.999999999999997780e-02 9.999999999999997780e-02 9.999999999999997780e-02 9.999999999999997780e-02 9.999999999999997780e-02 9.999999999999997780e-02 9.999999999999997780e-02
0.000000000000000000e+00 0.000000000000000000e+00 0.000000000000000000e+00 0.000000000000000000e+00 5.288457229614057682e-03 9.455071861294031543e-03 1.107714197823184664e-02 1.129002450450623460e-02 1.105640323110981468e-02 1.032464887646867245e-02 1.055337369370812871e-02 1.058090640103439943e-02 1.062488961720792734e-02 1.059091727729812894e-02 1.059729141565140739e-02 1.059322328885694935e-02 1.059591315353068143e-02 1.059642503546256651e-02
0.000000000000000000e+00 0.000000000000000000e+00 0.000000000000000000e+00 0.000000000000000000e+00 0.000000000000000000e+00 1.357406764119077971e-02 9.356449240384682618e-04 4.852049421841376706e-03 3.569468228141815021e-03 4.900604189186036873e-03 3.818260618304808798e-03 4.154488684625349919e-03 4.015728485757733175e-03 4.112229010050441613e-03 4.052849855002740344e-03 4.080403288689619760e-03 4.071899490899323279e-03 4.077267478393598044e-03
0.000000000000000000e+00 0.000000000000000000e+00 0.000000000000000000e+00 0.000000000000000000e+00 2.412445640564269897e-02 7.825283519917567918e-03 5.812608206391207434e-03 6.033133694667654548e-03 7.776284728119622382e-03 6.911145968532950504e-03 6.706434850308034754e-03 6.666733483583356726e-03 6.737706458474109796e-03 6.704507733970295306e-03 6.713137740785414011e-03 6.717793001512509417e-03 6.721093931894698593e-03 6.717671990040445171e-03
0.000000000000000000e+00 2.598076211353316234e-01 2.598076211353315956e-02 2.598076211353315956e-02 2.598076211353315956e-02 3.848589801831397983e-02 4.189340917308559398e-02 3.717703774157628260e-02 3.611854669541346430e-02 3.468412158122495537e-02 3.440579132813550989e-02 3.459802058452149387e-02 3.474402106488381353e-02 3.472692376853629692e-02 3.464998259679097359e-02 3.462411917594750838e-02 3.461971810946704725e-02 3.462542717407916110e-02
0.000000000000000000e+00 0.000000000000000000e+00 0.000000000000000000e+00 0.000000000000000000e+00 2.206729631977061637e-02 2.705022229118865182e-02 1.736047636232235236e-02 1.524294736234314482e-02 1.257069548446250982e-02 1.231162581167063834e-02 1.259512133306048623e-02 1.286569300330873966e-02 1.281616514802426561e-02 1.268093213151207446e-02 1.262874875704802884e-02 1.262181650805731595e-02 1.263178693474218198e-02 1.263659770727849387e-02
0.000000000000000000e+00 0.000000000000000000e+00 2.110278299809773828e-01 2.110278299809773689e-02 -6.558093943436087148e-03 3.692058844037057492e-03 1.675964775211923052e-02 1.329637972106482643e-02 1.125673245495550055e-02 1.150842416302366895e-02 1.162038316564615974e-02 1.126702787806624015e-02 1.130973184708721109e-02 1.137999575751784224e-02 1.139749438413672870e-02 1.136010722686181008e-02 1.135865338392782857e-02 1.136181053880088061e-02
0.000000000000000000e+00 0.000000000000000000e+00 1.691987046846993303e-01 1.691987046846992956e-02 -2.174119279290456785e-02 1.305376414233248156e-02 2.835485771493600343e-02 1.753457094147509165e-02 1.235783223232443488e-02 1.594964355924106264e-02 1.705895434607059696e-02 1.574475651779413954e-02 1.532115524168755315e-02 1.576659527252689125e-02 1.591602397886634351e-02 1.576295734296861636e-02 1.570720138281162664e-02 1.575181162767070459e-02
0.000000000000000000e+00 0.000000000000000000e+00 4.676537180435968999e-02 4.676537180435968825e-03 4.496408713241095700e-02 3.294187842032477581e-02 3.013770426008306746e-02 2.731413026011956721e-02 2.724351067710182456e-02 2.693168000905302520e-02 2.679232088829347491e-02 2.681504089671782678e-02 2.692401133199552252e-02 2.692501176132264945e-02 2.693917513205071335e-02 2.693924102155271713e-02 2.694750538655902444e-02 2.694665700387615867e-02
0.000000000000000000e+00 0.000000000000000000e+00 0.000000000000000000e+00 3.842167357104581821e-02 2.889419165403062095e-02 2.478013416501212429e-02 1.244479833641939058e-02 1.174016987672389309e-02 1.339333863868582761e-02 1.439530119370859181e-02 1.423129235172700645e-02 1.391107675481019490e-02 1.376093346108567435e-02 1.372006002287318865e-02 1.374128800423965804e-02 1.376644369299193787e-02 1.377077393653194058e-02 1.376409925571114683e-02
0.000000000000000000e+00 0.000000000000000000e+00 0.000000000000000000e+00 0.000000000000000000e+00 3.686962966045592704e-02 3.415806077031074278e-02 3.298717948219529600e-02 2.947648135926627874e-02 2.927594058395303206e-02 2.974644066195266875e-02 3.003160420431930447e-02 2.998492646958314523e-02 2.989379151301206280e-02 2.985105998249084833e-02 2.983942719804101931e-02 2.984546878745312701e-02 2.985262822198420096e-02 2.985386063090107039e-02
0.000000000000000000e+00 0.000000000000000000e+00 0.000000000000000000e+00 2.540285884338873423e-02 3.046017200906818781e-02 2.924429678218159329e-02 2.237305719952466590e-02 2.527034228469663552e-02 2.215133256699209144e-02 2.300475832437413534e-02 2.231127234465177592e-02 2.266155099388079269e-02 2.260981311713689337e-02 2.268146406408074953e-02 2.266037547453660095e-02 2.267588251261442797e-02 2.267344895879687058e-02 2.268240818994489774e-02
0.000000000000000000e+00 0.000000000000000000e+00 1.030645838047674623e-01 4.817480451157601928e-02 2.178460758980531320e-02 -6.604126411467227571e-03 -1.201250279420250193e-02 -1.370157090083174573e-02 -1.470929688071027051e-02 -1.497651211661363106e-02 -1.492643860814332063e-02 -1.495182856227328903e-02 -1.497707826182291882e-02 -1.497721377974909999e-02 -1.497453670560152002e-02 -1.498241274394697398e-02 -1.498642545687413688e-02 -1.498688718465464656e-02
0.000000000000000000e+00 0.000000000000000000e+00 0.000000000000000000e+00 0.000000000000000000e+00 3.489145908616327063e-02 3.489145908616326196e-03 -1.084318909649224566e-03 6.104470681048966866e-04 2.771049505149576504e-03 2.198430837645651975e-03 1.861194421282590453e-03 1.902809268647407803e-03 1.921320632573589229e-03 1.862896672280837723e-03 1.869957370332115234e-03 1.881574844464532596e-03 1.884468077147596074e-03 1.878286463715266551e-03
0.000000000000000000e+00 0.000000000000000000e+00 0.000000000000000000e+00 0.000000000000000000e+00 0.000000000000000000e+00 0.000000000000000000e+00 0.000000000000000000e+00 0.000000000000000000e+00 0.000000000000000000e+00 0.000000000000000000e+00 0.000000000000000000e+00 0.000000000000000000e+00 0.000000000000000000e+00 0.000000000000000000e+00 0.000000000000000000e+00 0.000000000000000000e+00 0.000000000000000000e+00 0.000000000000000000e+00
0.000000000000000000e+00 0.000000000000000000e+00 2.024999999999999856e-01 2.024999999999999856e-01 2.024999999999999856e-01 2.024999999999999856e-01 2.024999999999999856e-01 2.024999999999999856e-01 2.024999999999999856e-01 2.024999999999999856e-01 2.024999999999999856e-01 2.024999999999999856e-01 2.024999999999999856e-01 2.024999999999999856e-01 2.024999999999999856e-01 2.024999999999999856e-01 2.024999999999999856e-01 2.024999999999999856e-01
0.000000000000000000e+00 0.000000000000000000e+00 0.000000000000000000e+00 9.160333136224659001e-02 8.486638429109293058e-02 8.195730634241665813e-02 7.323490672980534355e-02 7.273665916773763840e-02 7.390562600976667562e-02 7.461412052691827890e-02 7.449814876257855600e-02 7.427172214255696459e-02 7.416555480141467926e-02 7.413665291608421970e-02 7.415166336565935656e-02 7.416945112376151228e-02 7.417251306833283486e-02 7.416779335626219605e-02
0.000000000000000000e+00 0.000000000000000000e+00 0.000000000000000000e+00 9.770925080406296648e-02 6.776251997246801606e-02 6.776251997246802994e-02 6.776251997246801606e-02 6.936408080478485838e-02 6.980048840904597152e-02 6.919645213044177401e-02 6.906088880559663190e-02 6.887717876059844258e-02 6.884153238016793575e-02 6.886615161263348606e-02 6.888485022195914298e-02 6.888266053282844636e-02 6.887280650421187533e-02 6.886949411783495345e-02
0.000000000000000000e+00 0.000000000000000000e+00 0.000000000000000000e+00 0.000000000000000000e+00 2.467198732531902111e-02 -1.973758986025522105e-02 -2.987208113260481600e-03 1.121707589996011464e-03 1.570941760823715621e-03 -2.089597532165409399e-04 -8.300962154648458644e-05 1.610324604092543946e-04 1.476384446777345336e-04 9.454590630586315878e-05 1.367193544339321176e-04 1.404407484484519004e-04 1.350932576328340142e-04 1.288809548513895789e-04
0.000000000000000000e+00 0.000000000000000000e+00 0.000000000000000000e+00 0.000000000000000000e+00 6.893325113390343616e-03 8.265678676671698102e-03 7.935738519624065471e-03 6.071157502689507844e-03 6.857365392179278450e-03 6.010990259816690641e-03 6.242576052661691528e-03 6.054391551488966586e-03 6.149443239344297950e-03 6.135403638239912520e-03 6.154846854257892130e-03 6.149124250168057880e-03 6.153332243279196340e-03 6.152671873603925493e-03
0.000000000000000000e+00 0.000000000000000000e+00 7.394254526319743448e-02 5.560689776490404523e-02 4.768939043574930287e-02 2.395002556514113506e-02 2.259396746219491381e-02 2.577549222797692260e-02 2.770377006417798146e-02 2.738813490061949366e-02 2.677187969702403414e-02 2.648292879352780529e-02 2.640426782501219261e-02 2.644512109419980272e-02 2.649353323977573366e-02 2.650186679735399078e-02 2.648902136812518807e-02 2.647921541012644361e-02
0.000000000000000000e+00 6.363961030678927377e-01 6.363961030678927377e-01 6.363961030678927377e-01 6.363961030678927377e-01 6.363961030678927377e-01 6.363961030678927377e-01 6.363961030678927377e-01 6.363961030678927377e-01 6.363961030678927377e-01 6.363961030678927377e-01 6.363961030678927377e-01 6.363961030678927377e-01 6.363961030678927377e-01 6.363961030678927377e-01 6.363961030678927377e-01 6.363961030678927377e-01 6.363961030678927377e-01
0.000000000000000000e+00 0.000000000000000000e+00 1.653405576378645381e-01 1.653405576378645381e-01 1.653405576378645381e-01 1.594887275805167148e-01 1.647143648000646832e-01 1.660524121872613001e-01 1.702572623729442236e-01 1.711173069921084477e-01 1.717830680549702616e-01 1.720843589412192343e-01 1.723640601034505671e-01 1.724907436942813566e-01 1.725687422204936206e-01 1.726054490274101794e-01 1.726396927837684503e-01 1.726575795392490953e-01
0.000000000000000000e+00 0.000000000000000000e+00 0.000000000000000000e+00 2.577404217424966171e-01 2.577404217424966171e-01 2.577404217424966171e-01 2.577404217424966171e-01 2.577404217424966171e-01 2.577404217424966171e-01 2.577404217424966171e-01 2.577404217424966171e-01 2.577404217424966171e-01 2.577404217424966171e-01 2.577404217424966171e-01 2.577404217424966171e-01 2.577404217424966171e-01 2.577404217424966171e-01 2.577404217424966171e-01
0.000000000000000000e+00 -2.598076211353316234e-01 -2.598076211353315956e-02 3.732758688076007192e-02 -1.964992721410383641e-02 -2.898682267788867811e-02 -2.673008371056319332e-02 -2.312837528499825726e-02 -2.420916499249111536e-02 -2.477517686506857872e-02 -2.455595565035142286e-02 -2.456728861192102389e-02 -2.467870251456969616e-02 -2.467452945603866576e-02 -2.464677824780213411e-02 -2.464278051573763617e-02 -2.465319769867844318e-02 -2.465416213049334906e-02
1.000000000000000000e+00 1.000000000000000000e+00 1.000000000000000000e+00 1.000000000000000000e+00 1.000000000000000000e+00 1.000000000000000000e+00 1.000000000000000000e+00 1.000000000000000000e+00 1.000000000000000000e+00 1.000000000000000000e+00 1.000000000000000000e+00 1.000000000000000000e+00 1.000000000000000000e+00 1.000000000000000000e+00 1.000000000000000000e+00 1.000000000000000000e+00 1.000000000000000000e+00 1.000000000000000000e+00
0.000000000000000000e+00 0.000000000000000000e+00 0.000000000000000000e+00 1.096532770014179009e-01 1.096532770014178870e-02 -3.407685573252311646e-03 1.918450050721860669e-03 8.708568427088411376e-03 6.909001570083833990e-03 5.849169761757740636e-03 5.979952609623098714e-03 6.038128213895165713e-03 5.854519420531706549e-03 5.876709053740457323e-03 5.913219252581754064e-03 5.922311805691729894e-03 5.902884868906511581e-03 5.902129429958147960e-03
1.000000000000000000e+00 9.999999999999997780e-02 9.999999999999997780e-02 9.999999999999997780e-02 9.999999999999997780e-02 9.999999999999997780e-02 9.999999999999997780e-02 9.999999999999997780e-02 9.999999999999997780e-02 9.999999999999997780e-02 9.999999999999997780e-02 9.999999999999997780e-02 9.999999999999997780e-02 9.999999999999997780e-02 9.999999999999997780e-02 9.999999999999997780e-02 9.999999999999997780e-02 9.999999999999997780e-02
0.000000000000000000e+00 0.000000000000000000e+00 0.000000000000000000e+00 0.000000000000000000e+00 0.000000000000000000e+00 0.000000000000000000e+00 0.000000000000000000e+00 0.000000000000000000e+00 0.000000000000000000e+00 0.000000000000000000e+00 0.000000000000000000e+00 0.000000000000000000e+00 0.000000000000000000e+00 0.000000000000000000e+00 0.000000000000000000e+00 0.000000000000000000e+00 0.000000000000000000e+00 0.000000000000000000e+00
0.000000000000000000e+00 0.000000000000000000e+00 0.000000000000000000e+00 0.000000000000000000e+00 0.000000000000000000e+00 0.000000000000000000e+00 0.000000000000000000e+00 0.000000000000000000e+00 0.000000000000000000e+00 0.000000000000000000e+00 0.000000000000000000e+00 0.000000000000000000e+00 0.000000000000000000e+00 0.000000000000000000e+00 0.000000000000000000e+00 0.000000000000000000e+00 0.000000000000000000e+00 0.000000000000000000e+00
0.000000000000000000e+00 0.000000000000000000e+00 0.000000000000000000e+00 7.753657574702947641e-02 2.982095389447356887e-02 6.077594690488171379e-03 3.086262812789086676e-03 7.036253584387502924e-03 6.887954738341727987e-03 6.096333888248008787e-03 5.963512083174753349e-03 5.966846699028182169e-03 5.837964724465068839e-03 5.816974711572680048e-03 5.836817458358767828e-03 5.848894209060153185e-03 5.838594393827179971e-03 5.835128839018661161e-03
0.000000000000000000e+00 4.499999999999999001e-01 4.499999999999997752e-02 -1.038065018740780832e-01 3.011934981259218116e-02 7.932684981259216506e-02 3.504009981259217227e-02 1.876810883266174027e-02 3.341290071459913219e-02 3.879374083959913344e-02 3.395098472709912746e-02 3.217164251344373921e-02 3.377305050573359280e-02 3.436144537340234811e-02 3.383188999250047457e-02 3.363731892143725227e-02 3.381243288539414332e-02 3.387677386417372455e-02
0.000000000000000000e+00 0.000000000000000000e+00 0.000000000000000000e+00 0.000000000000000000e+00 6.893325113390343616e-03 8.265678676671698102e-03 7.935738519624065471e-03 6.071157502689507844e-03 6.857365392179278450e-03 6.010990259816690641e-03 6.242576052661691528e-03 6.054391551488966586e-03 6.149443239344297950e-03 6.135403638239912520e-03 6.154846854257892130e-03 6.149124250168057880e-03 6.153332243279196340e-03 6.152671873603925493e-03
0.000000000000000000e+00 0.000000000000000000e+00 0.000000000000000000e+00 0.000000000000000000e+00 2.128669060938603863e-02 2.225393495457239981e-02 2.208216122419929747e-02 1.993403096331965163e-02 1.913315788137363860e-02 1.969367245221052831e-02 1.954733361936863631e-02 1.960547427027577519e-02 1.948371407776086986e-02 1.949396723727693514e-02 1.948209256720871696e-02 1.949272457421254157e-02 1.949475545666329301e-02 1.949701310367771626e-02
0.000000000000000000e+00 0.000000000000000000e+00 0.000000000000000000e+00 0.000000000000000000e+00 0.000000000000000000e+00 -1.879520823074819430e-03 4.079987502781974454e-04 -4.487311531777915009e-03 -3.814629680543804406e-03 -5.202282281480643394e-03 -4.729716095484370539e-03 -5.051567551441195521e-03 -4.999172054267964765e-03 -5.106218202213574052e-03 -5.114649437165868368e-03 -5.144831079190988719e-03 -5.147608895494065750e-03 -5.158704265208307639e-03
0.000000000000000000e+00 0.000000000000000000e+00 0.000000000000000000e+00 2.498001805406602278e-17 3.122502256758252847e-18 -7.806255641895631925e-18 0.000000000000000000e+00 3.122502256758252847e-18 6.245004513516505694e-18 1.561251128379126423e-18 1.561251128379126423e-18 3.122502256758252847e-18 0.000000000000000000e+00 1.561251128379126423e-18 3.122502256758252847e-18 3.122502256758252847e-18 1.561251128379126423e-18 1.561251128379126423e-18
