0.000000000000000000e+00 0.000000000000000000e+00 0.000000000000000000e+00 0.000000000000000000e+00 1.947785283953577286e-03 -2.026835840636434429e-03 -5.790359460838100450e-03 -5.652296999898523584e-03 -5.154066773927548466e-03 -6.334913007504340207e-03 -6.377426646807013606e-03 -6.624694635742267405e-03 -6.610658263905075903e-03 -6.704956688825256146e-03 -6.707082685598135183e-03 -6.728726837634193755e-03 -6.733578673773958113e-03 -6.742823753108471638e-03 -6.744953333418284014e-03
0.000000000000000000e+00 0.000000000000000000e+00 0.000000000000000000e+00 7.081538956566622856e-02 9.106454753122267265e-02 9.961724557506491939e-02 1.066996801171005427e-01 1.111016611036041574e-01 1.177863859053048523e-01 1.203383907172374118e-01 1.223888125084574702e-01 1.231777956676844976e-01 1.238884404321186627e-01 1.241980154148502741e-01 1.244225731254563344e-01 1.245386671809649570e-01 1.246274908464511944e-01 1.246731314366695126e-01 1.247040756562463326e-01
0.000000000000000000e+00 0.000000000000000000e+00 -1.112756492761103749e-01 -1.430941313000271831e-01 -1.285902551507532854e-01 -1.491867776112316135e-01 -1.548349157334489856e-01 -1.623020480218829720e-01 -1.631937807093420956e-01 -1.663357859874226852e-01 -1.665439854483910798e-01 -1.671741179566761104e-01 -1.673569012069377193e-01 -1.676499627418068794e-01 -1.677456224207917179e-01 -1.678357643936443377e-01 -1.678724714219055891e-01 -1.679064255890883040e-01 -1.679204562045786275e-01
0.000000000000000000e+00 0.000000000000000000e+00 6.037383539249433634e-02 1.352733269295608720e-01 1.705029774098236750e-01 1.479368117968895557e-01 1.739487556863054674e-01 1.859207509845189621e-01 1.931207927249475043e-01 1.935400770332731113e-01 1.965084994386560313e-01 1.972126221779690047e-01 1.978203796033118356e-01 1.980619496398940138e-01 1.983841667129342679e-01 1.985089234511622502e-01 1.985992612804590163e-01 1.986405868887763382e-01 1.986782739355485716e-01
0.000000000000000000e+00 0.000000000000000000e+00 1.112756492761103749e-01 1.430941313000271831e-01 1.565333997094533469e-01 1.676623719138605195e-01 1.745794177054404150e-01 1.850834493446592288e-01 1.890935380294108126e-01 1.923154650357760953e-01 1.935552324627347609e-01 1.946719029781706078e-01 1.951583531327822085e-01 1.955112115326428368e-01 1.956936357413219252e-01 1.958332086662000759e-01 1.959049259347350191e-01 1.959535500847378875e-01 1.959802547786337057e-01
0.000000000000000000e+00 0.000000000000000000e+00 0.000000000000000000e+00 0.000000000000000000e+00 0.000000000000000000e+00 0.000000000000000000e+00 0.000000000000000000e+00 0.000000000000000000e+00 0.000000000000000000e+00 0.000000000000000000e+00 0.000000000000000000e+00 0.000000000000000000e+00 0.000000000000000000e+00 0.000000000000000000e+00 0.000000000000000000e+00 0.000000000000000000e+00 0.000000000000000000e+00 0.000000000000000000e+00 0.000000000000000000e+00
1.000000000000000000e+00 1.000000000000000000e+00 1.000000000000000000e+00 1.000000000000000000e+00 1.000000000000000000e+00 1.000000000000000000e+00 1.000000000000000000e+00 1.000000000000000000e+00 1.000000000000000000e+00 1.000000000000000000e+00 1.000000000000000000e+00 1.000000000000000000e+00 1.000000000000000000e+00 1.000000000000000000e+00 1.000000000000000000e+00 1.000000000000000000e+00 1.000000000000000000e+00 1.000000000000000000e+00 1.000000000000000000e+00
0.000000000000000000e+00 0.000000000000000000e+00 1.262278204369975398e-01 2.896873994459783427e-02 2.134788229158121955e-02 5.053820679704443264e-02 6.005118897922508830e-02 5.414423645072936192e-02 5.061338703828689028e-02 5.119484487294293645e-02 5.120056945728780617e-02 5.108532071394594753e-02 5.103391524219531850e-02 5.105248435979604926e-02 5.105995590543196266e-02 5.103523388473486799e-02 5.102782090250108232e-02 5.103132914327167258e-02 5.103071030891322135e-02
0.000000000000000000e+00 0.000000000000000000e+00 2.338268590217984222e-01 2.338268590217983459e-02 -5.393944062056914290e-02 1.565047324990494204e-02 4.121944028393859788e-02 1.820736995330830485e-02 9.752195418045705652e-03 1.736185249978204614e-02 2.015781904495362806e-02 1.764144915429920191e-02 1.671687581886823967e-02 1.754899182075610881e-02 1.785473076247062404e-02 1.757956571492756345e-02 1.747846362069818346e-02 1.756945550550461851e-02 1.760288805878110208e-02
0.000000000000000000e+00 0.000000000000000000e+00 0.000000000000000000e+00 2.463923295290695870e-01 1.021827408452714026e-01 6.738778391003437396e-02 9.870324515174769275e-02 1.111155772415508142e-01 9.999826946537108963e-02 9.604671844005825687e-02 9.956676390145130506e-02 1.008263618575013648e-01 9.962913401993457596e-02 9.920962011344665321e-02 9.958669025019176169e-02 9.972372142538102335e-02 9.959516479774351005e-02 9.954947144260148373e-02 9.959033252755526699e-02
0.000000000000000000e+00 2.846049894151541082e-01 2.539898671014066966e-01 2.468120082580179953e-01 2.702830135459145522e-01 2.842162762364582318e-01 2.877154025937680992e-01 2.841564785173241181e-01 2.850508550865967217e-01 2.861854508558712151e-01 2.861735659317900526e-01 2.863234117616060836e-01 2.865691159155289158e-01 2.867538582854500806e-01 2.868073417035025829e-01 2.868389541557252453e-01 2.868702684312172124e-01 2.868879134922975305e-01 2.868956824076946965e-01
0.000000000000000000e+00 0.000000000000000000e+00 0.000000000000000000e+00 0.000000000000000000e+00 1.921630115600714631e-02 2.998968961828265070e-02 2.465011725382121321e-02 1.315960828599524977e-02 1.355481080725981502e-02 1.373507921169845117e-02 1.370052602839637833e-02 1.362592642281405461e-02 1.359787224085701879e-02 1.358193031376118444e-02 1.355968743750653356e-02 1.354469397578594164e-02 1.354657831065400435e-02 1.354566280577361968e-02 1.354328013196169980e-02
0.000000000000000000e+00 0.000000000000000000e+00 0.000000000000000000e+00 6.075000000000000538e-02 6.075000000000000538e-02 9.369331771223321503e-02 9.466543368207892828e-02 9.577633061608795129e-02 9.899378413178495928e-02 9.928414201092353175e-02 9.976298029282677782e-02 1.005971969443404529e-01 1.011628030929902361e-01 1.014004598935939888e-01 1.014889406962328350e-01 1.015857407906671922e-01 1.016359612574954802e-01 1.016642728707779497e-01 1.016815258335003330e-01
0.000000000000000000e+00 0.000000000000000000e+00 0.000000000000000000e+00 0.000000000000000000e+00 2.547813433352144261e-02 9.052549164932643944e-03 7.726844082968469841e-03 9.029927835469450659e-03 6.084329083762140752e-03 4.363599848215905623e-03 4.313281334989909482e-03 4.377900478996817578e-03 4.343019229839452204e-03 4.202692895034830164e-03 4.193001325310138222e-03 4.184825507556162554e-03 4.175294955233483860e-03 4.165491663212598887e-03 4.164082835889538516e-03
0.000000000000000000e+00 0.000000000000000000e+00 0.000000000000000000e+00 0.000000000000000000e+00 1.947785283953577286e-03 -2.026835840636434429e-03 -5.790359460838100450e-03 -5.652296999898523584e-03 -5.154066773927548466e-03 -6.334913007504340207e-03 -6.377426646807013606e-03 -6.624694635742267405e-03 -6.610658263905075903e-03 -6.704956688825256146e-03 -6.707082685598135183e-03 -6.728726837634193755e-03 -6.733578673773958113e-03 -6.742823753108471638e-03 -6.744953333418284014e-03
0.000000000000000000e+00 0.000000000000000000e+00 2.522042518698917185e-02 3.501718871867706088e-03 -3.024578027796334320e-02 -2.429087417375596150e-02 -1.609162992557099797e-02 -1.657247432600456732e-02 -1.691354784321159876e-02 -1.852023894044239546e-02 -1.865454827105712463e-02 -1.884620259360599709e-02 -1.892653925657011849e-02 -1.902490998535879760e-02 -1.905220634519805625e-02 -1.908438699872722424e-02 -1.910313857174712054e-02 -1.911517448362349061e-02 -1.911929282397013818e-02
0.000000000000000000e+00 0.000000000000000000e+00 3.871681934274567860e-01 1.605646866042645116e-01 1.058896866042644963e-01 1.550971866042644975e-01 1.746012848065737755e-01 1.571321209908523864e-01 1.509228575992893617e-01 1.564540754122581701e-01 1.584333426484619556e-01 1.565520805983091068e-01 1.558928780914654033e-01 1.564853866485218514e-01 1.567007103667669432e-01 1.564987031152803576e-01 1.564269029346668227e-01 1.564911099352389590e-01 1.565144353426586588e-01
0.000000000000000000e+00 -2.012461179749810702e-01 -4.678513875986104603e-02 -1.445833380073870827e-02 4.939021568716555873e-04 -1.977323365221180136e-03 -7.552093475235966205e-03 -8.300220478282022141e-03 -8.826172853658241502e-03 -9.182147149113585941e-03 -9.045896959634092127e-03 -9.007317720599813254e-03 -9.032611303404568248e-03 -9.049327424468855269e-03 -9.041851141310376649e-03 -9.039382628455132004e-03 -9.038804219021796468e-03 -9.039054439401551094e-03 -9.038220812054201247e-03
0.000000000000000000e+00 0.000000000000000000e+00 -2.024999999999999578e-01 -2.024999999999999578e-01 -2.024999999999999578e-01 -2.209528124999999565e-01 -2.209528124999999565e-01 -2.209528124999999565e-01 -2.226343250390624695e-01 -2.226343250390624695e-01 -2.226343250390624695e-01 -2.227875528691845575e-01 -2.227875528691845575e-01 -2.227875528691845575e-01 -2.228015157552044045e-01 -2.228015157552044045e-01 -2.228015157552044045e-01 -2.228027881231929574e-01 -2.228027881231929574e-01
0.000000000000000000e+00 0.000000000000000000e+00 2.218276357895923034e-01 1.440306308404780689e-01 1.440306308404780966e-01 1.440306308404780689e-01 1.454547390650868521e-01 1.442575662292958916e-01 1.440270140877328575e-01 1.441773917757016854e-01 1.441796121078439130e-01 1.440776922713464525e-01 1.440722618396902688e-01 1.440763755290779269e-01 1.440755091683638967e-01 1.440680729879405542e-01 1.440677627837487484e-01 1.440676288055413312e-01 1.440673138278268373e-01
0.000000000000000000e+00 2.323790007724450546e-01 3.354435845772125169e-01 3.024109406031389446e-01 2.604532683769155699e-01 2.757220962871537173e-01 2.909826072443445488e-01 2.912567652522434769e-01 2.896506385251126914e-01 2.887095191898201851e-01 2.888737540223110245e-01 2.887921231190019311e-01 2.887301855165485542e-01 2.887348758158011508e-01 2.887525816148601709e-01 2.887418142535234655e-01 2.887311761669735799e-01 2.887307516295156140e-01 2.887318100148093536e-01
0.000000000000000000e+00 0.000000000000000000e+00 0.000000000000000000e+00 -2.218276357895923590e-02 -4.832530183533828572e-02 -6.407998350916921382e-02 -5.844985790174526269e-02 -6.790963146143395857e-02 -7.195612144260114806e-02 -7.543657008052045976e-02 -7.562068665504732834e-02 -7.688619956192878357e-02 -7.713498556236057790e-02 -7.742496895499849374e-02 -7.751523076074913476e-02 -7.764892559973111952e-02 -7.769819491856164162e-02 -7.773792441478882820e-02 -7.775461425352012124e-02
0.000000000000000000e+00 4.435193518440699867e-01 1.017857768555879144e-01 7.500881251396826488e-02 1.527650200370964106e-01 1.722818476007685340e-01 1.584202903035367149e-01 1.608483333514984792e-01 1.623811636691558646e-01 1.621685522988403905e-01 1.618082174595223688e-01 1.617239047196209756e-01 1.618253677414111524e-01 1.618722010161844360e-01 1.618140521195479686e-01 1.618073620308264349e-01 1.618172560665447901e-01 1.618162636159664047e-01 1.618122543153791837e-01
0.000000000000000000e+00 2.323790007724450546e-01 2.323790007724450546e-01 2.323790007724450546e-01 2.606740618462469739e-01 2.382372880382899183e-01 2.356473505029560156e-01 2.386741833238721910e-01 2.384323981946915305e-01 2.370086723544491125e-01 2.369210342799006330e-01 2.371487762352393891e-01 2.371227748166740978e-01 2.370235993979253886e-01 2.370184185600844040e-01 2.370281470588029571e-01 2.370244413723224253e-01 2.370178938543300862e-01 2.370177712458909070e-01
1.000000000000000000e+00 9.999999999999997780e-02 9.999999999999997780e-02 9.999999999999997780e-02 9.999999999999997780e-02 9.999999999999997780e-02 9.999999999999997780e-02 9.999999999999997780e-02 9.999999999999997780e-02 9.999999999999997780e-02 9.999999999999997780e-02 9.999999999999997780e-02 9.999999999999997780e-02 9.999999999999997780e-02 9.999999999999997780e-02 9.999999999999997780e-02 9.999999999999997780e-02 9.999999999999997780e-02 9.999999999999997780e-02
0.000000000000000000e+00 -2.012461179749810702e-01 -2.012461179749810702e-01 -2.012461179749810702e-01 -1.757679836414596242e-01 -1.971861103004107774e-01 -2.013108238103255565e-01 -1.986204784639339083e-01 -1.985807554150761378e-01 -2.004041612775388226e-01 -2.005013148960878844e-01 -2.004277185717246168e-01 -2.004432182748179803e-01 -2.005762559193454697e-01 -2.005818056549150963e-01 -2.005842026039021397e-01 -2.005898377406026001e-01 -2.006001305971829574e-01 -2.006013015693609292e-01
0.000000000000000000e+00 0.000000000000000000e+00 -3.952395295441559625e-02 -4.553917374090567238e-02 -4.332904049834312987e-02 -2.385040845513719185e-02 -4.431047381624311082e-02 -4.283421013293443186e-02 -4.137216297653082547e-02 -4.079666195936489104e-02 -4.247714591204599516e-02 -4.213269663050475677e-02 -4.219069317990222640e-02 -4.217026610426426181e-02 -4.228381802025729663e-02 -4.225760493084180364e-02 -4.226853341968119654e-02 -4.226845632175921935e-02 -4.227720695449476568e-02
0.000000000000000000e+00 0.000000000000000000e+00 -3.952395295441559625e-02 -3.952395295441559625e-02 -1.010433752259949809e-02 -2.761098790735510081e-02 -3.767837291644698938e-02 -3.483764075182990000e-02 -3.271127897041807564e-02 -3.484924853754357843e-02 -3.533791656852369734e-02 -3.523378535308009651e-02 -3.522962484393853122e-02 -3.538342798124948646e-02 -3.541117659408388879e-02 -3.541276706581915346e-02 -3.541821641789226482e-02 -3.543111216786715145e-02 -3.543439244887836709e-02
0.000000000000000000e+00 7.794228634059949812e-01 5.060720514297807338e-01 5.060720514297807338e-01 5.060720514297807338e-01 5.110758576790500607e-01 5.068694211079587397e-01 5.060593434559934600e-01 5.065877167929396796e-01 5.065955182448635963e-01 5.062374084425481646e-01 5.062183278506464656e-01 5.062327818818148639e-01 5.062297378005574666e-01 5.062036097258577616e-01 5.062025197794290943e-01 5.062020490279932616e-01 5.062009423091154980e-01 5.061989208322127398e-01
1.000000000000000000e+00 1.000000000000000000e+00 1.000000000000000000e+00 1.000000000000000000e+00 1.000000000000000000e+00 1.000000000000000000e+00 1.000000000000000000e+00 1.000000000000000000e+00 1.000000000000000000e+00 1.000000000000000000e+00 1.000000000000000000e+00 1.000000000000000000e+00 1.000000000000000000e+00 1.000000000000000000e+00 1.000000000000000000e+00 1.000000000000000000e+00 1.000000000000000000e+00 1.000000000000000000e+00 1.000000000000000000e+00
0.000000000000000000e+00 0.000000000000000000e+00 2.964093268055236208e-01 8.463652304005349347e-02 4.600149636409386900e-02 8.341110546738339515e-02 9.713772513152106602e-02 8.180126909766910481e-02 8.069071371601363452e-02 8.347694539401907809e-02 8.328422029721326003e-02 8.227524874027120072e-02 8.227113082980933023e-02 8.239679398875435212e-02 8.237398438191353978e-02 8.230640192267107969e-02 8.230609508710932942e-02 8.231029795681264749e-02 8.230620338674558834e-02
0.000000000000000000e+00 0.000000000000000000e+00 2.737692550322996521e-01 1.135363787169682559e-01 7.487531545559374113e-02 1.096702723908307975e-01 1.234617524906120450e-01 1.111091882948567616e-01 1.067185760445091836e-01 1.106297376682792571e-01 1.120292909527793035e-01 1.106990377999273190e-01 1.102329112371629588e-01 1.106518780557686210e-01 1.108041349170900275e-01 1.106612942197150173e-01 1.106105238251127582e-01 1.106559250306169834e-01 1.106724185843773883e-01
0.000000000000000000e+00 0.000000000000000000e+00 8.302046613696874300e-02 3.997849449822107187e-02 6.090037751646757563e-02 4.037741384024732400e-02 3.312286806054406257e-02 3.217566479402076546e-02 3.404391777797532298e-02 3.232431975498997051e-02 3.193927099693059934e-02 3.196130711871438684e-02 3.191548057704576141e-02 3.174472068470157032e-02 3.170235901048670812e-02 3.168422667425388473e-02 3.167366888214159099e-02 3.165801141587794298e-02 3.165292409514526561e-02
0.000000000000000000e+00 0.000000000000000000e+00 0.000000000000000000e+00 3.842167357104581821e-02 5.128323688725797830e-02 4.490871059151609057e-02 3.260171108152625646e-02 3.307351456914479904e-02 3.328872387917002074e-02 3.337602172304265924e-02 3.328696269078728481e-02 3.325347084754887855e-02 3.324615291296584285e-02 3.321959876407520884e-02 3.320169916285653500e-02 3.320501616847007509e-02 3.320392321391574947e-02 3.320107871330192639e-02 3.320000556430603711e-02
0.000000000000000000e+00 0.000000000000000000e+00 0.000000000000000000e+00 0.000000000000000000e+00 -7.403552500470145237e-03 -3.743087408997250540e-03 -5.557309397923489158e-03 -1.073104345980178953e-02 -1.059676583320208476e-02 -1.053551618980031433e-02 -1.066294982973463833e-02 -1.068829647466700526e-02 -1.069782842035736821e-02 -1.071378756874192054e-02 -1.072134501200586870e-02 -1.072643932782124665e-02 -1.072675978094696399e-02 -1.072707084126632744e-02 -1.072788040033341786e-02
0.000000000000000000e+00 0.000000000000000000e+00 0.000000000000000000e+00 7.177858843388739557e-03 -7.469171105595137812e-03 -2.133827748098285348e-02 -2.082949816923877068e-02 -1.899345070395020568e-02 -2.334503280603753006e-02 -2.350170146163694726e-02 -2.441291828604137681e-02 -2.436119230959484655e-02 -2.470869508046344420e-02 -2.471652967335360995e-02 -2.479629137469695557e-02 -2.481417106360793781e-02 -2.484824046284088428e-02 -2.485608826156152085e-02 -2.486548104346157292e-02
0.000000000000000000e+00 0.000000000000000000e+00 1.030645838047674623e-01 6.152122324964785088e-02 4.003481369814658464e-02 5.020911253537983093e-02 5.848268951914612629e-02 5.830146097894479268e-02 5.879909957871421594e-02 5.933814125314737509e-02 5.948679139322910620e-02 5.945767469233390751e-02 5.942738402305525885e-02 5.943983239611920488e-02 5.945528929003409541e-02 5.944745593300266445e-02 5.944302313771546858e-02 5.944369359086112969e-02 5.944370930640290041e-02
0.000000000000000000e+00 0.000000000000000000e+00 0.000000000000000000e+00 0.000000000000000000e+00 4.900848338308930879e-02 1.399384991597241168e-02 7.605913061015477129e-03 1.379123869116790323e-02 1.606080564091930118e-02 1.352506744809362470e-02 1.334144760200297805e-02 1.380212470135268148e-02 1.377025942637599525e-02 1.360343550651045216e-02 1.360275464889838110e-02 1.362353186567288876e-02 1.361976051255832723e-02 1.360858639106064111e-02 1.360853565869775926e-02
0.000000000000000000e+00 0.000000000000000000e+00 0.000000000000000000e+00 0.000000000000000000e+00 0.000000000000000000e+00 0.000000000000000000e+00 0.000000000000000000e+00 0.000000000000000000e+00 0.000000000000000000e+00 0.000000000000000000e+00 0.000000000000000000e+00 0.000000000000000000e+00 0.000000000000000000e+00 0.000000000000000000e+00 0.000000000000000000e+00 0.000000000000000000e+00 0.000000000000000000e+00 0.000000000000000000e+00 0.000000000000000000e+00
0.000000000000000000e+00 0.000000000000000000e+00 -1.431891231902758521e-01 -1.431891231902758521e-01 -1.431891231902758521e-01 -1.562372320409897153e-01 -1.562372320409897153e-01 -1.562372320409897153e-01 -1.574262409600110380e-01 -1.574262409600110380e-01 -1.574262409600110380e-01 -1.575345893977568579e-01 -1.575345893977568579e-01 -1.575345893977568579e-01 -1.575444626491464273e-01 -1.575444626491464273e-01 -1.575444626491464273e-01 -1.575453623491792909e-01 -1.575453623491792909e-01
0.000000000000000000e+00 0.000000000000000000e+00 0.000000000000000000e+00 -1.839427407337754228e-02 -9.299775435823789960e-03 -1.380724620639483397e-02 -2.666149182846815069e-02 -2.632787638298562244e-02 -2.617570042049230730e-02 -2.649231184439606798e-02 -2.655528609002976229e-02 -2.657896839949807494e-02 -2.661861922244348685e-02 -2.663739584119268963e-02 -2.665005277059495289e-02 -2.665084894278684641e-02 -2.665162177836373839e-02 -2.665363314403686526e-02 -2.665467825776650021e-02
0.000000000000000000e+00 0.000000000000000000e+00 0.000000000000000000e+00 5.425993610531652106e-02 1.925128387821513007e-02 1.925128387821514048e-02 1.509940106571513833e-02 1.574024976678909185e-02 1.520152199068315786e-02 1.471943320569072365e-02 1.478710316527669620e-02 1.478810231474069967e-02 1.470776212653937542e-02 1.470531843229409309e-02 1.470716959251853855e-02 1.470363808084275935e-02 1.470029179965225488e-02 1.470015220776594266e-02 1.469980563477518362e-02
0.000000000000000000e+00 0.000000000000000000e+00 0.000000000000000000e+00 0.000000000000000000e+00 3.465423093585067588e-02 -2.129366167177471764e-02 -3.527438850882426511e-03 4.911504967183672257e-03 2.580014020474792266e-03 -6.573672134594368225e-04 8.265278525241169169e-04 1.269130707909654982e-03 9.534254450904946663e-04 8.557420569077969904e-04 9.614267103742217199e-04 9.765517163807255555e-04 9.606624272312765458e-04 9.551612045718605891e-04 9.622364987503750867e-04
0.000000000000000000e+00 0.000000000000000000e+00 0.000000000000000000e+00 0.000000000000000000e+00 1.947785283953577286e-03 -2.026835840636434429e-03 -5.790359460838100450e-03 -5.652296999898523584e-03 -5.154066773927548466e-03 -6.334913007504340207e-03 -6.377426646807013606e-03 -6.624694635742267405e-03 -6.610658263905075903e-03 -6.704956688825256146e-03 -6.707082685598135183e-03 -6.728726837634193755e-03 -6.733578673773958113e-03 -6.742823753108471638e-03 -6.744953333418284014e-03
0.000000000000000000e+00 0.000000000000000000e+00 7.394254526319743448e-02 9.869463540591244533e-02 8.642685382990270004e-02 6.274202222987196320e-02 6.365000846514251576e-02 6.406417897539309902e-02 6.423218375425825133e-02 6.406078956677020708e-02 6.399633448440571193e-02 6.398225111273428412e-02 6.393114762936726037e-02 6.389669983076062820e-02 6.390308341104024292e-02 6.390098001901972635e-02 6.389550577503605444e-02 6.389344049883052823e-02 6.389341067486002668e-02
0.000000000000000000e+00 -4.499999999999999001e-01 -4.499999999999999001e-01 -4.499999999999999001e-01 -4.910062499999998664e-01 -4.910062499999998664e-01 -4.910062499999998664e-01 -4.947429445312498952e-01 -4.947429445312498952e-01 -4.947429445312498952e-01 -4.950834508204101092e-01 -4.950834508204101092e-01 -4.950834508204101092e-01 -4.951144794560097817e-01 -4.951144794560097817e-01 -4.951144794560097817e-01 -4.951173069404287697e-01 -4.951173069404287697e-01 -4.951173069404287697e-01
0.000000000000000000e+00 0.000000000000000000e+00 -1.169134295108992111e-01 -1.169134295108992111e-01 -1.537101853165542820e-01 -1.743013571175984211e-01 -1.799378557210943308e-01 -1.847470537475807972e-01 -1.879637931431453191e-01 -1.912878089727024500e-01 -1.929681234414037105e-01 -1.941347740779647280e-01 -1.946189221500745359e-01 -1.949839730899631807e-01 -1.951811839730945020e-01 -1.952985053813266758e-01 -1.953653228677167952e-01 -1.954136671510204315e-01 -1.954401562211644239e-01
0.000000000000000000e+00 0.000000000000000000e+00 0.000000000000000000e+00 -1.822499999999999676e-01 -1.822499999999999676e-01 -1.822499999999999676e-01 -1.988575312499999692e-01 -1.988575312499999692e-01 -1.988575312499999692e-01 -2.003708925351562198e-01 -2.003708925351562198e-01 -2.003708925351562198e-01 -2.005087975822661128e-01 -2.005087975822661128e-01 -2.005087975822661128e-01 -2.005213641796839696e-01 -2.005213641796839696e-01 -2.005213641796839696e-01 -2.005225093108736756e-01
0.000000000000000000e+00 -2.598076211353316234e-01 1.354319084088243842e-02 1.024659888825395493e-01 3.893414775289849583e-02 2.233983350084137523e-02 3.776915280291946037e-02 4.269721635412612043e-02 3.756790620702430555e-02 3.722693814060372419e-02 3.842091744632085415e-02 3.838218050918081742e-02 3.806503501092969172e-02 3.806684371904861530e-02 3.813067074143179636e-02 3.812491780580818529e-02 3.810511381947130627e-02 3.810612848768055866e-02 3.810941082549427344e-02
0.000000000000000000e+00 0.000000000000000000e+00 0.000000000000000000e+00 -6.443510543562414039e-02 -6.443510543562414039e-02 -6.443510543562414039e-02 -7.030675441844537465e-02 -7.030675441844537465e-02 -7.030675441844537465e-02 -7.084180843200496569e-02 -7.084180843200496569e-02 -7.084180843200496569e-02 -7.089056522899059298e-02 -7.089056522899059298e-02 -7.089056522899059298e-02 -7.089500819211588811e-02 -7.089500819211588811e-02 -7.089500819211588811e-02 -7.089541305713067953e-02
0.000000000000000000e+00 0.000000000000000000e+00 0.000000000000000000e+00 1.540188041593363588e-01 4.397842742440396385e-02 2.390307867804166916e-02 4.334168177549826972e-02 5.047424257783642010e-02 4.250518626023305074e-02 4.192812475653915488e-02 4.337589320492814954e-02 4.327575030705975434e-02 4.275147330705510174e-02 4.274933357801280476e-02 4.281463007079252397e-02 4.280277785140783331e-02 4.276766097547531759e-02 4.276750153904056162e-02 4.276968541419968323e-02
1.000000000000000000e+00 9.999999999999997780e-02 9.999999999999997780e-02 9.999999999999997780e-02 9.999999999999997780e-02 9.999999999999997780e-02 9.999999999999997780e-02 9.999999999999997780e-02 9.999999999999997780e-02 9.999999999999997780e-02 9.999999999999997780e-02 9.999999999999997780e-02 9.999999999999997780e-02 9.999999999999997780e-02 9.999999999999997780e-02 9.999999999999997780e-02 9.999999999999997780e-02 9.999999999999997780e-02 9.999999999999997780e-02
0.000000000000000000e+00 0.000000000000000000e+00 0.000000000000000000e+00 0.000000000000000000e+00 0.000000000000000000e+00 0.000000000000000000e+00 0.000000000000000000e+00 0.000000000000000000e+00 0.000000000000000000e+00 0.000000000000000000e+00 0.000000000000000000e+00 0.000000000000000000e+00 0.000000000000000000e+00 0.000000000000000000e+00 0.000000000000000000e+00 0.000000000000000000e+00 0.000000000000000000e+00 0.000000000000000000e+00 0.000000000000000000e+00
0.000000000000000000e+00 0.000000000000000000e+00 0.000000000000000000e+00 0.000000000000000000e+00 0.000000000000000000e+00 0.000000000000000000e+00 0.000000000000000000e+00 0.000000000000000000e+00 0.000000000000000000e+00 0.000000000000000000e+00 0.000000000000000000e+00 0.000000000000000000e+00 0.000000000000000000e+00 0.000000000000000000e+00 0.000000000000000000e+00 0.000000000000000000e+00 0.000000000000000000e+00 0.000000000000000000e+00 0.000000000000000000e+00
1.000000000000000000e+00 1.000000000000000000e+00 1.000000000000000000e+00 1.000000000000000000e+00 1.000000000000000000e+00 1.000000000000000000e+00 1.000000000000000000e+00 1.000000000000000000e+00 1.000000000000000000e+00 1.000000000000000000e+00 1.000000000000000000e+00 1.000000000000000000e+00 1.000000000000000000e+00 1.000000000000000000e+00 1.000000000000000000e+00 1.000000000000000000e+00 1.000000000000000000e+00 1.000000000000000000e+00 1.000000000000000000e+00
0.000000000000000000e+00 4.499999999999999001e-01 4.499999999999997752e-02 -1.038065018740780832e-01 3.011934981259218116e-02 7.932684981259216506e-02 3.504009981259217227e-02 1.876810883266174027e-02 3.341290071459913219e-02 3.879374083959913344e-02 3.395098472709912746e-02 3.217164251344373921e-02 3.377305050573359280e-02 3.436144537340234811e-02 3.383188999250047457e-02 3.363731892143725227e-02 3.381243288539414332e-02 3.387677386417372455e-02 3.381886698327210561e-02
0.000000000000000000e+00 0.000000000000000000e+00 0.000000000000000000e+00 0.000000000000000000e+00 1.947785283953577286e-03 -2.026835840636434429e-03 -5.790359460838100450e-03 -5.652296999898523584e-03 -5.154066773927548466e-03 -6.334913007504340207e-03 -6.377426646807013606e-03 -6.624694635742267405e-03 -6.610658263905075903e-03 -6.704956688825256146e-03 -6.707082685598135183e-03 -6.728726837634193755e-03 -6.733578673773958113e-03 -6.742823753108471638e-03 -6.744953333418284014e-03
0.000000000000000000e+00 0.000000000000000000e+00 0.000000000000000000e+00 0.000000000000000000e+00 -4.274443029105965200e-03 -1.445410512056615913e-03 -3.953221117152803769e-03 -8.323084746154707156e-03 -8.194832135000988671e-03 -7.976408162686139669e-03 -8.483852619548612126e-03 -8.514107020333408493e-03 -8.610462352135968972e-03 -8.614519078425664569e-03 -8.653529824018879255e-03 -8.657252169719477017e-03 -8.665389752678408219e-03 -8.667352021866230743e-03 -8.671216280061707152e-03
0.000000000000000000e+00 0.000000000000000000e+00 0.000000000000000000e+00 0.000000000000000000e+00 6.654829073687773024e-03 1.420115363951696651e-02 1.953246280883429165e-02 1.841620248864863155e-02 2.123312258475587577e-02 2.237124303374062387e-02 2.359509271631824931e-02 2.365679791515233263e-02 2.407408394280080924e-02 2.414658352250372703e-02 2.424792998551535475e-02 2.427533208647550053e-02 2.431873460021351935e-02 2.433425380544519678e-02 2.434757967940140086e-02
0.000000000000000000e+00 0.000000000000000000e+00 0.000000000000000000e+00 7.494005416219807141e-17 1.249000902703301139e-17 6.245004513516505694e-18 1.249000902703301139e-17 1.249000902703301139e-17 0.000000000000000000e+00 1.249000902703301139e-17 1.249000902703301139e-17 1.249000902703301139e-17 1.249000902703301139e-17 1.249000902703301139e-17 0.000000000000000000e+00 0.000000000000000000e+00 1.249000902703301139e-17 0.000000000000000000e+00 1.249000902703301139e-17
