0.000000000000000000e+00 0.000000000000000000e+00 0.000000000000000000e+00 1.794673938478671613e-02 2.921992400213469301e-02 2.541152059012789094e-02 2.514977666672544784e-02 2.615496632143357592e-02 2.646605427566939631e-02 2.561836241513022749e-02 2.552613932960126619e-02 2.550439822177131416e-02 2.546843527976840049e-02 2.538635078149533222e-02 2.536911975498846311e-02 2.535472536439516839e-02 2.534643756769297193e-02 2.533780264031308682e-02 2.533472520353326554e-02
0.000000000000000000e+00 0.000000000000000000e+00 0.000000000000000000e+00 7.081538956566622856e-02 9.106454753122267265e-02 9.956360367904938669e-02 1.121367838934457656e-01 1.203918373274552173e-01 1.270934335463599907e-01 1.299895720095704255e-01 1.319159996636600773e-01 1.330476037759154573e-01 1.338282688708495316e-01 1.342364994536933420e-01 1.344923485602403657e-01 1.346486797450055783e-01 1.347525526026050469e-01 1.348103286924845490e-01 1.348466442788820441e-01
0.000000000000000000e+00 0.000000000000000000e+00 -1.112756492761103749e-01 -1.350681054522560320e-01 -1.255717692220063020e-01 -1.552656718523158785e-01 -1.664658296374745550e-01 -1.710117461699859898e-01 -1.724956779280446273e-01 -1.751858440642315995e-01 -1.760973640526905248e-01 -1.767205027527349037e-01 -1.770711834558715558e-01 -1.773726714582348762e-01 -1.775122472203676249e-01 -1.776062377834856099e-01 -1.776582206690937582e-01 -1.776963756826847318e-01 -1.777162322127638083e-01
0.000000000000000000e+00 0.000000000000000000e+00 6.037383539249433634e-02 1.476008611786689684e-01 1.636283960632997636e-01 1.617197541671842875e-01 1.891615277790684169e-01 2.043056529711209934e-01 2.079487755754338418e-01 2.091139388845195124e-01 2.123501388622240360e-01 2.136592719789096040e-01 2.142347853963684490e-01 2.146057004004935098e-01 2.149617401456549726e-01 2.151313149748563802e-01 2.152267531336193029e-01 2.152844014348021806e-01 2.153283859021281055e-01
0.000000000000000000e+00 0.000000000000000000e+00 1.112756492761103749e-01 1.430941313000271831e-01 1.564491096018349459e-01 1.762059562477909513e-01 1.891775212750028967e-01 1.997080637886955445e-01 2.042589063366762048e-01 2.072859953537252442e-01 2.090641396679349673e-01 2.102908365178539074e-01 2.109323089921130157e-01 2.113343370770017215e-01 2.115799878344648277e-01 2.117432082833310969e-01 2.118339946498738469e-01 2.118910590885503542e-01 2.119255415880597071e-01
0.000000000000000000e+00 0.000000000000000000e+00 0.000000000000000000e+00 0.000000000000000000e+00 0.000000000000000000e+00 0.000000000000000000e+00 0.000000000000000000e+00 0.000000000000000000e+00 0.000000000000000000e+00 0.000000000000000000e+00 0.000000000000000000e+00 0.000000000000000000e+00 0.000000000000000000e+00 0.000000000000000000e+00 0.000000000000000000e+00 0.000000000000000000e+00 0.000000000000000000e+00 0.000000000000000000e+00 0.000000000000000000e+00
1.000000000000000000e+00 1.000000000000000000e+00 1.000000000000000000e+00 1.000000000000000000e+00 1.000000000000000000e+00 1.000000000000000000e+00 1.000000000000000000e+00 1.000000000000000000e+00 1.000000000000000000e+00 1.000000000000000000e+00 1.000000000000000000e+00 1.000000000000000000e+00 1.000000000000000000e+00 1.000000000000000000e+00 1.000000000000000000e+00 1.000000000000000000e+00 1.000000000000000000e+00 1.000000000000000000e+00 1.000000000000000000e+00
0.000000000000000000e+00 0.000000000000000000e+00 1.262278204369975398e-01 1.888904135156436181e-01 1.812695558626270242e-01 2.051474318330784863e-01 2.097550274543034110e-01 2.052866918354890602e-01 2.055851149404516465e-01 2.064703644234330560e-01 2.065076920375737146e-01 2.063118592899607917e-01 2.062854480048436356e-01 2.063312326759255411e-01 2.063392969457190640e-01 2.063203298059516355e-01 2.063190175415615668e-01 2.063229168231176802e-01 2.063223871296974432e-01
0.000000000000000000e+00 0.000000000000000000e+00 2.338268590217984222e-01 2.338268590217983459e-02 -5.393944062056914290e-02 1.565047324990494204e-02 4.121944028393859788e-02 1.820736995330830485e-02 9.752195418045705652e-03 1.736185249978204614e-02 2.015781904495362806e-02 1.764144915429920191e-02 1.671687581886823967e-02 1.754899182075610881e-02 1.785473076247062404e-02 1.757956571492756345e-02 1.747846362069818346e-02 1.756945550550461851e-02 1.760288805878110208e-02
0.000000000000000000e+00 0.000000000000000000e+00 0.000000000000000000e+00 1.522788342162293695e-01 3.485441586976525258e-02 5.945893452821572991e-05 4.811162336648672905e-02 6.043873267445460523e-02 4.884637846831330066e-02 4.497034743286202479e-02 4.860177223739087227e-02 4.984031257973055989e-02 4.864186227056575829e-02 4.822474822860937926e-02 4.860547322441610696e-02 4.874165554852274984e-02 4.861302215824789275e-02 4.856700502381754853e-02 4.860827603713600148e-02
0.000000000000000000e+00 2.846049894151541082e-01 2.539898671014066966e-01 2.468120082580179953e-01 2.791096951690377193e-01 3.043002976082808120e-01 3.066007453083611223e-01 3.033259286357386508e-01 3.054350536143738415e-01 3.075258409914636837e-01 3.078994313565552310e-01 3.080868703680548770e-01 3.084275468066861037e-01 3.086541443569336129e-01 3.087202059483707961e-01 3.087604741557411492e-01 3.088014824143179848e-01 3.088245859354263878e-01 3.088347437645268534e-01
0.000000000000000000e+00 0.000000000000000000e+00 4.352516656233292869e-01 4.352516656233292869e-01 4.222843507931013374e-01 4.222843507931013374e-01 4.222843507931013374e-01 4.211027042291968225e-01 4.211027042291968225e-01 4.211027042291968225e-01 4.209950266860609802e-01 4.209950266860609802e-01 4.209950266860609802e-01 4.209852145699428116e-01 4.209852145699428116e-01 4.209852145699428116e-01 4.209843204408615369e-01 4.209843204408615369e-01 4.209843204408615369e-01
0.000000000000000000e+00 0.000000000000000000e+00 0.000000000000000000e+00 6.075000000000000538e-02 1.495201835623460040e-01 1.812186005914314113e-01 1.760529161632965189e-01 1.778227116113108019e-01 1.845847588373805137e-01 1.874051047177899554e-01 1.879464074654416672e-01 1.888174137789525309e-01 1.895228559415136071e-01 1.898005357097359846e-01 1.899220462976007329e-01 1.900401021499952270e-01 1.901122917229445541e-01 1.901499691494914768e-01 1.901712336288609584e-01
0.000000000000000000e+00 0.000000000000000000e+00 0.000000000000000000e+00 1.604767431042271597e-01 1.835590649559827869e-01 1.580229313729540341e-01 1.560212620824009133e-01 1.618427422585792252e-01 1.621321773112691655e-01 1.602744049020917438e-01 1.602447171098796419e-01 1.604977591923552882e-01 1.604583962924140683e-01 1.603232006699280843e-01 1.603155379428939653e-01 1.603246650426591591e-01 1.603164098618893585e-01 1.603051238880855434e-01 1.603038709578030463e-01
0.000000000000000000e+00 0.000000000000000000e+00 0.000000000000000000e+00 1.794673938478671613e-02 2.921992400213469301e-02 2.541152059012789094e-02 2.514977666672544784e-02 2.615496632143357592e-02 2.646605427566939631e-02 2.561836241513022749e-02 2.552613932960126619e-02 2.550439822177131416e-02 2.546843527976840049e-02 2.538635078149533222e-02 2.536911975498846311e-02 2.535472536439516839e-02 2.534643756769297193e-02 2.533780264031308682e-02 2.533472520353326554e-02
0.000000000000000000e+00 0.000000000000000000e+00 2.522042518698917185e-02 1.247508856426106025e-02 3.427705400948180547e-02 4.293414592988349654e-02 4.799134413665304827e-02 4.628287576373815715e-02 4.627145558866221919e-02 4.609398010118954253e-02 4.588552066827036174e-02 4.569197063881408338e-02 4.555082619270205135e-02 4.545710237680708476e-02 4.542032257027962816e-02 4.538741575869569000e-02 4.536724829572018336e-02 4.535627592385810952e-02 4.535040510720295820e-02
0.000000000000000000e+00 0.000000000000000000e+00 2.392831029010619170e-01 5.476843070179339412e-02 9.343070179339621473e-05 7.560012252519093812e-02 9.497030604539515031e-02 7.675467878077534001e-02 7.066408360464841720e-02 7.637031717054038049e-02 7.831649555907704841e-02 7.643331258013139062e-02 7.577788109658586957e-02 7.637613271059065512e-02 7.659012258804299977e-02 7.638799471570884014e-02 7.631568576502779921e-02 7.638053690588095246e-02 7.640371586512435809e-02
0.000000000000000000e+00 3.113288279746397047e-02 2.517300850677298141e-01 2.856968943065870681e-01 2.881539156463938101e-01 2.853417341248379313e-01 2.852877273887081677e-01 2.855768662792882440e-01 2.847735478770325734e-01 2.842149015713457127e-01 2.843385268114969056e-01 2.843782275091639167e-01 2.843249712544956842e-01 2.843158024487250635e-01 2.843337599688573469e-01 2.843376617150988328e-01 2.843373836862506110e-01 2.843385604000603917e-01 2.843403958080072957e-01
0.000000000000000000e+00 0.000000000000000000e+00 -2.024999999999999578e-01 -2.024999999999999578e-01 -2.024999999999999578e-01 -2.209528124999999565e-01 -2.209528124999999565e-01 -2.209528124999999565e-01 -2.226343250390624695e-01 -2.226343250390624695e-01 -2.226343250390624695e-01 -2.227875528691845575e-01 -2.227875528691845575e-01 -2.227875528691845575e-01 -2.228015157552044045e-01 -2.228015157552044045e-01 -2.228015157552044045e-01 -2.228027881231929574e-01 -2.228027881231929574e-01
0.000000000000000000e+00 0.000000000000000000e+00 7.394254526319743448e-02 3.823437493800695142e-02 3.823437493800696529e-02 6.453356676140449555e-02 6.582376030390821309e-02 6.388012401921884520e-02 6.376824009309192687e-02 6.409363353398388197e-02 6.406276501845900584e-02 6.395892425316873631e-02 6.395726484481072116e-02 6.396712159114675833e-02 6.396492138963998098e-02 6.395736458836902283e-02 6.395654561410972494e-02 6.395705577618331084e-02 6.395659435029255047e-02
0.000000000000000000e+00 2.323790007724450546e-01 3.354435845772125169e-01 3.024109406031389446e-01 3.192122432360650075e-01 3.397985598769820981e-01 3.523339377883702439e-01 3.503784957651333021e-01 3.493348798393365873e-01 3.501673306656511997e-01 3.505230699642263303e-01 3.504091914995015045e-01 3.503156732295186204e-01 3.503433521311176135e-01 3.503697025769959561e-01 3.503571789741471987e-01 3.503491385426129034e-01 3.503521083746714004e-01 3.503531085693312730e-01
0.000000000000000000e+00 0.000000000000000000e+00 0.000000000000000000e+00 -9.492502459788863117e-03 -3.357041291480201278e-02 -4.215225313822640318e-02 -4.163605422932149108e-02 -5.100802925601204824e-02 -5.635236375223001692e-02 -5.829034113281877927e-02 -5.878366103811915461e-02 -5.998809012054358986e-02 -6.049452598189411501e-02 -6.076402561918824163e-02 -6.091249266958534414e-02 -6.105348839635434122e-02 -6.112165452431801704e-02 -6.116282655866736584e-02 -6.118618397344850052e-02
0.000000000000000000e+00 4.435193518440699867e-01 1.017857768555879144e-01 7.500881251396826488e-02 1.756478481455021057e-01 1.918372889233790068e-01 1.761371579172554269e-01 1.787112089806252302e-01 1.818216586069670571e-01 1.819528144739720188e-01 1.814037394478519305e-01 1.813109396512938565e-01 1.814718105874498777e-01 1.815128129306816662e-01 1.814461691947218402e-01 1.814415583676497190e-01 1.814564133621696662e-01 1.814545522092034791e-01 1.814496406446836352e-01
0.000000000000000000e+00 2.323790007724450546e-01 2.323790007724450546e-01 2.767445279303635264e-01 2.968891212261786650e-01 2.734915112139040816e-01 2.713313005310803439e-01 2.774730203069452061e-01 2.779821183731637779e-01 2.763263626959726049e-01 2.763453272095776625e-01 2.766823705358437691e-01 2.766576813883356856e-01 2.765489624374388722e-01 2.765530062550347057e-01 2.765718559273313004e-01 2.765671086273089885e-01 2.765593303236532075e-01 2.765596603233346773e-01
1.000000000000000000e+00 9.999999999999997780e-02 9.999999999999997780e-02 9.999999999999997780e-02 9.999999999999997780e-02 9.999999999999997780e-02 9.999999999999997780e-02 9.999999999999997780e-02 9.999999999999997780e-02 9.999999999999997780e-02 9.999999999999997780e-02 9.999999999999997780e-02 9.999999999999997780e-02 9.999999999999997780e-02 9.999999999999997780e-02 9.999999999999997780e-02 9.999999999999997780e-02 9.999999999999997780e-02 9.999999999999997780e-02
0.000000000000000000e+00 -2.012461179749810702e-01 -2.012461179749810702e-01 -1.538510747115418853e-01 -1.307687528597862858e-01 -1.529358792242606069e-01 -1.549375485148136999e-01 -1.491160683386353880e-01 -1.485196325031547249e-01 -1.503774049123321188e-01 -1.504070927045442208e-01 -1.501260751757367562e-01 -1.501654380756779483e-01 -1.503006336981639601e-01 -1.503057471626511321e-01 -1.502966200628859106e-01 -1.503048752436557112e-01 -1.503159289159099188e-01 -1.503171818461924159e-01
0.000000000000000000e+00 0.000000000000000000e+00 -3.952395295441559625e-02 -4.553917374090567238e-02 -2.863681696917494759e-02 -1.162778478210444583e-02 -3.031685749933884025e-02 -2.730633961311165064e-02 -2.398054156714133842e-02 -2.387293539528875450e-02 -2.533112861084441114e-02 -2.500858388593436496e-02 -2.488258481883796197e-02 -2.493155033886230998e-02 -2.502524552464143598e-02 -2.500652570574043304e-02 -2.500665685086550169e-02 -2.501225163459729062e-02 -2.501964441144211362e-02
0.000000000000000000e+00 0.000000000000000000e+00 -3.952395295441559625e-02 -2.916239813953292945e-02 6.798973043464611073e-03 -8.762575935159324855e-03 -1.542744173568343091e-02 -9.098495486667386792e-03 -6.765144517460895159e-03 -8.793177645812411472e-03 -9.192317413565407810e-03 -8.827973175841807504e-03 -8.818234790565936815e-03 -8.982075968717891448e-03 -9.010369453764452072e-03 -9.000834651240696010e-03 -9.008574386110719881e-03 -9.022580005889756227e-03 -9.026197663296341156e-03
0.000000000000000000e+00 2.598076211353316234e-01 1.343418996855124115e-01 1.343418996855124115e-01 2.267478405561934585e-01 2.312811185748079035e-01 2.244518767941791892e-01 2.240587567495979926e-01 2.252020727594846172e-01 2.250936118516547180e-01 2.247287525935523222e-01 2.247229220269082450e-01 2.247575551032864882e-01 2.247498243832056208e-01 2.247232724900484202e-01 2.247203949078213081e-01 2.247221874346305992e-01 2.247205661493126005e-01 2.247182245450989047e-01
0.000000000000000000e+00 2.846049894151541082e-01 2.846049894151541082e-01 4.445266629861999164e-01 4.445266629861999164e-01 4.397621672859873265e-01 4.397621672859873265e-01 4.397621672859873265e-01 4.393280026153055240e-01 4.393280026153055240e-01 4.393280026153055240e-01 4.392884393596895864e-01 4.392884393596895864e-01 4.392884393596895864e-01 4.392848341580216642e-01 4.392848341580216642e-01 4.392848341580216642e-01 4.392845056340196619e-01 4.392845056340196619e-01
0.000000000000000000e+00 0.000000000000000000e+00 2.110278299809773828e-01 2.355502621550725414e-02 9.254021767473454658e-04 6.526394590506705284e-02 7.584884463222912876e-02 5.850371770882210887e-02 5.870238342988921831e-02 6.271170023725436415e-02 6.245306522059299731e-02 6.131416288840574325e-02 6.140013393550747961e-02 6.159759661853056456e-02 6.154786553648484981e-02 6.147035661001416795e-02 6.147381357316309552e-02 6.148267203241718215e-02 6.147649681798370708e-02
0.000000000000000000e+00 0.000000000000000000e+00 1.691987046846993303e-01 3.872712874418361706e-02 6.606548280912346292e-05 5.345735929609637949e-02 6.715414741606068327e-02 5.427375385368144595e-02 4.996705270318003295e-02 5.400196915265653014e-02 5.537812508858951793e-02 5.404651363396196367e-02 5.358305358734376939e-02 5.400608136046235880e-02 5.415739505391418268e-02 5.401446906471988468e-02 5.396333891535283478e-02 5.400919559681778559e-02 5.402558559607965188e-02
0.000000000000000000e+00 0.000000000000000000e+00 5.562594558339514078e-02 4.722931608716975788e-02 6.111803861039588615e-02 5.568593779565970264e-02 4.964206944780131386e-02 5.240940101323338790e-02 5.391948066342387713e-02 5.203918217347135861e-02 5.150424154048427461e-02 5.165011943383862603e-02 5.157614131039730404e-02 5.138668708540975599e-02 5.133834464718857460e-02 5.132843419380128669e-02 5.131186325355838879e-02 5.129434029131624273e-02 5.128827831111128915e-02
0.000000000000000000e+00 5.196152422706632468e-01 5.196152422706632468e-01 5.196152422706632468e-01 5.196152422706632468e-01 5.196152422706632468e-01 5.196152422706632468e-01 5.196152422706632468e-01 5.196152422706632468e-01 5.196152422706632468e-01 5.196152422706632468e-01 5.196152422706632468e-01 5.196152422706632468e-01 5.196152422706632468e-01 5.196152422706632468e-01 5.196152422706632468e-01 5.196152422706632468e-01 5.196152422706632468e-01 5.196152422706632468e-01
0.000000000000000000e+00 0.000000000000000000e+00 1.478850905263948690e-01 1.478850905263948690e-01 1.295465380259246957e-01 1.295465380259246957e-01 1.295465380259246957e-01 1.278754374293193385e-01 1.278754374293193385e-01 1.278754374293193385e-01 1.277231583874536835e-01 1.277231583874536835e-01 1.277231583874536835e-01 1.277092819597636930e-01 1.277092819597636930e-01 1.277092819597636930e-01 1.277080174702904525e-01 1.277080174702904525e-01 1.277080174702904525e-01
0.000000000000000000e+00 0.000000000000000000e+00 6.613622305514581246e-02 1.076794714642007600e-01 9.364497683316093390e-02 9.268041418307046420e-02 9.638467743619685835e-02 9.753107968175182829e-02 9.440721763814438616e-02 9.406736278069058321e-02 9.398724378380324262e-02 9.385471535604660021e-02 9.355222259840620391e-02 9.348872387654404148e-02 9.343567855133984301e-02 9.340513687133991660e-02 9.337331596666098577e-02 9.336197518542242724e-02 9.335423834401886112e-02
0.000000000000000000e+00 0.000000000000000000e+00 1.030645838047674623e-01 6.152122324964785088e-02 4.003481369814658464e-02 5.552660126605877405e-02 6.498073354883301955e-02 6.480602280166915252e-02 6.533998538824249691e-02 6.625897894619103834e-02 6.662711660959291793e-02 6.663478551823928675e-02 6.661603853120337537e-02 6.664653347573276654e-02 6.666726611735701580e-02 6.665939717153684940e-02 6.665543447683812406e-02 6.665743047861841242e-02 6.665773136363495333e-02
0.000000000000000000e+00 0.000000000000000000e+00 0.000000000000000000e+00 0.000000000000000000e+00 3.489145908616327063e-02 3.894601169646487535e-03 1.530065119426997854e-04 1.079077720959121384e-02 1.254089026768051389e-02 9.673037309864856645e-03 9.705884810969622745e-03 1.036878748764623846e-02 1.032602462976676960e-02 1.013771788306786457e-02 1.015193238393637641e-02 1.018458097406008296e-02 1.017635840922270947e-02 1.016354304009813546e-02 1.016411461631291230e-02
0.000000000000000000e+00 0.000000000000000000e+00 0.000000000000000000e+00 0.000000000000000000e+00 0.000000000000000000e+00 0.000000000000000000e+00 0.000000000000000000e+00 0.000000000000000000e+00 0.000000000000000000e+00 0.000000000000000000e+00 0.000000000000000000e+00 0.000000000000000000e+00 0.000000000000000000e+00 0.000000000000000000e+00 0.000000000000000000e+00 0.000000000000000000e+00 0.000000000000000000e+00 0.000000000000000000e+00 0.000000000000000000e+00
0.000000000000000000e+00 0.000000000000000000e+00 -1.431891231902758521e-01 -1.431891231902758521e-01 -1.431891231902758521e-01 -1.562372320409897153e-01 -1.562372320409897153e-01 -1.562372320409897153e-01 -1.574262409600110380e-01 -1.574262409600110380e-01 -1.574262409600110380e-01 -1.575345893977568579e-01 -1.575345893977568579e-01 -1.575345893977568579e-01 -1.575444626491464273e-01 -1.575444626491464273e-01 -1.575444626491464273e-01 -1.575453623491792909e-01 -1.575453623491792909e-01
0.000000000000000000e+00 3.674234614174767266e-01 3.674234614174767266e-01 3.218609614174767208e-01 3.218609614174767208e-01 3.218609614174767208e-01 3.177090786049767135e-01 3.177090786049767135e-01 3.177090786049767135e-01 3.173307382836876300e-01 3.173307382836876300e-01 3.173307382836876300e-01 3.172962620219101915e-01 3.172962620219101915e-01 3.172962620219101915e-01 3.172931203725557481e-01 3.172931203725557481e-01 3.172931203725557481e-01 3.172928340897583355e-01
0.000000000000000000e+00 0.000000000000000000e+00 0.000000000000000000e+00 -1.228835463156115020e-02 -2.835703127789686306e-02 -2.835703127789685613e-02 -2.067427776986796584e-02 -2.009369067574129017e-02 -2.096832700385150780e-02 -2.139701509189768924e-02 -2.125058804349630806e-02 -2.126447887548250232e-02 -2.134568348164059270e-02 -2.134643021540169952e-02 -2.134199467955048141e-02 -2.134612641958299681e-02 -2.134952698015492659e-02 -2.134989551857161341e-02 -2.134995222843592139e-02
0.000000000000000000e+00 0.000000000000000000e+00 0.000000000000000000e+00 0.000000000000000000e+00 2.467198732531902111e-02 -1.945088969571303131e-02 -2.370317065206298084e-03 7.532858991230852522e-03 2.000539985135588953e-03 -1.141103418878021978e-03 7.072137184238037845e-04 1.155052674669961119e-03 7.029460877301990564e-04 5.970072263067656296e-04 7.268960760426487278e-04 7.409360625555249779e-04 7.143443956748846786e-04 7.105153694832171303e-04 7.190751858709065660e-04
0.000000000000000000e+00 0.000000000000000000e+00 0.000000000000000000e+00 1.794673938478671613e-02 2.921992400213469301e-02 2.541152059012789094e-02 2.514977666672544784e-02 2.615496632143357592e-02 2.646605427566939631e-02 2.561836241513022749e-02 2.552613932960126619e-02 2.550439822177131416e-02 2.546843527976840049e-02 2.538635078149533222e-02 2.536911975498846311e-02 2.535472536439516839e-02 2.534643756769297193e-02 2.533780264031308682e-02 2.533472520353326554e-02
1.000000000000000000e+00 1.000000000000000000e+00 1.000000000000000000e+00 1.000000000000000000e+00 1.000000000000000000e+00 1.000000000000000000e+00 1.000000000000000000e+00 1.000000000000000000e+00 1.000000000000000000e+00 1.000000000000000000e+00 1.000000000000000000e+00 1.000000000000000000e+00 1.000000000000000000e+00 1.000000000000000000e+00 1.000000000000000000e+00 1.000000000000000000e+00 1.000000000000000000e+00 1.000000000000000000e+00 1.000000000000000000e+00
0.000000000000000000e+00 -4.499999999999999001e-01 -4.499999999999999001e-01 -4.499999999999999001e-01 -4.910062499999998664e-01 -4.910062499999998664e-01 -4.910062499999998664e-01 -4.947429445312498952e-01 -4.947429445312498952e-01 -4.947429445312498952e-01 -4.950834508204101092e-01 -4.950834508204101092e-01 -4.950834508204101092e-01 -4.951144794560097817e-01 -4.951144794560097817e-01 -4.951144794560097817e-01 -4.951173069404287697e-01 -4.951173069404287697e-01 -4.951173069404287697e-01
0.000000000000000000e+00 0.000000000000000000e+00 -1.169134295108992111e-01 -1.169134295108992111e-01 -1.483261635011182689e-01 -1.661197155021440774e-01 -1.716784756450710492e-01 -1.782902149053081087e-01 -1.832489313160392264e-01 -1.866378564726548506e-01 -1.883970417200270531e-01 -1.895141759468507714e-01 -1.901086970241438467e-01 -1.905251313891811182e-01 -1.907699410478719548e-01 -1.909080534513071803e-01 -1.909936038349314136e-01 -1.910507986960096327e-01 -1.910834105111637871e-01
0.000000000000000000e+00 0.000000000000000000e+00 0.000000000000000000e+00 -1.822499999999999676e-01 -1.822499999999999676e-01 -1.822499999999999676e-01 -1.988575312499999692e-01 -1.988575312499999692e-01 -1.988575312499999692e-01 -2.003708925351562198e-01 -2.003708925351562198e-01 -2.003708925351562198e-01 -2.005087975822661128e-01 -2.005087975822661128e-01 -2.005087975822661128e-01 -2.005213641796839696e-01 -2.005213641796839696e-01 -2.005213641796839696e-01 -2.005225093108736756e-01
0.000000000000000000e+00 -2.598076211353316234e-01 1.354319084088243842e-02 7.685153983517567511e-02 1.130149699180245729e-02 -2.066823843994182520e-05 2.363443207312118308e-02 2.720302173585101291e-02 2.085616764894225247e-02 2.079862969255062352e-02 2.236628399286256369e-02 2.229452405450821351e-02 2.189766260782190568e-02 2.193118464203329399e-02 2.201697534009745480e-02 2.200306027997270958e-02 2.197801507522224168e-02 2.198067344948491028e-02 2.198550188539594163e-02
0.000000000000000000e+00 0.000000000000000000e+00 0.000000000000000000e+00 -6.443510543562414039e-02 -6.443510543562414039e-02 -6.443510543562414039e-02 -7.030675441844537465e-02 -7.030675441844537465e-02 -7.030675441844537465e-02 -7.084180843200496569e-02 -7.084180843200496569e-02 -7.084180843200496569e-02 -7.089056522899059298e-02 -7.089056522899059298e-02 -7.089056522899059298e-02 -7.089500819211588811e-02 -7.089500819211588811e-02 -7.089500819211588811e-02 -7.089541305713067953e-02
0.000000000000000000e+00 0.000000000000000000e+00 0.000000000000000000e+00 1.096532770014179009e-01 1.223955065366262585e-02 4.808530762683710662e-04 3.391214106300088210e-02 3.941221577952563893e-02 3.039942345100409005e-02 3.050265318778725560e-02 3.258595531198613809e-02 3.245156461514396573e-02 3.185977360388186214e-02 3.190444547034989448e-02 3.200705009022834779e-02 3.198120906198278351e-02 3.194093424237658130e-02 3.194273053312073063e-02 3.194733352357218698e-02
1.000000000000000000e+00 9.999999999999997780e-02 9.999999999999997780e-02 9.999999999999997780e-02 9.999999999999997780e-02 9.999999999999997780e-02 9.999999999999997780e-02 9.999999999999997780e-02 9.999999999999997780e-02 9.999999999999997780e-02 9.999999999999997780e-02 9.999999999999997780e-02 9.999999999999997780e-02 9.999999999999997780e-02 9.999999999999997780e-02 9.999999999999997780e-02 9.999999999999997780e-02 9.999999999999997780e-02 9.999999999999997780e-02
0.000000000000000000e+00 0.000000000000000000e+00 0.000000000000000000e+00 0.000000000000000000e+00 0.000000000000000000e+00 0.000000000000000000e+00 0.000000000000000000e+00 0.000000000000000000e+00 0.000000000000000000e+00 0.000000000000000000e+00 0.000000000000000000e+00 0.000000000000000000e+00 0.000000000000000000e+00 0.000000000000000000e+00 0.000000000000000000e+00 0.000000000000000000e+00 0.000000000000000000e+00 0.000000000000000000e+00 0.000000000000000000e+00
0.000000000000000000e+00 0.000000000000000000e+00 0.000000000000000000e+00 0.000000000000000000e+00 0.000000000000000000e+00 0.000000000000000000e+00 0.000000000000000000e+00 0.000000000000000000e+00 0.000000000000000000e+00 0.000000000000000000e+00 0.000000000000000000e+00 0.000000000000000000e+00 0.000000000000000000e+00 0.000000000000000000e+00 0.000000000000000000e+00 0.000000000000000000e+00 0.000000000000000000e+00 0.000000000000000000e+00 0.000000000000000000e+00
1.000000000000000000e+00 1.000000000000000000e+00 1.000000000000000000e+00 1.000000000000000000e+00 1.000000000000000000e+00 1.000000000000000000e+00 1.000000000000000000e+00 1.000000000000000000e+00 1.000000000000000000e+00 1.000000000000000000e+00 1.000000000000000000e+00 1.000000000000000000e+00 1.000000000000000000e+00 1.000000000000000000e+00 1.000000000000000000e+00 1.000000000000000000e+00 1.000000000000000000e+00 1.000000000000000000e+00 1.000000000000000000e+00
0.000000000000000000e+00 4.499999999999999001e-01 4.499999999999997752e-02 -1.038065018740780832e-01 3.011934981259218116e-02 7.932684981259216506e-02 3.504009981259217227e-02 1.876810883266174027e-02 3.341290071459913219e-02 3.879374083959913344e-02 3.395098472709912746e-02 3.217164251344373921e-02 3.377305050573359280e-02 3.436144537340234811e-02 3.383188999250047457e-02 3.363731892143725227e-02 3.381243288539414332e-02 3.387677386417372455e-02 3.381886698327210561e-02
0.000000000000000000e+00 0.000000000000000000e+00 0.000000000000000000e+00 1.794673938478671613e-02 2.921992400213469301e-02 2.541152059012789094e-02 2.514977666672544784e-02 2.615496632143357592e-02 2.646605427566939631e-02 2.561836241513022749e-02 2.552613932960126619e-02 2.550439822177131416e-02 2.546843527976840049e-02 2.538635078149533222e-02 2.536911975498846311e-02 2.535472536439516839e-02 2.534643756769297193e-02 2.533780264031308682e-02 2.533472520353326554e-02
0.000000000000000000e+00 0.000000000000000000e+00 8.538149682454625189e-02 8.538149682454625189e-02 8.138778170776742038e-02 8.552981422107167053e-02 8.413051745695800110e-02 8.306953621932344767e-02 8.343886648163734154e-02 8.355316749458795156e-02 8.315378727116014279e-02 8.311990234585248105e-02 8.311191415275855088e-02 8.309068896486289379e-02 8.306052919437867388e-02 8.305419811097575211e-02 8.304817922082119441e-02 8.304513408986935463e-02 8.304196141496235362e-02
0.000000000000000000e+00 0.000000000000000000e+00 0.000000000000000000e+00 0.000000000000000000e+00 1.164045104579485127e-04 5.624091604160958574e-03 8.778251368668943400e-03 8.663226969827587595e-03 1.132183787418952411e-02 1.287779319329779119e-02 1.358819814134462796e-02 1.375022970855717050e-02 1.411486725120286202e-02 1.427227127379616239e-02 1.436561375095702156e-02 1.441277628668615959e-02 1.445726571265554955e-02 1.447897688558410535e-02 1.449264266086439795e-02
0.000000000000000000e+00 0.000000000000000000e+00 0.000000000000000000e+00 2.498001805406602278e-17 6.245004513516505694e-18 -3.256672275603334098e-18 6.245004513516505694e-18 1.249000902703301139e-17 0.000000000000000000e+00 6.245004513516505694e-18 6.245004513516505694e-18 6.245004513516505694e-18 6.245004513516505694e-18 6.245004513516505694e-18 1.249000902703301139e-17 1.249000902703301139e-17 6.245004513516505694e-18 6.245004513516505694e-18 6.245004513516505694e-18
