attr	ADAM9	ANXA1	ATF3	AURKA	BACE1	BGN	BIRC6	BUB1	CABLES2	CCNG2	CD55	CDC20	CHEK2	CKAP5	COL13A1	CTNNB1	CXXC5	DNAJB2	EGFR	ERBB2	ERBB3	EVL	FBLN1	FDPS	FGF13	FN1	FOS	FOXM1	FYN	GSK3B	GSN	HDAC3	HIPK2	HMGA2	HMGB2	HMGCR	HUWE1	ICAM1	IGF1R	IL4R	IL7R	ITGB8	JUN	KAT2A	LATS2	LIMK2	LRP1	LTBP3	MAD2L2	MAPK1	MAPK13	MAPK14	MAPK6	MAPKAPK2	MAPT	MEX3B	MOCOS	MVD	MVK	NDC80	NUF2	PAG1	PIAS1	PIAS3	PKIA	PLK1	PMVK	PPM1D	PRPF4	PTPRA	RASGRF1	RELA	RFWD2	RHOA	RHOD	ROCK1	RPS6KA1	RPS6KA5	RRM2B	S100A2	SELPLG	SERPINA1	SH3YL1	SHC1	SKIL	SMAD2	SMAD4	SNAI1	SNAP29	SNRPA	SREBF2	SRPK1	STAT3	STX6	TACC1	TAF12	TAF1B	TBL1X	TCF3	TGFA	TGFB1	TNIK	TNK2	TOP2A	TP53	TP53:SMAD2	TP63	TPR	TPX2	TRIM33	TRIOBP	UBE2I	VDR	VIM	WNT5A	ZBTB17
attractor2	1	1	1	1	1	1	-1	1	1	-1	1	-1	1	1	1	1	1	1	1	1	1	1	1	1	1	1	1	-1	1	1	1	0	1	1	1	1	1	1	-1	1	1	-1	1	1	1	-1	1	-1	-1	1	1	1	0	1	1	1	-1	1	1	1	-1	1	1	-1	1	1	1	1	0	1	1	1	-1	1	-1	1	0	1	1	1	1	1	1	1	1	1	1	1	1	1	1	1	1	1	1	-1	1	1	1	1	1	1	1	1	1	1	-1	1	-1	1	1	1	1	1	1	1
attractor4	1	1	1	1	1	1	-1	1	1	1	1	1	0	1	1	1	1	-1	1	1	1	1	-1	1	1	1	1	1	-1	0	1	0	0	1	1	1	-1	1	1	1	1	1	1	1	1	1	-1	-1	1	1	1	0	0	0	-1	1	-1	1	1	0	0	0	0	1	1	1	1	0	1	1	1	1	1	1	1	1	1	1	1	1	1	1	-1	1	1	1	1	1	1	1	-1	1	1	-1	-1	-1	1	-1	1	1	1	1	1	1	-1	1	-1	1	1	1	1	0	-1	1	1	0
attractor11	1	1	1	1	1	1	-1	1	1	1	-1	-1	-1	1	1	1	1	1	1	1	1	1	-1	1	-1	1	1	-1	1	-1	1	1	1	-1	1	1	-1	1	1	1	1	1	1	1	-1	-1	-1	-1	-1	0	1	1	1	1	1	1	-1	1	1	0	1	1	1	-1	1	1	1	1	1	1	1	1	1	1	-1	1	1	1	1	1	1	1	1	1	1	1	1	1	1	1	1	1	1	1	-1	1	1	1	1	1	1	1	1	1	1	1	-1	1	1	1	-1	1	1	1	1	0
attractor17	1	1	1	1	1	1	1	1	1	1	1	-1	-1	-1	1	1	1	1	1	1	1	1	-1	1	1	1	1	-1	1	-1	1	0	0	1	1	1	-1	1	1	1	1	-1	-1	1	-1	-1	-1	-1	1	0	1	1	1	1	1	1	1	1	1	-1	-1	1	1	-1	-1	1	1	1	0	-1	1	-1	-1	1	1	1	1	1	1	1	1	1	1	1	1	1	1	-1	1	1	1	1	1	1	-1	-1	1	1	1	1	1	1	1	1	1	1	-1	1	-1	1	-1	1	1	1	1	1
attractor20	1	1	1	1	1	1	-1	1	1	1	-1	1	1	1	1	-1	1	1	1	1	1	1	-1	1	1	-1	1	-1	-1	1	-1	0	1	-1	1	1	-1	1	1	1	1	-1	1	1	1	-1	1	-1	1	1	1	1	1	1	1	1	1	1	1	0	1	0	1	-1	1	1	1	-1	1	-1	1	1	-1	1	-1	1	1	1	1	1	1	1	1	1	1	1	1	1	1	-1	1	1	1	1	-1	1	1	1	1	1	1	-1	0	1	1	1	-1	1	1	1	1	1	1	1	1	0
attractor22	-1	1	-1	1	1	1	-1	1	1	1	1	1	1	-1	1	1	1	1	1	1	1	-1	1	1	-1	1	1	1	1	1	1	1	1	-1	1	1	-1	1	1	1	1	1	-1	1	1	-1	1	-1	1	0	1	1	0	1	1	1	-1	1	1	1	1	1	1	-1	1	1	1	-1	0	-1	1	-1	-1	1	1	1	1	1	1	1	1	1	1	1	1	1	1	-1	1	1	1	1	1	1	-1	-1	1	1	1	1	1	1	0	1	1	1	-1	1	0	-1	1	1	1	1	1	0
attractor25	1	1	1	1	1	1	-1	1	1	1	-1	1	1	1	1	1	1	1	1	1	1	1	-1	1	1	1	1	1	-1	-1	1	0	0	1	1	1	1	1	1	1	1	-1	1	1	1	-1	-1	-1	1	0	1	1	1	1	-1	1	1	1	1	1	-1	1	1	1	1	1	1	0	0	1	1	1	-1	1	1	1	1	1	1	1	1	1	1	1	1	1	1	1	1	1	1	1	1	1	-1	1	1	-1	1	1	1	1	1	1	1	1	-1	1	-1	1	1	1	1	1	1	1
attractor32	1	1	1	1	1	1	-1	1	1	-1	1	1	-1	-1	1	1	1	1	1	1	1	1	-1	1	-1	1	1	1	1	0	-1	0	0	1	1	1	-1	1	1	1	1	1	1	1	-1	-1	-1	1	-1	0	1	0	0	0	-1	1	1	1	1	1	0	0	1	1	1	1	1	1	1	1	1	-1	1	1	1	1	1	0	1	1	1	1	1	1	1	1	-1	1	1	1	1	1	1	1	-1	1	1	1	1	1	1	1	1	1	1	1	-1	1	0	1	1	1	1	1	1	0
attractor33	1	1	1	1	1	-1	1	1	1	1	1	1	-1	1	1	-1	1	1	-1	-1	-1	1	-1	1	1	-1	1	-1	-1	-1	-1	1	1	1	1	-1	-1	1	1	1	1	1	1	1	-1	-1	-1	-1	-1	1	1	1	0	1	-1	1	1	1	-1	0	0	0	1	-1	1	1	1	1	1	-1	1	-1	1	1	-1	1	1	1	1	1	1	1	1	1	1	1	1	1	1	1	-1	1	1	1	-1	1	1	-1	1	1	1	1	1	1	-1	1	-1	1	1	1	-1	1	-1	1	1	0
attractor37	1	1	1	1	1	1	1	1	1	1	1	1	1	-1	1	1	1	1	1	1	1	-1	-1	1	1	1	1	1	-1	1	1	1	1	1	1	1	1	1	1	1	1	-1	-1	1	1	1	1	1	-1	0	1	1	1	1	1	1	-1	1	1	-1	1	1	1	-1	1	1	1	-1	0	1	1	1	-1	1	1	1	1	1	1	1	1	1	1	1	1	1	1	1	1	1	1	1	1	1	-1	1	1	1	1	1	1	1	1	-1	1	1	-1	1	1	1	1	1	1	1	1	1
attractor41	1	1	1	1	-1	1	-1	1	1	1	-1	-1	1	1	1	1	1	1	1	1	1	1	1	1	1	1	1	-1	-1	0	1	0	1	1	1	1	1	1	-1	1	1	1	1	1	1	1	1	1	1	1	1	0	0	0	1	1	1	1	1	1	0	1	1	1	-1	1	1	-1	1	1	1	1	1	1	-1	1	1	1	1	1	1	1	1	1	1	1	1	1	1	1	1	1	1	1	-1	-1	1	1	-1	1	1	1	0	0	1	1	-1	1	1	1	1	1	1	1	1	0
attractor46	1	-1	1	1	1	1	1	1	1	-1	1	-1	-1	-1	1	-1	1	1	-1	-1	-1	-1	-1	1	1	1	1	-1	-1	-1	-1	1	1	-1	1	1	1	1	1	1	1	-1	1	1	1	-1	-1	1	-1	0	1	1	0	1	1	1	-1	1	1	0	1	0	1	1	1	1	1	1	0	-1	1	-1	1	1	-1	1	1	1	1	1	1	1	1	1	1	1	1	1	1	-1	1	1	1	1	-1	-1	1	1	1	1	1	-1	1	1	1	1	-1	1	0	1	1	1	1	1	1	0
attractor51	-1	1	-1	1	-1	1	1	1	1	1	1	1	1	1	1	1	1	1	1	1	1	1	-1	1	-1	1	1	1	-1	0	1	0	1	1	1	1	-1	1	-1	1	1	1	0	1	1	1	-1	-1	-1	0	1	0	0	0	-1	1	1	1	1	0	1	1	1	1	1	1	1	-1	0	-1	1	1	1	1	-1	1	1	0	1	1	1	1	1	1	1	1	1	1	1	-1	1	1	1	1	1	1	1	-1	1	1	1	1	0	1	1	1	-1	1	1	1	-1	1	1	1	1	0
attractor55	1	-1	1	1	1	-1	1	1	1	1	1	-1	-1	1	1	-1	1	-1	-1	-1	-1	1	-1	1	1	1	1	1	1	-1	1	1	1	1	1	1	-1	1	1	1	1	-1	1	1	-1	1	1	-1	-1	0	1	1	0	1	-1	1	1	1	1	1	-1	1	1	1	1	1	1	1	1	1	1	-1	1	1	1	1	0	1	1	1	1	1	1	1	1	1	1	-1	1	1	1	1	1	-1	-1	1	1	1	1	1	1	-1	1	-1	-1	1	-1	1	1	1	1	1	1	1	1	1
attractor67	1	1	1	1	1	1	-1	1	1	1	1	1	1	-1	1	1	1	1	1	1	1	-1	1	1	-1	1	1	-1	-1	1	1	1	1	-1	1	1	1	1	1	1	1	-1	1	1	1	-1	-1	1	1	1	1	1	1	1	-1	1	-1	1	1	-1	1	1	1	1	1	1	1	-1	1	1	1	1	1	1	-1	1	1	1	1	1	1	1	1	1	1	1	1	1	1	-1	1	1	1	1	1	-1	1	1	1	1	1	1	1	-1	1	1	-1	1	-1	1	1	1	1	1	1	1
attractor71	1	1	1	1	1	1	1	1	1	-1	1	-1	1	1	1	-1	-1	1	1	1	1	1	-1	1	1	1	-1	1	1	-1	1	1	1	1	1	1	-1	1	1	1	-1	-1	1	1	1	1	1	-1	1	0	1	1	0	1	1	1	1	1	1	1	1	1	1	-1	1	1	1	1	1	-1	1	-1	1	1	1	1	0	1	1	1	1	1	1	1	1	1	-1	1	-1	1	1	1	1	1	1	1	1	1	1	1	1	1	1	-1	1	1	-1	1	-1	1	1	1	1	1	1	1
attractor75	1	1	1	1	-1	1	1	1	1	-1	1	1	1	-1	1	-1	1	1	-1	1	1	-1	-1	1	-1	-1	1	1	1	1	-1	1	1	-1	1	1	1	1	-1	1	1	-1	-1	1	1	1	1	-1	1	1	1	1	0	1	-1	1	1	1	1	0	1	1	1	-1	1	1	1	-1	1	-1	1	1	1	1	-1	1	1	1	1	1	1	1	1	1	1	1	1	1	1	-1	1	1	1	-1	-1	1	1	1	1	1	1	-1	1	1	1	1	-1	1	1	1	1	1	1	1	1	0
attractor76	-1	-1	-1	1	1	-1	1	1	1	-1	-1	1	-1	1	1	-1	-1	1	-1	-1	-1	1	1	1	1	1	-1	1	1	1	-1	0	1	1	1	1	-1	-1	1	1	1	1	-1	1	-1	1	1	-1	1	0	-1	1	0	1	1	1	1	1	1	1	1	1	1	1	1	1	1	1	1	1	-1	-1	1	1	-1	1	0	1	-1	1	1	1	-1	-1	1	1	1	1	1	1	1	1	1	-1	1	1	1	1	1	1	1	-1	1	0	1	1	-1	1	1	1	1	1	1	1	1	0
attractor77	1	1	1	1	1	1	1	1	1	-1	1	1	-1	1	1	-1	1	1	-1	1	1	-1	1	1	1	1	1	1	1	-1	1	0	0	-1	-1	1	1	1	1	1	1	-1	-1	1	-1	1	1	1	1	0	1	1	0	1	1	1	1	1	1	1	0	1	1	1	1	1	1	1	0	-1	1	1	1	1	1	-1	1	1	1	-1	1	1	1	1	1	1	1	-1	1	-1	1	-1	1	1	1	1	1	1	1	1	1	1	0	0	1	1	-1	-1	0	-1	1	1	1	1	1	0
attractor78	-1	1	1	1	1	-1	-1	1	1	-1	-1	1	1	-1	1	-1	1	1	1	1	1	-1	1	1	1	1	1	1	1	1	-1	1	1	-1	1	1	-1	1	1	1	1	-1	1	1	1	-1	-1	-1	1	0	1	1	1	1	-1	1	-1	1	1	1	1	1	1	-1	1	1	1	1	0	-1	1	-1	1	1	-1	1	1	1	1	1	1	1	1	1	1	1	-1	1	1	1	1	1	1	-1	1	1	1	-1	1	1	1	1	1	1	1	1	-1	1	1	1	1	1	1	1	1	0
attractor81	1	1	1	1	-1	-1	1	1	1	-1	-1	1	1	1	1	-1	1	1	1	1	1	-1	1	1	-1	1	1	1	1	-1	1	1	1	1	1	1	1	1	1	1	1	-1	-1	1	1	-1	-1	1	1	0	1	1	1	1	-1	1	-1	1	1	1	-1	1	1	-1	1	1	1	1	0	1	1	1	1	1	1	1	1	1	1	1	1	1	1	1	-1	1	1	1	1	-1	1	1	1	1	1	-1	1	-1	1	1	1	-1	1	-1	1	1	-1	1	1	1	1	1	1	1	1	1
attractor82	1	1	1	1	1	1	-1	-1	1	1	-1	-1	1	1	1	-1	1	1	-1	-1	-1	-1	1	1	-1	1	1	-1	1	1	-1	1	1	-1	-1	1	1	1	1	1	-1	1	-1	-1	1	1	1	1	1	0	1	1	0	1	1	1	1	1	1	1	-1	1	1	1	1	1	1	1	0	1	1	-1	-1	1	-1	1	1	1	1	-1	1	1	1	1	1	1	1	1	1	1	1	-1	-1	1	-1	1	1	1	1	1	1	1	1	1	1	1	-1	1	-1	1	-1	1	1	1	1	1
attractor84	-1	1	1	1	1	1	1	1	1	1	-1	1	1	1	1	1	1	1	1	1	1	1	-1	1	1	1	-1	-1	1	-1	-1	1	1	1	1	1	-1	1	1	1	1	1	1	1	1	1	1	-1	-1	1	1	1	1	1	-1	-1	1	1	1	0	0	0	1	1	-1	1	1	-1	1	-1	1	1	1	1	-1	1	1	1	1	1	1	1	1	1	1	1	1	1	-1	1	1	1	1	1	-1	-1	1	-1	1	1	1	1	1	1	1	1	-1	1	1	1	1	1	1	1	1	0
attractor90	1	-1	-1	1	-1	1	-1	1	1	-1	-1	-1	1	-1	1	-1	1	1	1	1	1	1	-1	1	1	-1	1	-1	-1	0	-1	0	1	-1	1	1	1	1	1	1	1	-1	1	1	1	-1	-1	1	-1	0	1	0	0	0	1	1	1	1	1	-1	-1	1	1	1	1	1	1	1	1	1	1	1	-1	1	-1	1	1	1	1	1	1	1	1	1	1	1	1	1	1	1	-1	1	1	1	-1	-1	1	-1	1	1	1	1	1	-1	-1	1	-1	1	1	1	1	1	-1	1	1	1
attractor91	1	1	1	1	1	1	-1	1	1	1	-1	-1	1	-1	1	1	1	1	1	1	1	-1	-1	1	-1	-1	1	-1	-1	1	-1	1	1	1	1	1	1	1	-1	1	1	-1	1	1	1	-1	-1	-1	-1	1	1	1	1	1	1	1	1	1	1	-1	-1	1	1	-1	1	1	1	-1	0	1	1	1	-1	1	-1	1	1	1	1	1	1	1	1	1	1	1	1	1	1	-1	1	1	1	1	-1	1	1	1	1	1	1	1	1	1	1	1	-1	1	1	1	1	1	1	1	1	1
attractor92	1	1	1	1	1	1	1	1	1	-1	-1	-1	1	1	1	-1	1	1	1	1	1	1	-1	1	1	-1	1	1	-1	1	1	1	1	1	1	-1	-1	1	1	1	1	1	1	1	1	1	-1	-1	1	1	1	1	1	1	1	1	-1	1	1	-1	1	1	1	-1	1	1	1	-1	0	-1	1	1	1	1	-1	1	1	1	1	1	1	1	-1	1	1	1	1	1	1	1	-1	1	1	-1	-1	-1	1	1	1	1	1	-1	1	-1	-1	1	-1	1	1	1	1	1	1	1	1	1
attractor94	1	1	-1	1	-1	1	1	1	1	-1	1	1	1	1	1	1	-1	1	1	1	1	-1	-1	1	1	1	1	1	-1	-1	-1	0	1	1	1	1	-1	1	1	1	1	-1	-1	1	1	1	1	-1	1	1	-1	1	0	1	1	-1	1	1	1	1	1	1	1	1	1	1	1	-1	0	1	1	1	1	1	-1	1	0	1	1	1	1	1	-1	-1	1	1	1	1	1	1	1	1	1	1	1	-1	1	1	1	1	1	1	1	0	1	1	-1	1	1	1	1	1	1	1	1	0
attractor95	1	1	1	1	-1	1	-1	1	1	-1	-1	1	1	-1	1	1	1	1	1	1	1	1	-1	1	1	1	1	-1	-1	-1	-1	0	1	-1	1	1	-1	1	1	1	1	1	1	1	1	-1	1	-1	1	1	1	1	0	1	1	-1	1	1	1	1	-1	1	1	1	-1	1	1	1	0	-1	1	1	-1	1	1	1	0	1	1	1	1	1	1	1	1	1	1	1	1	-1	1	1	1	1	1	1	1	1	1	1	1	1	1	1	1	1	-1	1	1	1	1	1	1	1	1	1
attractor98	-1	1	1	1	1	1	1	1	1	-1	1	-1	-1	1	1	1	1	1	1	1	1	-1	-1	1	1	1	1	-1	1	1	1	1	1	1	1	1	-1	1	1	1	1	-1	-1	1	-1	1	-1	-1	-1	0	1	1	1	1	-1	1	-1	1	1	0	0	1	1	1	1	1	1	1	1	-1	1	-1	-1	1	-1	1	1	1	1	1	1	1	1	1	1	1	1	-1	1	1	1	1	1	1	1	-1	1	1	1	1	1	1	1	0	1	1	-1	1	1	1	-1	1	1	1	1	0
attractor101	-1	1	1	1	-1	1	-1	1	1	1	1	1	-1	-1	1	1	1	1	1	1	1	1	1	1	-1	1	1	1	1	1	-1	0	0	1	1	1	-1	1	1	1	1	1	-1	1	-1	-1	1	-1	1	0	1	1	1	1	-1	1	-1	1	1	1	1	1	1	-1	-1	1	1	1	1	-1	1	1	1	1	-1	1	1	1	1	1	1	1	1	1	1	1	1	1	1	-1	1	1	1	1	1	1	1	1	1	1	1	1	1	-1	1	1	-1	1	-1	1	-1	1	1	1	1	1
attractor102	1	1	1	1	1	1	1	1	1	1	1	1	1	1	1	1	1	1	1	1	1	-1	-1	1	1	1	1	-1	1	1	1	1	1	1	1	1	1	1	1	1	1	-1	1	1	1	-1	-1	-1	-1	0	1	1	0	1	-1	1	1	1	1	-1	-1	1	1	-1	-1	1	1	1	0	1	1	-1	-1	1	1	1	1	1	1	1	1	1	1	1	1	1	-1	-1	1	-1	1	1	1	1	-1	1	1	-1	1	1	1	1	1	1	1	1	-1	1	1	-1	1	1	1	1	1	1
attractor107	1	1	1	1	-1	1	-1	1	1	-1	-1	1	1	-1	1	-1	1	1	1	1	1	1	1	1	1	1	-1	1	1	1	-1	1	1	1	1	1	-1	1	-1	1	1	-1	1	1	1	-1	-1	1	-1	0	1	1	1	1	-1	1	-1	1	1	1	1	1	1	-1	1	1	1	1	1	1	1	1	1	1	-1	1	1	1	1	1	1	1	1	1	1	1	1	1	1	-1	1	1	1	-1	-1	1	1	-1	1	1	1	-1	0	1	1	1	-1	1	0	1	-1	1	1	-1	1	0
attractor113	1	1	1	1	-1	1	-1	1	1	1	1	1	1	1	1	1	1	1	1	1	1	1	-1	1	1	1	1	1	1	-1	1	0	1	1	1	1	-1	1	1	1	1	1	1	1	1	1	-1	1	-1	0	1	1	1	1	-1	-1	1	1	1	1	0	1	1	-1	1	1	1	-1	0	1	1	1	-1	1	-1	1	1	1	1	1	1	1	1	1	1	1	1	1	1	1	1	1	1	1	-1	1	1	-1	1	1	1	1	1	0	1	1	-1	1	0	1	-1	1	1	1	1	0
attractor118	1	1	1	1	-1	1	1	1	1	-1	1	-1	1	-1	1	1	1	1	1	1	1	-1	1	1	1	1	1	1	1	-1	-1	1	1	1	1	1	1	1	-1	1	1	1	1	1	1	1	1	1	-1	0	1	1	0	1	1	-1	-1	1	1	1	1	1	1	-1	-1	1	1	1	1	1	1	1	1	1	1	1	0	1	1	1	1	1	1	1	1	1	1	1	1	-1	1	1	1	1	1	1	1	1	1	1	1	1	1	-1	1	1	-1	1	-1	1	1	1	1	1	1	1
attractor122	1	1	-1	1	1	1	-1	1	1	1	1	1	-1	1	1	1	1	1	1	1	1	-1	-1	1	-1	1	1	1	-1	-1	1	1	1	1	1	1	1	1	1	1	1	-1	1	1	-1	1	-1	1	1	1	1	1	1	1	-1	1	1	1	1	1	0	1	1	-1	1	1	1	1	1	1	1	1	1	1	1	1	1	1	1	1	1	1	1	1	1	1	1	1	1	1	1	1	1	1	1	-1	1	1	1	1	1	1	1	0	1	1	-1	1	1	1	1	1	1	1	1	0
attractor125	1	1	1	1	1	1	-1	1	1	1	1	-1	1	1	1	1	1	1	1	1	1	-1	1	1	1	1	1	-1	-1	-1	-1	1	1	1	1	1	-1	1	1	1	1	-1	1	1	1	1	-1	-1	-1	0	1	1	0	1	1	1	-1	1	1	-1	1	1	1	-1	-1	1	1	1	0	-1	1	1	-1	1	-1	1	0	1	1	1	1	1	1	1	1	1	1	1	1	1	1	1	1	1	-1	-1	1	-1	1	1	1	1	1	-1	1	1	-1	1	1	1	1	1	1	1	1	1
attractor126	-1	1	1	1	1	1	-1	1	1	-1	-1	-1	1	-1	1	1	1	1	1	1	1	1	1	1	1	1	-1	-1	-1	1	1	0	1	-1	1	1	-1	1	1	1	1	1	1	1	1	-1	1	1	1	1	1	1	1	1	-1	1	-1	1	1	-1	-1	1	1	1	-1	1	1	-1	1	-1	1	1	1	1	-1	1	1	1	1	1	1	1	1	1	1	1	1	1	1	-1	1	1	1	1	-1	-1	1	1	1	1	1	1	1	-1	1	1	-1	1	1	1	-1	1	1	1	1	1
attractor130	-1	1	1	1	1	1	1	1	1	1	1	1	1	1	1	1	1	1	1	1	1	-1	1	1	-1	1	1	1	-1	-1	-1	1	1	-1	1	1	1	1	-1	1	1	-1	1	1	1	1	-1	1	-1	0	1	1	0	1	-1	-1	1	1	1	1	0	1	1	1	-1	1	1	-1	1	-1	1	1	1	1	-1	1	0	1	1	1	1	1	1	1	1	1	1	1	1	-1	1	1	1	1	1	1	1	1	1	1	1	1	0	0	1	1	-1	1	1	1	-1	1	1	1	1	0
attractor131	1	-1	1	1	1	1	1	1	1	1	-1	1	1	1	1	-1	1	-1	-1	-1	-1	-1	-1	1	1	1	1	-1	1	1	-1	1	1	1	1	1	-1	1	1	1	1	-1	1	1	1	1	-1	1	-1	1	1	1	0	1	-1	1	-1	1	1	-1	-1	1	1	1	1	1	1	-1	0	-1	1	-1	-1	1	-1	1	1	1	1	1	1	1	1	1	1	1	-1	1	1	1	1	1	1	1	-1	-1	1	1	1	1	1	-1	1	-1	1	1	-1	1	-1	1	1	1	1	-1	1	1
attractor135	-1	1	-1	1	1	1	-1	1	1	-1	1	1	-1	1	1	1	1	1	1	1	1	-1	1	1	1	1	1	1	-1	1	1	0	0	1	1	1	-1	1	1	1	1	1	-1	1	-1	-1	1	-1	-1	0	1	0	0	0	-1	1	-1	1	1	-1	1	1	1	-1	-1	1	1	1	0	-1	1	-1	1	1	1	1	1	0	1	1	1	1	1	1	1	-1	-1	-1	1	-1	1	1	1	1	1	-1	1	1	1	1	-1	1	1	-1	1	1	-1	1	-1	1	-1	1	1	1	1	1
attractor137	1	1	1	1	-1	1	1	1	1	-1	-1	1	1	1	-1	1	-1	1	-1	1	1	-1	1	1	1	1	1	1	-1	-1	-1	1	1	1	1	1	-1	1	-1	1	1	1	-1	1	1	1	1	-1	1	1	1	1	0	1	-1	-1	1	1	1	1	-1	1	1	-1	1	1	1	-1	0	1	1	1	1	1	1	1	0	1	-1	1	1	1	1	-1	1	1	1	1	1	1	1	1	1	-1	1	1	1	-1	-1	-1	1	1	1	-1	1	1	-1	1	1	1	1	1	1	1	1	1
attractor138	1	1	1	-1	1	1	1	1	1	-1	1	1	1	1	1	1	1	1	1	1	1	1	1	1	-1	1	1	1	1	1	-1	0	0	-1	1	1	1	1	1	1	1	-1	-1	1	1	-1	1	1	1	1	1	1	1	1	1	1	1	1	1	1	-1	1	1	1	1	1	1	0	0	-1	1	-1	-1	1	-1	-1	1	1	1	1	1	1	1	1	1	1	-1	1	1	-1	1	-1	1	1	1	1	1	1	1	1	1	1	1	-1	1	1	-1	-1	-1	1	1	1	1	1	1	1
attractor141	1	1	1	1	1	1	-1	1	1	1	-1	1	-1	1	1	1	1	-1	1	1	1	1	-1	1	1	1	1	1	1	0	-1	0	0	1	1	1	1	1	1	1	1	1	1	1	-1	1	-1	-1	1	0	1	0	0	0	1	1	1	1	1	1	0	0	0	1	1	1	1	1	0	1	1	1	-1	1	-1	1	1	1	1	1	1	1	1	1	1	1	1	1	1	1	1	1	1	1	-1	-1	1	1	1	1	1	1	1	0	1	1	-1	1	0	1	-1	1	1	1	1	0
attractor147	1	1	-1	-1	1	1	1	-1	1	-1	1	1	-1	1	1	1	1	1	1	1	1	-1	1	1	-1	1	1	-1	1	-1	1	1	1	-1	1	1	1	1	1	1	1	-1	1	1	-1	1	1	1	-1	0	1	1	0	1	1	1	1	1	1	-1	-1	1	1	1	1	1	1	1	1	1	1	1	-1	1	1	1	1	1	1	-1	1	1	1	1	1	1	1	-1	1	1	1	1	1	1	-1	1	1	1	1	1	1	1	1	-1	1	1	-1	1	1	-1	1	1	1	1	1	1
attractor149	1	1	1	1	-1	1	-1	1	1	1	-1	1	1	-1	1	1	1	1	1	1	1	-1	-1	1	-1	1	1	-1	-1	-1	1	0	1	1	1	1	1	1	1	1	1	-1	1	1	1	-1	-1	1	1	0	1	1	1	1	-1	1	1	1	1	-1	-1	1	1	-1	1	1	1	1	1	1	1	1	1	1	-1	1	1	1	1	1	1	1	1	1	1	1	1	1	1	1	1	1	1	1	1	-1	1	1	1	1	1	1	1	-1	1	1	-1	1	-1	1	-1	1	1	1	1	1
attractor151	1	1	1	1	-1	1	-1	1	1	-1	1	1	0	-1	1	1	1	1	1	1	1	1	1	1	1	1	-1	1	-1	1	1	0	0	1	1	1	-1	1	1	1	1	1	1	1	0	1	1	-1	-1	0	1	0	1	1	1	1	1	1	1	-1	-1	1	1	1	-1	1	1	0	1	-1	1	1	1	1	-1	1	1	1	1	1	1	1	1	1	1	1	1	-1	-1	1	1	1	1	1	1	1	1	-1	1	1	1	1	1	-1	1	1	-1	1	1	1	1	1	1	1	1	1
attractor154	-1	-1	1	1	1	-1	1	1	1	-1	-1	1	1	1	1	-1	1	1	-1	-1	1	-1	1	1	1	1	1	-1	-1	1	1	0	1	-1	1	1	-1	1	1	1	1	-1	-1	1	1	1	-1	-1	-1	1	1	0	0	0	1	1	1	1	1	0	1	1	1	1	1	-1	1	-1	0	1	1	-1	1	1	-1	1	0	0	1	1	1	1	1	1	1	1	-1	1	1	-1	1	1	1	1	1	1	1	-1	1	1	1	1	1	1	1	1	-1	1	1	1	1	1	1	-1	1	0
attractor155	1	-1	1	1	1	1	1	1	1	-1	-1	-1	1	1	1	-1	1	1	1	1	1	1	-1	1	1	1	1	-1	1	0	1	0	1	1	1	1	1	1	1	1	1	-1	1	1	1	1	1	-1	1	0	1	0	0	1	1	1	1	1	1	-1	-1	1	1	1	1	1	1	-1	1	-1	1	1	-1	1	1	1	1	0	1	1	1	1	1	-1	1	1	1	1	1	1	1	1	1	1	-1	-1	1	1	1	1	1	1	1	-1	1	1	-1	1	-1	1	1	1	1	1	1	1
attractor156	1	1	1	1	1	1	1	1	1	-1	1	1	-1	1	1	-1	1	1	1	1	1	1	-1	1	1	1	1	1	-1	-1	1	1	1	1	1	1	-1	1	1	1	1	-1	1	1	-1	1	1	-1	1	0	-1	1	0	1	1	1	1	1	1	0	0	0	1	1	1	1	1	1	1	1	1	1	-1	1	-1	1	0	1	1	1	1	1	1	1	1	1	1	-1	1	1	1	1	1	1	-1	-1	1	-1	1	1	1	1	0	1	1	1	-1	1	0	-1	1	1	1	1	1	0
attractor158	1	1	1	1	1	1	1	1	1	1	1	1	-1	-1	1	-1	1	1	-1	-1	1	-1	-1	1	-1	1	1	1	-1	1	1	1	1	1	1	1	1	1	1	1	1	-1	-1	1	-1	1	1	-1	-1	0	1	1	0	1	1	1	1	1	1	-1	-1	1	1	-1	1	1	1	1	1	1	1	-1	-1	1	-1	1	0	1	1	1	1	1	1	1	1	1	1	1	1	1	1	1	1	1	1	-1	1	1	1	1	1	-1	1	1	1	1	-1	1	-1	1	1	1	1	1	1	1
attractor170	1	1	1	1	1	1	-1	1	1	1	1	1	0	-1	1	1	1	1	1	1	1	1	1	1	-1	1	1	1	-1	1	1	0	0	1	1	1	-1	1	-1	1	1	1	-1	1	0	1	-1	-1	1	0	1	1	0	1	1	-1	1	1	1	-1	1	1	1	-1	-1	1	1	0	0	-1	1	1	1	1	1	1	0	1	1	1	1	1	1	1	1	1	1	-1	1	1	1	1	1	1	-1	-1	1	1	1	1	1	1	1	-1	1	1	-1	1	-1	-1	1	1	1	1	1	1
attractor174	1	1	1	1	-1	1	1	1	1	1	-1	1	-1	1	1	1	1	1	1	1	1	1	-1	1	-1	1	1	1	1	-1	1	0	0	1	1	1	-1	1	1	1	1	1	1	1	1	1	-1	1	1	0	1	0	1	1	1	1	1	1	1	0	0	0	1	-1	1	1	1	1	0	1	1	1	1	1	1	1	1	1	1	1	1	1	1	1	1	1	1	1	1	-1	1	1	1	1	-1	-1	1	1	1	1	1	1	1	1	1	1	-1	1	0	1	1	1	1	1	1	0
attractor177	1	1	1	1	1	1	1	1	1	1	1	1	1	1	1	1	1	1	1	1	1	1	1	1	1	1	1	1	1	1	1	1	1	1	-1	1	1	1	1	1	-1	1	1	1	1	-1	1	1	-1	0	1	1	0	1	1	-1	1	1	1	1	0	1	1	1	1	-1	1	-1	1	1	1	-1	1	1	1	1	0	1	1	1	1	1	1	1	1	1	1	-1	1	-1	1	1	1	1	-1	1	-1	1	1	1	1	1	0	0	1	1	-1	1	1	-1	1	1	1	1	1	0
attractor180	-1	1	1	1	-1	1	1	1	1	-1	1	-1	1	1	1	1	1	1	1	1	1	-1	1	1	-1	-1	1	1	-1	1	-1	1	1	1	1	1	1	1	1	1	1	1	1	1	1	1	-1	1	1	0	1	1	0	1	-1	-1	1	1	1	1	-1	1	1	-1	1	1	1	1	0	1	1	1	1	1	1	1	1	1	1	1	1	1	1	1	1	1	1	1	1	-1	1	1	1	1	-1	1	1	-1	1	1	1	1	1	-1	1	1	-1	1	1	1	-1	1	1	1	1	1
attractor183	1	-1	1	1	-1	1	-1	1	1	-1	1	-1	1	1	1	-1	1	1	1	1	1	1	-1	1	1	1	1	-1	1	-1	1	1	1	1	1	1	1	1	1	1	1	1	1	1	1	1	1	1	-1	1	-1	1	0	1	-1	1	-1	1	1	0	1	1	1	-1	1	1	1	-1	1	1	1	1	-1	1	1	1	1	1	1	1	1	1	-1	-1	1	1	1	1	1	1	1	1	1	1	-1	-1	1	1	1	1	1	1	0	0	1	1	-1	1	1	1	1	1	1	1	1	0
attractor184	1	1	1	1	-1	1	1	1	1	-1	-1	1	1	-1	1	1	1	1	1	1	1	1	1	1	1	1	1	1	1	1	-1	0	0	-1	1	1	1	1	1	1	1	1	1	1	1	-1	-1	-1	1	1	1	1	1	1	1	1	-1	1	1	1	-1	1	1	-1	-1	1	1	1	0	-1	1	1	1	1	1	1	1	1	1	1	1	1	1	1	1	1	1	1	1	-1	1	1	1	1	1	1	1	-1	1	1	1	1	1	1	1	1	-1	1	-1	1	1	1	1	1	1	1
attractor186	1	-1	1	1	1	1	-1	1	1	1	-1	1	-1	-1	1	-1	1	1	1	1	1	1	-1	1	-1	-1	1	1	-1	-1	1	1	1	1	1	1	-1	1	-1	1	1	-1	-1	1	1	1	-1	-1	-1	0	1	1	1	1	1	1	1	1	1	1	1	1	1	-1	1	1	1	1	0	-1	1	1	1	1	-1	1	1	1	1	1	1	1	1	1	1	1	1	1	1	1	1	1	1	-1	-1	1	1	-1	1	1	1	1	0	0	1	1	-1	1	1	1	1	1	1	1	1	0
attractor187	1	1	1	1	-1	1	-1	1	1	1	1	1	1	1	1	1	1	-1	1	1	1	1	1	1	1	1	1	1	1	0	1	0	1	1	1	1	1	1	1	1	1	1	1	1	1	1	-1	-1	1	0	1	0	0	1	1	-1	-1	1	1	1	0	0	1	-1	1	1	1	-1	0	-1	1	1	-1	1	1	1	0	0	1	1	1	1	1	1	1	1	1	1	1	1	1	1	1	1	1	-1	1	1	1	1	1	1	1	1	1	1	-1	1	0	1	1	1	1	1	1	0
attractor188	-1	1	1	1	1	1	-1	1	1	1	1	1	1	1	1	-1	1	1	1	1	1	1	1	1	-1	1	1	1	1	1	-1	1	1	1	1	1	1	1	1	1	1	-1	-1	1	1	1	1	-1	-1	0	1	1	1	1	-1	1	1	1	1	-1	-1	1	1	1	1	-1	1	-1	1	1	1	1	1	1	1	1	1	1	1	1	1	1	1	1	1	1	1	1	1	-1	1	1	1	1	1	-1	1	1	1	1	1	1	1	-1	1	1	-1	1	1	1	1	1	1	1	1	1
attractor191	1	1	1	1	-1	1	1	1	1	-1	-1	-1	1	1	1	1	1	1	1	1	1	1	1	1	1	1	1	-1	1	-1	-1	0	1	1	1	1	-1	1	1	1	1	-1	1	1	1	1	1	-1	-1	1	1	0	1	1	1	1	1	1	1	1	1	1	1	1	-1	1	1	-1	1	1	1	1	1	1	1	1	1	1	1	1	1	1	1	1	1	1	1	1	1	1	1	1	1	1	1	1	1	-1	1	1	1	1	0	0	1	1	-1	1	1	1	-1	1	1	1	1	0
attractor192	1	1	1	1	1	1	-1	1	1	1	-1	1	0	-1	1	1	1	1	1	1	1	1	-1	1	1	1	1	-1	-1	0	-1	0	0	1	1	1	-1	1	1	1	1	1	1	1	0	-1	1	1	-1	1	1	0	0	0	1	-1	1	1	1	-1	1	1	0	1	1	-1	1	0	1	-1	1	1	1	1	1	1	1	1	1	1	1	1	1	1	1	1	1	1	1	1	1	1	1	1	1	1	1	-1	1	1	1	1	1	1	1	1	-1	1	-1	1	1	1	1	1	1	1
attractor193	1	1	1	1	1	1	-1	1	1	1	-1	1	1	1	1	1	1	1	1	1	1	1	-1	1	1	1	1	1	1	0	-1	0	1	1	1	1	-1	1	1	1	1	-1	1	1	1	1	-1	1	-1	0	-1	0	0	0	1	-1	1	1	1	1	1	1	0	1	1	1	1	-1	1	-1	1	1	-1	1	-1	1	1	1	1	1	1	1	-1	-1	1	1	1	1	1	1	1	1	1	1	-1	-1	1	-1	1	1	1	1	1	0	1	1	-1	1	0	1	1	0	1	1	1	0
attractor196	-1	1	-1	1	1	1	1	1	1	1	-1	-1	-1	-1	1	1	1	1	1	1	1	1	-1	1	1	1	0	-1	-1	1	1	0	0	-1	1	1	-1	1	1	1	1	-1	-1	1	-1	-1	1	1	1	0	1	0	0	0	-1	-1	-1	1	1	-1	1	1	0	-1	1	-1	1	1	0	1	1	-1	0	1	1	1	0	1	1	1	1	1	1	1	1	1	1	1	0	-1	1	1	1	1	-1	-1	1	1	1	1	1	1	1	1	-1	1	-1	1	-1	1	1	0	1	1	1	1
attractor197	1	1	1	1	-1	1	1	1	1	-1	-1	1	1	1	1	-1	1	1	1	1	1	0	1	1	1	-1	0	1	-1	0	-1	0	1	1	1	1	-1	1	-1	1	1	1	1	1	1	1	1	-1	-1	1	-1	0	0	0	-1	1	-1	1	1	0	0	1	0	-1	1	1	1	-1	0	1	1	1	1	1	-1	1	0	1	1	1	1	1	1	-1	1	1	1	1	1	1	1	1	1	1	-1	1	1	1	-1	-1	1	-1	1	1	1	1	-1	1	0	1	1	1	1	1	1	0
attractor198	-1	1	1	1	1	1	1	1	1	-1	1	-1	1	-1	1	1	1	1	1	1	1	-1	1	1	1	1	1	-1	1	1	-1	0	0	-1	1	1	-1	1	1	1	1	1	-1	1	1	-1	1	-1	1	0	1	0	0	0	1	-1	1	1	1	-1	-1	1	1	1	1	-1	1	0	0	-1	1	-1	1	1	1	1	1	0	1	1	1	1	1	1	1	1	1	1	1	1	1	1	1	1	1	1	1	1	1	1	1	1	1	1	1	1	-1	1	-1	1	1	1	1	1	1	1
attractor200	1	1	1	1	1	1	1	1	1	1	1	1	1	-1	1	1	1	1	1	1	1	1	-1	1	-1	1	1	1	-1	1	1	0	1	-1	1	1	-1	1	1	1	1	1	-1	1	1	1	1	1	1	1	1	1	0	1	1	1	-1	1	1	1	1	0	1	-1	1	1	1	1	0	-1	1	-1	-1	1	-1	1	1	1	1	1	1	1	1	1	1	1	-1	1	1	-1	1	1	1	1	-1	-1	1	-1	1	1	1	1	0	1	1	1	-1	1	1	1	1	1	1	1	1	0
attractor203	1	1	1	1	-1	1	-1	1	1	1	-1	1	1	1	1	1	1	1	1	1	1	1	1	1	1	1	1	1	-1	-1	-1	1	1	1	1	1	1	1	1	1	1	-1	1	1	1	1	-1	-1	1	1	-1	1	1	1	-1	-1	-1	1	1	-1	-1	1	1	1	1	1	1	-1	1	-1	1	1	-1	1	1	1	1	1	1	1	1	1	1	1	1	1	1	1	1	1	1	1	1	1	-1	1	1	1	1	1	1	1	1	-1	1	1	-1	1	1	1	1	1	1	1	1	1
attractor207	1	1	1	1	-1	1	-1	1	1	1	-1	1	1	-1	1	1	1	1	1	1	1	1	-1	1	1	1	1	1	1	1	1	0	1	1	1	1	1	1	1	1	1	1	-1	1	1	-1	1	-1	1	1	1	0	1	1	-1	-1	-1	1	1	1	0	1	1	-1	1	1	1	-1	0	1	1	1	1	1	1	1	1	1	1	1	1	1	1	1	1	1	1	1	1	-1	1	1	1	1	-1	-1	1	-1	1	1	1	1	0	1	1	1	-1	1	1	1	-1	1	1	1	1	0
attractor208	1	1	1	1	-1	1	1	1	1	1	1	1	-1	1	1	1	1	1	1	1	1	1	-1	1	-1	1	1	1	1	1	1	1	1	-1	1	1	-1	1	-1	1	1	1	-1	1	-1	1	-1	-1	1	0	1	1	0	1	1	1	-1	1	1	0	0	0	1	-1	1	1	1	1	1	-1	1	1	1	1	1	1	0	1	1	1	1	1	1	1	1	1	1	-1	1	-1	1	1	1	1	1	-1	1	1	1	1	1	1	0	0	1	1	-1	1	1	1	1	1	1	1	1	0
attractor214	1	1	-1	1	1	1	1	1	1	1	-1	1	0	-1	1	1	1	1	1	1	1	-1	1	1	-1	1	1	1	1	0	-1	0	0	1	1	-1	-1	1	1	1	1	1	0	1	1	1	1	1	-1	1	1	0	0	1	1	-1	1	-1	-1	0	0	0	1	-1	1	1	-1	0	0	1	1	0	-1	1	1	1	1	0	1	1	1	1	1	1	1	1	0	1	1	1	-1	1	1	1	1	-1	1	-1	1	1	1	1	0	0	-1	1	-1	1	1	1	1	1	1	1	1	0
attractor220	1	1	1	1	1	1	-1	1	1	1	1	1	-1	-1	1	1	1	1	1	1	1	1	1	1	-1	1	1	-1	-1	-1	-1	0	0	1	1	1	-1	1	-1	1	1	-1	1	1	1	-1	1	1	-1	0	1	1	0	1	-1	-1	1	1	1	1	0	1	1	-1	-1	1	1	1	1	1	1	1	1	1	1	1	0	1	1	1	1	1	1	1	1	1	1	1	1	-1	1	1	1	1	-1	1	1	1	1	1	1	1	1	0	1	1	-1	1	0	1	-1	1	1	1	1	0
attractor222	1	1	1	1	1	1	1	1	1	-1	1	1	-1	1	1	1	1	1	1	1	1	-1	1	1	1	1	1	1	1	1	1	0	0	1	1	1	1	1	1	1	1	1	-1	1	-1	1	1	1	1	1	1	1	1	1	1	-1	1	1	1	-1	-1	1	1	1	1	1	1	1	0	-1	1	-1	1	1	1	1	1	1	1	1	1	1	1	1	1	1	-1	1	1	1	1	1	1	1	1	1	-1	1	1	1	1	1	1	-1	1	1	-1	1	1	1	1	1	1	1	1	1
attractor223	1	1	1	1	1	-1	-1	1	1	1	1	-1	-1	1	1	-1	1	1	1	1	1	-1	1	1	-1	1	1	1	-1	0	1	0	1	1	1	1	-1	1	1	1	1	-1	1	1	-1	1	-1	1	-1	0	1	0	0	1	1	1	-1	1	1	-1	-1	1	1	1	1	1	1	1	1	1	1	1	1	1	-1	1	0	1	1	1	1	1	1	1	1	1	1	-1	1	1	1	1	1	1	1	1	1	-1	1	1	1	-1	1	1	1	1	-1	1	1	1	1	1	1	1	1	1
attractor225	-1	1	1	1	-1	1	1	1	1	-1	-1	1	1	1	1	1	1	1	1	1	1	-1	-1	1	1	1	1	1	1	1	-1	1	1	1	1	1	-1	1	1	1	1	-1	1	1	1	-1	-1	1	1	0	1	1	0	1	-1	1	-1	1	1	-1	1	1	1	1	-1	1	1	1	1	-1	1	1	1	1	1	1	1	1	1	1	1	1	1	1	1	1	1	1	1	-1	1	1	1	1	1	-1	1	-1	1	1	1	1	1	1	1	1	-1	1	1	1	1	1	1	1	1	1
attractor233	1	1	1	1	1	1	1	1	1	-1	1	1	1	1	1	1	1	1	1	1	1	1	-1	1	1	1	1	-1	1	1	1	1	1	1	1	1	-1	1	1	1	1	1	1	1	1	1	1	-1	-1	0	-1	1	0	1	-1	1	-1	1	1	-1	1	1	1	-1	-1	1	1	1	1	-1	1	1	1	1	1	1	1	1	1	1	1	1	-1	1	1	1	1	1	1	1	1	1	1	1	-1	1	1	1	1	1	1	1	1	-1	1	1	-1	1	1	1	-1	1	1	1	1	1
attractor234	1	-1	-1	1	1	1	1	-1	1	-1	1	-1	-1	-1	1	-1	1	1	1	1	1	1	1	1	1	-1	1	1	1	1	1	1	1	-1	1	1	1	1	1	1	1	1	-1	1	-1	-1	1	1	-1	1	1	1	1	1	1	1	1	1	1	-1	1	1	1	1	1	1	1	1	1	-1	1	1	-1	1	1	1	1	1	1	-1	1	1	1	1	1	1	1	1	1	1	1	1	1	1	-1	1	-1	1	1	1	1	1	1	-1	1	1	-1	1	-1	1	1	1	1	-1	1	1
attractor235	-1	1	1	1	1	1	-1	1	1	1	1	-1	-1	-1	1	1	1	1	1	1	1	-1	-1	1	-1	1	1	-1	1	-1	1	0	1	1	1	1	-1	1	1	1	1	-1	-1	1	-1	-1	1	-1	-1	0	1	1	0	1	1	-1	-1	1	1	1	1	0	1	-1	1	1	1	1	0	-1	1	-1	-1	1	-1	1	1	1	1	1	1	1	1	1	1	1	1	-1	1	-1	1	1	1	1	-1	1	1	-1	1	1	1	1	0	0	1	1	-1	1	0	1	1	1	1	1	1	0
attractor236	1	1	1	1	1	1	1	1	1	1	1	1	-1	-1	1	1	1	1	1	1	1	-1	-1	1	-1	1	1	1	1	1	-1	1	1	1	1	1	-1	1	1	1	1	-1	1	1	-1	-1	-1	1	-1	1	1	1	0	1	1	-1	-1	1	1	1	1	1	1	1	1	1	1	1	0	1	1	1	1	1	-1	1	0	1	1	1	1	1	1	1	1	1	1	1	1	-1	1	1	1	1	1	1	1	1	1	1	1	1	0	0	1	1	-1	1	1	1	1	1	1	1	1	0
attractor237	1	1	1	1	-1	1	1	1	1	-1	-1	1	1	1	1	1	1	1	1	1	1	1	-1	1	-1	1	1	1	-1	1	-1	1	1	-1	1	1	-1	1	1	1	1	1	1	1	1	-1	1	1	-1	0	1	1	1	1	-1	1	-1	1	1	1	1	1	1	1	-1	1	1	-1	0	-1	1	1	1	1	-1	1	1	1	1	1	1	1	1	1	1	1	1	1	1	-1	1	1	1	1	-1	1	1	1	1	1	1	1	1	1	1	1	-1	1	-1	1	1	1	1	1	1	1
attractor240	1	-1	1	-1	1	-1	1	-1	1	1	-1	-1	1	1	1	-1	1	1	1	1	1	1	1	1	-1	-1	1	-1	1	1	1	1	1	-1	1	1	1	1	1	1	1	-1	1	-1	1	1	1	1	1	0	1	1	1	1	1	1	1	1	1	0	1	1	1	1	1	1	1	-1	0	-1	1	1	1	1	-1	1	1	1	1	-1	1	1	1	1	1	1	1	1	1	1	1	-1	1	1	-1	1	-1	1	1	1	1	-1	0	0	1	1	-1	1	0	1	1	1	1	1	1	0
attractor243	-1	1	1	1	1	-1	1	1	1	1	1	-1	1	1	1	-1	1	-1	1	1	1	-1	-1	1	1	1	1	-1	-1	-1	-1	1	1	1	1	1	-1	1	1	1	1	-1	1	1	1	1	-1	1	1	0	1	1	1	1	1	1	1	1	1	1	-1	1	1	1	1	-1	1	1	0	-1	1	1	-1	1	-1	1	1	1	1	1	1	1	1	-1	1	1	1	1	1	1	1	1	1	1	-1	1	1	-1	1	1	1	1	1	1	1	1	-1	1	1	1	1	1	1	1	1	1
attractor255	1	1	1	1	1	1	1	1	1	1	-1	1	1	1	1	1	1	1	1	1	1	1	1	1	1	1	1	1	1	-1	-1	1	1	-1	1	1	-1	1	1	1	1	-1	1	1	1	1	-1	-1	1	0	1	1	1	1	-1	-1	1	1	1	1	1	1	1	-1	-1	1	1	1	1	1	1	-1	-1	1	1	1	1	1	1	1	1	1	1	1	1	1	1	1	1	1	1	1	1	1	1	1	1	1	1	1	1	1	1	1	1	1	-1	1	1	1	1	1	1	1	1	1
attractor259	-1	1	-1	1	1	1	-1	1	1	1	1	-1	-1	1	1	1	1	1	-1	-1	-1	1	1	1	1	1	-1	-1	-1	1	-1	1	1	1	1	1	-1	-1	1	1	1	-1	1	1	-1	1	1	1	-1	1	-1	1	0	1	1	-1	-1	1	1	1	0	1	1	-1	1	1	1	1	1	1	1	-1	1	1	-1	1	0	1	1	1	1	1	1	-1	1	1	1	1	-1	1	1	1	1	1	-1	1	1	1	1	1	1	1	0	1	1	1	-1	1	0	1	-1	1	1	1	1	0
attractor266	1	1	1	1	-1	1	-1	1	1	-1	1	1	1	-1	1	1	1	1	1	1	1	0	1	1	1	1	0	1	-1	1	1	0	0	-1	1	1	1	1	1	1	1	-1	1	1	1	-1	1	1	1	1	1	0	0	1	-1	1	1	1	1	-1	-1	1	1	-1	1	1	1	1	0	-1	1	1	0	1	1	1	0	1	1	1	1	1	1	1	1	1	1	1	0	1	1	1	1	1	1	-1	1	1	1	1	1	1	1	-1	1	1	-1	1	-1	1	1	1	1	1	1	1
attractor268	1	1	1	1	-1	1	-1	1	1	1	-1	1	-1	1	1	1	1	-1	1	1	1	-1	-1	1	1	1	1	1	-1	1	-1	0	1	1	1	1	-1	1	1	1	1	1	1	1	-1	1	1	-1	1	1	-1	0	0	0	1	-1	1	1	1	0	1	0	0	-1	-1	1	1	1	1	1	1	1	1	1	-1	1	0	0	1	1	1	1	1	1	1	1	1	1	1	1	1	1	1	1	1	1	1	-1	1	1	1	1	0	0	1	1	-1	1	1	1	1	0	1	1	1	0
attractor270	-1	1	1	1	1	1	-1	1	1	1	1	1	1	1	1	1	1	1	1	1	1	-1	-1	1	1	1	1	-1	-1	-1	-1	0	0	1	1	1	-1	1	1	1	-1	-1	1	1	1	1	-1	1	1	1	-1	0	1	1	1	1	-1	1	1	1	1	1	1	-1	1	1	1	1	1	1	1	-1	1	1	1	1	1	1	1	1	1	1	1	1	1	1	1	1	1	1	1	1	1	-1	1	-1	1	1	1	1	1	1	1	0	1	1	-1	1	0	1	1	1	1	1	1	0
attractor271	1	1	1	1	1	1	1	1	1	-1	-1	-1	-1	1	1	1	1	-1	1	1	1	1	-1	1	1	1	-1	1	-1	0	1	0	0	1	1	-1	1	1	1	1	-1	-1	1	1	1	1	-1	-1	-1	0	-1	0	0	1	-1	1	-1	1	1	1	-1	1	1	1	1	1	1	1	1	-1	1	-1	1	1	1	1	0	0	1	1	1	1	-1	1	1	1	1	1	1	1	-1	1	1	1	1	-1	1	1	1	1	1	1	1	-1	-1	1	-1	1	-1	1	1	1	-1	1	1	1
attractor273	1	1	1	1	-1	1	1	-1	1	1	1	1	-1	1	1	1	1	1	1	1	1	1	1	1	-1	1	1	1	1	-1	1	1	1	1	1	1	1	1	1	1	1	1	1	-1	-1	1	1	1	-1	0	1	1	0	1	1	1	1	1	1	-1	1	1	1	1	-1	1	1	1	0	1	1	1	1	1	-1	1	1	1	1	-1	1	1	1	1	1	1	1	1	1	-1	1	1	1	1	-1	1	1	1	1	1	1	1	1	1	1	1	-1	1	1	1	1	1	1	1	1	1
attractor275	1	-1	1	1	1	-1	1	1	1	-1	-1	1	1	-1	-1	-1	1	1	1	1	1	1	1	1	-1	-1	1	-1	1	1	1	0	1	-1	-1	1	1	1	1	1	1	-1	-1	-1	1	-1	1	1	1	0	1	1	1	1	1	1	1	1	1	-1	-1	1	1	1	1	1	1	-1	0	-1	1	1	1	1	1	1	1	1	1	1	1	1	1	1	1	1	1	1	1	1	1	1	1	1	-1	1	-1	1	1	1	1	-1	1	-1	1	1	-1	1	-1	1	1	1	1	1	1	1
attractor276	1	-1	-1	1	1	-1	1	1	1	1	1	-1	1	1	1	-1	1	1	1	1	1	-1	-1	1	-1	1	1	-1	1	1	-1	0	1	-1	1	-1	1	1	1	1	1	1	1	1	1	-1	1	-1	1	0	1	1	1	1	1	1	-1	1	1	1	0	0	1	-1	1	1	1	-1	0	-1	1	1	-1	1	-1	1	1	1	1	1	1	1	1	1	1	1	1	1	1	1	-1	1	1	1	1	-1	1	1	1	1	1	-1	0	0	-1	1	-1	1	0	1	1	1	1	1	1	0
attractor279	1	1	1	1	1	1	1	1	1	1	1	1	1	-1	1	1	1	1	1	1	1	-1	-1	1	1	1	1	1	1	1	1	1	1	1	1	1	-1	1	1	1	1	1	1	1	1	1	1	-1	1	0	1	1	1	1	1	-1	1	1	1	1	0	0	1	-1	1	1	1	-1	1	1	1	1	1	1	1	1	1	1	1	1	1	1	1	1	1	1	1	1	1	-1	1	1	1	1	1	1	1	1	1	1	1	1	0	0	1	1	-1	1	0	1	1	1	1	1	1	0
attractor281	1	1	1	-1	1	1	1	1	1	-1	-1	-1	1	1	1	1	1	1	1	1	1	-1	1	1	1	1	1	1	1	-1	-1	0	1	1	1	1	1	1	1	1	1	-1	-1	1	1	-1	1	1	-1	1	1	1	1	1	1	-1	1	1	1	-1	-1	1	1	1	1	1	1	-1	0	-1	1	1	1	1	1	1	1	1	1	-1	1	1	1	1	1	1	1	1	1	-1	1	1	1	1	1	1	1	1	1	1	1	1	1	1	1	1	-1	1	-1	1	1	1	1	1	1	1
attractor282	1	1	-1	1	1	1	1	1	1	1	1	1	1	-1	1	1	1	1	1	1	1	1	-1	1	1	1	0	1	-1	1	1	0	1	-1	1	1	1	1	1	1	1	1	1	1	1	1	1	-1	-1	0	1	0	0	0	1	-1	1	1	1	-1	-1	1	0	-1	1	-1	1	1	0	1	1	1	1	1	-1	1	0	1	1	1	1	1	1	1	1	1	1	-1	0	-1	1	1	1	1	1	-1	1	-1	1	1	1	1	1	-1	1	1	-1	1	1	1	1	0	1	1	1	1
attractor286	1	1	1	1	1	1	-1	1	1	1	-1	1	1	1	1	1	1	1	1	1	1	1	-1	1	1	1	1	1	1	1	1	0	1	1	1	1	-1	1	1	1	1	1	1	1	1	1	1	-1	-1	0	-1	1	0	1	1	-1	1	1	1	1	0	0	1	1	-1	1	1	-1	1	1	1	-1	-1	1	-1	1	1	1	1	1	1	1	1	1	1	1	-1	1	1	1	1	1	1	1	-1	-1	1	1	1	1	1	1	1	0	1	1	-1	1	1	1	1	1	1	1	1	0
attractor287	1	1	1	1	1	1	1	1	1	-1	1	1	1	1	-1	-1	-1	-1	-1	1	1	-1	-1	1	1	1	1	1	-1	1	1	1	1	1	1	1	1	1	1	1	1	1	-1	1	1	1	1	-1	1	1	1	1	1	1	1	1	1	1	1	0	1	0	1	-1	1	1	1	-1	1	1	-1	1	1	1	1	1	1	1	1	1	1	1	-1	-1	-1	1	1	1	1	1	1	1	1	1	1	1	1	-1	1	1	1	1	0	0	-1	1	-1	1	1	1	1	1	-1	1	-1	0
attractor294	1	1	1	1	-1	1	1	1	1	-1	1	1	1	-1	1	1	1	1	1	1	1	-1	1	1	1	1	1	-1	1	-1	1	0	1	1	1	1	1	1	-1	1	1	-1	1	1	1	1	-1	-1	1	0	1	1	0	1	1	-1	1	1	1	-1	-1	1	1	1	-1	1	1	-1	0	-1	1	1	1	1	-1	1	0	1	1	1	1	1	1	1	1	1	1	1	1	1	1	1	1	1	-1	1	1	1	1	1	1	1	1	-1	1	1	-1	1	-1	1	1	1	1	1	1	1
attractor296	1	-1	1	1	-1	1	1	1	1	-1	1	1	-1	1	1	-1	1	1	1	1	1	-1	1	1	1	1	1	1	-1	1	-1	0	1	1	1	1	-1	1	-1	1	1	1	1	1	1	1	1	-1	1	0	1	1	1	1	-1	1	-1	1	1	-1	-1	1	1	1	1	1	1	1	1	-1	1	1	1	1	-1	1	1	1	1	1	1	1	1	1	1	1	1	1	1	1	1	1	1	1	1	-1	1	-1	1	1	1	1	1	-1	1	1	-1	1	1	1	1	1	1	1	1	1
attractor301	1	1	-1	1	1	1	1	1	1	1	1	-1	1	-1	1	1	1	1	1	1	1	1	-1	1	1	1	-1	-1	-1	1	-1	1	1	-1	1	1	-1	1	1	1	1	-1	1	1	1	-1	-1	-1	1	1	1	1	0	1	1	-1	-1	1	1	1	0	1	1	1	-1	1	1	-1	1	1	1	-1	1	1	1	1	0	1	1	1	1	1	1	1	1	1	1	1	-1	1	-1	1	1	1	-1	1	1	1	1	1	1	1	1	1	-1	1	-1	1	0	1	1	1	1	1	1	0
attractor302	-1	1	1	1	1	1	1	1	1	-1	-1	1	1	1	1	1	1	1	1	1	1	1	1	1	1	1	1	1	1	1	-1	1	1	1	1	1	-1	1	1	1	1	1	-1	1	1	1	1	1	-1	0	1	1	0	1	1	1	-1	1	1	0	0	1	1	-1	1	1	1	-1	0	1	1	1	-1	1	-1	1	0	1	1	1	1	1	1	1	1	1	1	1	1	-1	1	1	1	1	1	-1	1	-1	1	1	1	1	0	0	1	1	-1	1	1	1	1	1	1	1	1	0
attractor303	1	1	1	1	1	1	-1	1	1	1	1	1	-1	-1	1	1	1	1	1	1	1	-1	1	1	1	1	1	-1	1	-1	-1	0	1	-1	1	1	1	1	1	1	1	-1	1	1	1	-1	1	1	1	1	1	0	1	1	1	-1	1	1	1	1	1	0	1	-1	-1	1	1	1	0	-1	1	-1	1	1	1	1	1	1	1	1	1	1	1	1	1	1	-1	1	1	-1	1	1	1	1	1	1	1	-1	1	1	1	1	1	0	1	1	-1	1	0	1	-1	1	1	1	1	0
attractor307	1	1	1	1	1	1	1	1	1	1	-1	1	1	1	1	1	1	1	1	1	1	1	-1	1	-1	1	1	1	1	1	1	1	1	1	1	1	1	1	1	1	1	1	1	1	1	1	1	-1	-1	0	1	1	1	1	1	1	-1	1	1	1	0	0	1	1	1	1	1	-1	1	-1	1	1	1	1	-1	1	1	1	1	1	1	1	1	1	1	1	1	1	1	1	1	1	1	1	-1	-1	1	1	1	1	1	1	0	1	1	1	-1	1	1	1	1	1	1	1	1	0
attractor309	-1	1	1	1	-1	1	1	1	1	-1	-1	-1	1	1	1	1	1	1	-1	-1	-1	1	1	1	1	1	1	-1	1	-1	1	1	1	-1	1	1	-1	1	1	1	1	1	1	1	1	1	1	1	-1	0	1	1	0	1	-1	-1	1	1	1	1	1	1	1	1	1	-1	1	-1	1	-1	1	1	1	1	-1	1	0	1	1	1	1	1	1	1	1	1	1	1	1	1	1	1	1	1	-1	-1	1	1	1	1	1	1	1	-1	1	1	-1	1	-1	1	-1	1	1	1	1	1
attractor311	-1	1	1	-1	1	1	1	1	1	-1	1	-1	-1	1	1	-1	1	1	1	1	1	1	1	1	1	1	1	-1	1	1	-1	1	1	1	-1	1	1	1	1	1	1	1	-1	-1	1	-1	1	1	-1	1	1	1	1	1	1	1	1	1	1	1	0	1	1	1	1	1	1	1	0	1	1	1	1	1	1	1	1	1	1	-1	1	1	1	1	1	1	1	1	1	-1	1	1	1	1	1	1	1	1	1	1	1	-1	0	0	1	1	-1	-1	1	1	-1	1	1	-1	1	0
attractor313	1	1	1	1	1	-1	1	1	1	1	1	1	-1	1	1	-1	1	1	1	1	1	-1	1	1	1	1	1	1	1	0	-1	0	1	1	1	1	-1	1	1	1	1	-1	1	1	-1	1	1	-1	1	0	-1	0	0	0	-1	1	1	1	1	0	0	0	0	-1	1	1	1	1	1	1	1	1	1	1	1	1	1	1	1	1	1	1	1	-1	1	1	1	1	1	1	1	1	1	1	-1	-1	1	1	1	1	1	1	0	1	1	1	-1	1	1	1	1	0	1	1	1	0
attractor314	1	1	1	1	-1	1	-1	1	1	-1	-1	1	1	1	1	-1	1	-1	1	1	1	1	-1	1	1	1	1	1	1	-1	1	0	1	1	1	1	1	1	-1	1	1	-1	1	1	1	1	1	-1	1	0	1	1	1	1	-1	1	-1	1	1	1	0	0	1	-1	1	1	1	-1	0	-1	-1	1	1	1	1	1	1	1	1	1	1	1	1	1	-1	1	1	1	1	1	1	1	1	1	1	-1	1	1	1	1	1	1	1	1	1	1	-1	1	1	1	1	1	1	1	1	0
attractor318	-1	1	1	1	-1	1	1	1	1	1	1	-1	-1	1	1	1	1	-1	1	1	1	-1	-1	1	1	1	1	-1	-1	1	1	0	1	1	1	1	1	1	-1	1	1	1	1	1	1	1	-1	1	-1	1	1	1	1	1	-1	-1	1	1	1	1	0	0	1	-1	-1	1	1	1	1	-1	1	1	-1	1	-1	1	1	1	1	1	1	1	-1	1	1	1	1	1	1	1	1	1	1	1	-1	1	1	-1	1	1	1	1	1	0	1	1	-1	1	0	1	1	1	1	1	1	0
attractor319	1	1	1	1	-1	1	1	1	1	1	1	1	1	1	1	1	1	1	1	1	1	1	-1	1	1	1	1	1	1	-1	-1	1	1	1	1	1	1	1	1	1	1	-1	1	1	1	1	-1	-1	-1	1	1	1	0	1	-1	-1	1	1	1	-1	1	1	1	-1	-1	1	1	-1	1	-1	1	1	-1	1	-1	1	1	1	1	1	1	1	1	1	1	1	1	1	1	1	1	1	1	1	1	-1	1	-1	1	1	1	1	1	1	1	1	-1	1	-1	1	1	1	1	1	1	1
attractor324	1	1	1	1	-1	1	-1	1	1	1	-1	1	1	-1	1	1	1	1	1	1	1	-1	-1	1	-1	1	1	1	-1	-1	1	0	1	1	1	1	-1	1	-1	1	1	1	1	1	1	1	1	-1	-1	0	1	1	1	1	-1	-1	1	1	1	1	0	1	1	-1	-1	1	1	-1	0	1	1	1	1	1	-1	1	1	1	1	1	1	1	1	1	1	1	1	1	1	1	1	1	1	1	1	-1	1	1	1	1	1	1	0	1	1	1	-1	1	0	1	-1	1	1	1	1	0
attractor325	-1	1	1	1	1	1	1	1	1	1	-1	1	0	-1	1	1	1	1	1	1	1	-1	-1	1	-1	1	1	-1	1	-1	1	0	0	1	1	1	1	1	-1	1	1	1	1	1	1	1	-1	-1	-1	0	1	0	1	1	-1	1	-1	1	1	0	0	0	1	1	1	1	1	0	1	1	1	1	-1	1	-1	1	1	1	1	1	1	1	1	1	1	1	1	1	1	-1	1	1	1	1	-1	-1	1	1	1	1	1	1	1	0	1	1	-1	1	0	1	1	1	1	1	1	0
attractor327	-1	1	1	1	1	1	-1	1	1	1	1	-1	1	1	1	1	1	1	1	1	1	1	1	1	1	1	1	-1	-1	1	-1	0	1	-1	1	1	-1	1	1	1	1	1	-1	1	1	-1	1	1	-1	0	1	1	1	1	-1	-1	-1	1	1	-1	-1	1	1	1	1	1	1	1	1	1	1	-1	1	1	1	1	1	1	1	1	1	1	1	1	1	1	-1	1	1	-1	1	1	1	1	-1	1	1	-1	1	1	1	1	1	-1	1	1	-1	1	-1	1	-1	1	1	1	1	1
attractor328	1	1	1	1	1	1	1	1	-1	-1	-1	1	0	1	-1	1	1	1	1	1	1	-1	1	1	1	1	1	1	1	-1	1	0	0	1	1	1	1	1	1	1	1	1	1	1	0	1	1	1	1	1	-1	0	1	1	1	1	-1	1	1	0	0	0	1	-1	-1	1	1	0	0	1	-1	1	-1	1	1	1	1	1	1	1	1	1	-1	-1	1	1	1	1	1	1	1	1	1	1	1	1	1	1	-1	1	1	1	1	1	-1	1	-1	1	1	1	1	1	-1	1	1	0
attractor331	1	1	1	1	1	1	1	1	1	1	-1	-1	1	-1	1	1	1	1	1	1	1	1	-1	1	-1	1	1	-1	-1	-1	1	0	1	1	1	1	1	1	1	1	1	-1	1	1	1	1	-1	-1	1	1	1	0	1	1	-1	-1	-1	1	1	0	0	0	1	1	-1	1	1	1	0	1	1	1	1	1	1	1	1	1	1	1	1	1	1	1	1	1	1	1	1	1	1	1	1	1	-1	1	1	-1	1	1	1	1	0	1	1	1	-1	1	0	1	1	1	1	1	1	0
attractor332	1	1	1	1	1	1	-1	1	1	1	1	1	-1	1	1	1	1	1	1	1	1	-1	1	1	1	1	1	1	1	1	1	1	1	-1	1	1	-1	1	1	1	1	1	1	1	-1	1	-1	1	1	1	1	1	0	1	1	-1	1	1	1	0	0	0	1	1	-1	1	1	1	0	-1	1	-1	-1	1	1	1	1	1	1	1	1	1	1	1	1	1	1	1	1	1	1	1	1	1	1	-1	1	1	1	1	1	1	1	0	1	1	-1	1	0	1	1	1	1	1	1	0
attractor333	1	1	1	1	1	1	-1	1	1	-1	-1	1	1	1	1	1	1	1	1	1	1	1	-1	1	1	1	1	1	1	1	1	0	0	1	1	1	-1	1	1	1	-1	1	1	1	1	1	1	-1	1	1	1	0	0	0	-1	1	1	1	1	-1	1	1	0	-1	-1	-1	1	1	1	1	1	-1	-1	1	-1	1	1	0	1	1	1	1	-1	1	1	1	-1	1	1	1	1	1	1	1	-1	-1	1	1	1	1	1	1	1	-1	1	1	-1	1	1	1	1	1	1	1	1	1
attractor334	1	1	1	1	-1	1	-1	1	1	-1	-1	1	1	1	1	1	-1	1	1	1	1	-1	1	1	1	1	1	1	-1	-1	-1	1	1	1	1	1	-1	1	1	1	1	-1	1	1	1	1	1	1	1	0	-1	1	0	1	-1	1	1	1	1	0	1	1	1	1	-1	1	1	-1	1	1	1	1	-1	1	-1	1	1	1	-1	1	1	1	-1	-1	-1	1	1	1	1	1	1	1	1	1	1	1	1	1	1	1	1	1	1	0	1	1	-1	1	1	1	1	1	1	1	1	0
attractor335	1	1	1	1	1	1	-1	1	1	1	1	1	0	1	1	1	1	1	1	1	1	1	-1	1	-1	-1	1	1	-1	1	1	0	0	-1	1	1	-1	1	1	1	1	-1	1	1	0	-1	-1	1	-1	0	1	0	0	0	1	1	1	1	1	0	1	1	0	1	-1	1	1	0	0	-1	1	1	1	1	1	1	1	1	1	1	1	1	1	1	1	1	1	-1	1	1	1	1	1	1	1	-1	1	1	1	1	1	1	1	1	-1	1	-1	1	1	-1	1	0	-1	1	1	0
attractor342	1	1	1	-1	-1	1	1	1	-1	-1	1	1	1	1	1	1	1	1	1	1	1	1	1	1	1	1	1	1	1	1	-1	0	1	1	1	1	1	1	1	1	1	1	1	1	1	1	1	1	1	1	1	1	1	1	1	1	1	1	1	0	1	0	1	1	-1	1	1	-1	0	1	1	1	-1	1	-1	-1	1	1	1	1	1	1	1	1	1	1	1	1	1	1	1	1	1	1	1	1	-1	1	-1	1	1	1	1	1	1	1	-1	-1	1	1	1	1	1	1	1	0
attractor343	-1	1	1	1	1	1	-1	1	1	1	1	-1	-1	1	1	-1	1	1	1	1	1	1	1	1	1	1	1	1	-1	1	-1	0	0	1	1	1	-1	1	-1	1	1	1	-1	1	1	-1	-1	1	1	1	1	0	0	1	-1	1	-1	1	1	-1	-1	1	1	-1	1	1	1	1	0	1	1	1	1	1	1	1	1	0	1	1	1	1	1	1	1	1	1	1	1	1	1	1	1	-1	1	-1	1	-1	1	1	1	1	1	-1	1	1	-1	1	1	1	-1	1	1	1	1	1
attractor345	1	1	1	1	1	1	1	1	1	-1	1	1	-1	-1	1	1	1	1	1	1	1	1	1	1	1	1	1	1	-1	1	1	0	0	-1	1	1	1	1	1	1	1	1	-1	1	1	1	-1	1	1	1	1	1	0	1	1	-1	1	1	1	1	1	1	1	-1	-1	1	1	1	0	1	1	1	1	1	-1	1	1	1	1	1	1	1	1	1	1	1	1	1	1	1	1	1	1	1	-1	-1	1	1	1	1	1	1	0	0	1	1	-1	1	0	1	1	1	1	1	1	0
attractor350	-1	1	1	1	1	1	1	1	1	1	-1	-1	1	-1	1	1	1	1	1	1	1	-1	-1	1	-1	1	1	1	1	1	-1	0	1	1	1	1	1	1	1	1	-1	-1	1	1	1	1	1	-1	1	0	1	0	0	0	-1	-1	-1	1	1	1	1	1	0	-1	1	-1	1	1	1	-1	1	-1	1	1	1	1	1	0	1	1	1	1	1	1	1	1	1	1	1	1	1	1	1	1	-1	1	1	1	1	1	1	1	1	-1	1	1	-1	1	1	1	1	0	1	1	1	1
attractor358	1	1	1	1	-1	-1	-1	1	1	1	1	-1	0	1	1	-1	1	1	1	1	1	1	1	1	1	1	-1	1	-1	0	-1	0	0	1	1	1	-1	1	1	1	1	1	1	1	1	1	-1	1	-1	0	-1	0	0	0	-1	1	-1	1	1	1	1	1	0	1	1	1	1	0	1	1	1	1	1	1	-1	1	0	0	1	1	1	1	-1	1	1	1	1	1	-1	1	1	1	1	1	-1	1	1	-1	0	0	1	1	1	-1	-1	1	-1	1	1	1	1	1	-1	1	1	1
attractor359	1	1	1	1	1	1	-1	1	1	1	1	1	1	1	1	1	1	1	1	1	1	-1	-1	1	-1	1	1	-1	1	-1	-1	1	1	-1	1	1	1	1	1	1	1	1	1	1	1	1	1	1	-1	0	1	1	1	1	-1	-1	-1	1	1	0	0	1	1	-1	-1	1	1	1	0	-1	1	1	1	1	1	1	1	1	1	1	1	1	1	1	1	1	1	1	1	1	1	1	1	1	-1	-1	1	1	1	1	1	1	1	0	1	1	-1	1	1	1	1	1	1	1	1	0
attractor360	1	1	1	1	1	1	1	1	1	1	1	-1	-1	-1	1	-1	1	1	1	1	1	-1	-1	1	-1	1	1	1	-1	-1	1	1	1	1	1	1	1	1	-1	1	1	1	1	1	-1	-1	1	1	1	1	1	1	1	1	1	1	-1	1	1	-1	1	1	1	-1	1	1	1	1	1	-1	1	1	1	1	-1	1	1	1	1	1	1	1	1	1	1	1	1	1	1	1	1	1	1	1	-1	-1	1	-1	1	1	1	1	1	1	1	1	-1	1	-1	1	1	1	1	1	1	1
attractor361	1	1	1	1	1	1	-1	1	1	1	1	1	0	-1	1	-1	1	1	1	1	1	-1	-1	1	1	1	1	-1	-1	1	-1	0	0	-1	1	1	1	1	1	1	1	1	1	1	0	1	-1	1	1	1	1	0	0	1	-1	1	-1	1	1	-1	-1	1	1	1	1	1	1	0	1	1	1	-1	1	1	-1	1	1	0	1	1	1	1	1	1	1	1	-1	1	1	-1	1	1	1	1	1	-1	1	1	1	1	1	-1	1	-1	1	1	-1	1	1	1	1	1	1	1	1	1
attractor367	1	1	1	1	-1	1	1	1	1	-1	1	-1	1	1	1	1	1	-1	1	1	1	1	1	1	1	1	1	1	-1	1	-1	0	0	1	1	1	-1	1	1	1	1	1	1	1	1	1	1	1	1	1	1	0	0	0	1	-1	1	1	1	-1	-1	1	0	-1	1	-1	1	0	0	1	-1	1	-1	1	1	1	0	1	1	1	1	1	1	-1	1	1	1	1	1	1	1	1	1	1	1	1	1	1	-1	1	1	1	1	-1	1	1	-1	1	1	1	1	0	1	1	1	1
attractor368	1	1	1	1	1	1	-1	1	1	1	1	-1	-1	1	1	1	1	1	1	1	1	1	1	1	-1	1	1	-1	-1	1	-1	1	1	-1	1	1	-1	1	1	1	1	1	1	1	-1	-1	1	1	-1	1	1	1	0	1	-1	-1	-1	1	1	1	1	1	1	1	-1	1	1	1	0	-1	1	-1	1	1	1	1	0	1	1	1	1	1	1	1	1	1	-1	1	1	1	1	1	1	1	1	1	1	-1	1	1	1	1	0	0	1	1	-1	1	0	1	1	1	1	1	1	0
attractor369	1	1	1	1	-1	-1	1	1	1	-1	-1	1	1	1	1	-1	1	1	1	1	1	-1	-1	1	-1	1	1	1	-1	0	-1	0	1	-1	1	1	-1	1	1	1	1	1	1	1	1	1	-1	-1	-1	0	1	0	0	0	-1	1	-1	1	1	0	1	0	1	-1	1	1	1	-1	1	-1	1	1	-1	1	-1	1	0	1	1	1	1	1	1	1	1	1	1	1	1	-1	1	1	1	1	-1	1	1	-1	1	1	1	-1	0	1	1	1	-1	1	1	1	1	1	1	1	1	0
attractor372	1	-1	1	1	1	-1	1	1	1	-1	1	1	-1	1	1	-1	1	1	-1	1	1	-1	1	1	-1	1	1	1	1	1	1	1	1	1	1	1	1	1	1	1	1	-1	-1	1	-1	1	1	1	-1	0	1	1	1	1	1	1	1	1	1	0	0	1	1	1	1	1	1	1	1	1	1	-1	1	1	-1	-1	1	1	1	-1	1	1	1	1	1	1	-1	1	1	1	1	-1	1	1	-1	1	1	1	1	1	1	-1	0	1	1	1	-1	1	1	1	1	1	1	1	1	0
attractor373	1	-1	1	1	-1	1	1	1	1	-1	1	-1	-1	1	1	-1	1	1	1	1	1	-1	1	1	1	1	1	-1	1	1	1	0	0	-1	1	1	-1	1	-1	1	1	-1	-1	1	1	-1	1	-1	1	1	1	0	1	1	-1	1	1	1	1	1	-1	1	1	-1	1	1	1	1	0	-1	1	1	1	1	1	1	1	1	1	1	1	1	1	1	1	1	1	1	1	1	1	1	1	1	-1	1	1	-1	1	1	1	-1	1	-1	1	1	-1	1	-1	1	1	1	1	1	1	1
attractor375	1	1	1	1	1	1	-1	1	1	-1	1	1	0	1	1	1	1	1	1	1	1	-1	1	1	1	1	1	1	1	-1	-1	0	0	1	1	1	-1	1	1	1	1	-1	1	1	0	1	-1	-1	-1	0	-1	1	1	1	1	1	1	1	1	1	1	1	1	1	-1	1	1	0	0	1	1	1	-1	1	-1	1	1	1	1	1	1	1	1	1	1	1	1	1	1	1	1	1	1	-1	-1	-1	1	1	1	1	1	1	0	1	1	1	-1	1	0	1	1	1	1	1	1	0
attractor377	1	1	1	1	1	-1	1	1	1	-1	1	1	1	-1	1	-1	1	1	1	1	1	1	1	1	-1	-1	1	1	1	-1	-1	1	1	1	1	-1	-1	1	1	1	1	-1	1	1	1	1	1	1	1	0	1	1	0	1	-1	1	-1	1	1	1	1	0	1	1	1	1	1	-1	1	1	1	1	1	1	1	1	1	1	1	1	1	1	1	1	1	1	1	1	1	-1	-1	1	1	-1	1	1	1	1	1	1	1	-1	1	0	-1	1	-1	1	1	1	1	1	-1	1	1	0
attractor380	1	1	1	1	-1	1	1	1	1	1	1	1	1	1	1	1	1	1	1	1	1	1	-1	1	1	1	1	1	-1	-1	1	0	0	1	1	1	-1	1	1	1	1	-1	-1	1	1	-1	1	1	-1	1	1	1	0	1	-1	1	-1	1	1	1	1	1	1	-1	-1	1	1	0	0	-1	1	1	1	1	-1	1	0	1	1	1	1	1	1	1	1	1	1	1	1	-1	1	1	1	1	-1	-1	1	1	1	1	1	1	1	-1	1	1	-1	1	-1	1	1	1	1	1	1	1
attractor381	1	1	1	1	1	1	-1	1	1	1	1	1	0	-1	1	1	1	1	1	1	1	1	-1	1	-1	1	1	-1	1	1	1	0	0	1	1	1	1	1	1	1	1	-1	1	1	0	-1	-1	1	-1	0	1	0	0	1	1	1	-1	1	1	-1	-1	1	1	-1	-1	1	1	0	0	1	1	1	1	1	-1	1	1	1	1	1	1	1	1	1	1	1	1	-1	1	1	1	1	1	1	1	1	1	-1	1	1	1	1	1	1	1	1	-1	1	1	-1	1	1	1	1	1	1
attractor382	1	1	1	1	1	1	1	1	1	1	1	1	1	1	1	1	1	1	1	1	1	1	-1	1	1	1	1	1	-1	0	1	0	1	1	1	1	1	1	1	1	1	-1	1	1	1	1	-1	1	1	0	1	0	0	1	1	1	1	1	1	1	1	1	1	-1	1	1	1	-1	1	-1	-1	1	1	1	-1	1	0	0	1	1	1	1	1	1	1	1	1	1	1	1	1	1	1	1	1	-1	1	1	1	1	1	1	0	0	1	1	-1	1	1	1	1	1	1	1	1	0
attractor384	1	1	-1	1	-1	1	1	1	1	1	1	-1	1	1	1	-1	1	1	1	1	1	1	-1	1	-1	1	-1	1	-1	-1	1	0	1	-1	1	1	1	1	-1	1	1	1	1	1	1	1	1	-1	-1	0	1	1	1	1	1	1	1	1	1	-1	1	1	1	-1	1	1	1	1	1	-1	1	1	1	1	1	1	1	1	1	1	1	1	1	1	1	1	1	1	1	1	1	1	1	1	-1	1	1	1	1	1	1	-1	1	-1	-1	1	-1	1	-1	1	1	1	1	1	1	1
attractor391	1	1	1	1	1	1	1	1	1	-1	1	1	1	1	1	1	1	1	1	1	1	1	1	1	1	1	-1	1	1	1	1	1	1	1	1	-1	-1	1	1	1	1	1	1	1	1	1	-1	1	-1	0	1	1	0	1	-1	1	-1	1	-1	1	0	1	1	-1	-1	1	-1	1	1	-1	1	-1	1	1	-1	1	0	1	1	1	1	1	-1	1	1	1	-1	1	1	1	-1	1	1	1	-1	1	1	1	1	1	1	1	1	1	-1	1	-1	1	0	1	1	1	1	1	1	0
attractor392	1	1	-1	1	1	1	-1	1	1	1	1	1	1	-1	1	1	1	1	1	1	1	-1	-1	1	-1	1	1	-1	-1	1	1	1	1	-1	1	1	1	1	1	1	1	-1	-1	1	1	1	1	-1	-1	1	1	1	1	1	-1	1	-1	1	1	0	0	0	1	-1	-1	1	1	1	1	-1	1	-1	-1	1	1	1	1	1	1	1	1	1	1	1	1	1	-1	1	1	-1	1	1	1	1	-1	-1	1	1	1	1	1	1	0	1	1	1	-1	1	1	1	-1	1	1	1	1	0
attractor396	1	-1	1	1	1	-1	-1	1	1	-1	1	1	-1	1	1	-1	1	-1	1	1	1	1	-1	1	1	-1	1	-1	-1	-1	-1	0	1	1	1	1	1	1	1	1	1	-1	1	1	1	1	1	1	-1	0	1	1	1	1	-1	1	1	1	1	1	1	1	1	1	1	1	1	1	0	-1	1	1	1	1	-1	1	1	1	1	1	1	1	1	1	1	1	1	1	1	1	1	1	1	-1	-1	-1	1	1	1	1	1	-1	0	1	1	1	-1	1	1	1	1	1	1	1	1	0
attractor400	1	-1	1	1	-1	-1	-1	1	1	-1	-1	-1	-1	1	1	-1	1	1	1	1	1	1	1	1	1	1	1	-1	-1	1	1	1	1	1	1	1	1	1	1	1	1	1	1	1	-1	1	1	1	-1	0	-1	1	0	1	-1	1	1	1	1	-1	-1	1	1	-1	1	1	1	1	1	-1	1	1	1	1	-1	1	1	1	1	1	1	1	1	-1	1	1	1	1	1	1	1	1	1	1	-1	-1	1	-1	1	1	1	-1	1	-1	1	1	-1	1	-1	1	1	1	1	1	1	1
attractor401	1	-1	-1	1	-1	-1	-1	1	1	-1	-1	-1	1	1	1	-1	1	-1	1	1	1	1	-1	1	1	1	-1	-1	1	1	-1	1	1	1	1	1	1	1	-1	1	1	-1	1	1	1	1	-1	-1	-1	1	1	1	0	1	1	1	1	1	1	1	1	0	1	-1	1	1	1	-1	1	1	1	1	1	1	-1	1	0	1	1	1	1	1	1	-1	1	1	1	1	1	1	1	1	1	1	1	1	1	1	1	1	1	-1	1	0	1	1	-1	1	1	1	-1	1	1	1	1	0
attractor404	1	1	1	1	-1	1	1	-1	1	-1	1	1	1	-1	1	1	1	1	-1	-1	-1	1	1	1	1	1	1	1	1	1	-1	1	1	1	1	1	1	1	1	1	1	1	-1	1	1	-1	1	1	1	0	1	1	0	1	1	1	1	1	1	1	1	0	1	1	1	1	1	-1	0	1	1	1	-1	1	1	1	1	1	1	-1	1	1	1	1	1	1	1	1	1	1	1	1	1	1	-1	1	1	1	1	1	1	1	0	1	1	1	-1	1	0	1	1	1	1	1	1	0
attractor405	1	1	1	1	1	1	-1	1	1	-1	1	-1	-1	-1	1	1	1	1	1	1	1	1	1	1	-1	-1	1	1	1	-1	1	0	0	1	1	1	-1	1	1	1	1	-1	1	1	-1	-1	1	-1	-1	1	1	1	1	1	1	-1	-1	1	1	-1	-1	1	1	1	1	1	1	1	1	1	1	1	1	1	-1	1	1	1	1	1	1	1	1	1	1	1	1	1	1	-1	1	1	1	1	1	-1	1	-1	1	1	1	1	1	1	1	1	-1	1	1	1	1	1	1	1	1	1
attractor406	-1	1	1	1	1	-1	1	1	1	1	1	1	1	1	1	-1	1	1	1	1	1	1	-1	1	-1	1	1	1	1	-1	1	1	1	1	1	1	1	1	1	1	1	-1	1	1	1	1	1	-1	-1	0	1	1	0	1	1	1	-1	1	1	1	-1	1	1	1	1	-1	1	1	1	-1	1	-1	1	1	-1	1	1	1	1	1	1	1	1	1	1	1	-1	1	1	-1	1	1	1	-1	1	1	1	-1	1	1	1	1	1	1	1	1	-1	1	-1	1	1	1	1	1	1	1
attractor407	1	1	1	1	-1	1	1	1	1	-1	1	1	-1	-1	1	1	-1	1	1	1	1	-1	-1	1	-1	-1	1	1	-1	1	1	1	1	-1	1	1	-1	1	-1	1	1	1	-1	1	-1	-1	1	1	1	0	1	1	0	1	-1	-1	-1	1	1	1	0	1	1	1	1	1	1	1	1	-1	1	1	-1	1	1	1	1	1	1	1	1	1	1	1	-1	1	1	-1	1	1	1	1	1	1	1	1	1	1	1	1	1	1	1	1	1	1	-1	1	0	-1	1	1	1	1	1	0
attractor414	-1	1	1	1	1	1	1	1	1	-1	-1	1	1	1	1	1	1	1	1	1	1	-1	1	1	1	1	1	-1	-1	-1	1	1	1	1	1	1	-1	1	1	1	1	1	1	1	1	1	1	1	-1	1	-1	1	1	1	-1	1	-1	1	1	-1	-1	1	1	1	-1	1	1	-1	0	-1	1	1	-1	1	-1	1	1	1	1	1	1	1	-1	1	1	1	1	1	1	1	1	1	1	1	-1	1	1	1	1	1	1	1	1	-1	1	1	-1	1	1	1	-1	1	1	1	1	1
attractor423	1	1	-1	1	1	1	1	1	1	-1	1	1	1	1	1	1	1	1	1	1	1	-1	-1	1	1	1	1	1	1	-1	1	1	1	1	1	1	-1	1	1	1	1	-1	-1	1	1	-1	-1	1	1	1	1	1	1	1	1	1	-1	1	1	1	1	1	1	-1	-1	1	1	1	0	-1	1	-1	1	1	1	1	1	1	1	1	1	1	1	1	1	1	1	1	1	1	1	1	1	1	-1	-1	1	-1	1	1	1	1	1	1	1	1	-1	1	1	1	1	1	1	1	1	1
attractor430	-1	1	1	1	1	1	1	1	1	1	-1	1	1	1	1	-1	1	1	1	1	1	-1	-1	1	-1	1	1	1	-1	1	1	0	1	1	1	1	-1	1	1	1	1	1	-1	1	1	1	1	-1	-1	0	1	1	1	1	1	1	1	1	1	1	1	1	1	1	1	1	1	1	0	-1	1	-1	1	1	-1	1	1	1	1	1	1	1	1	1	1	1	-1	1	1	1	1	1	1	1	-1	1	1	-1	1	1	1	1	1	1	1	1	-1	1	1	1	-1	1	1	1	1	0
attractor434	1	1	1	1	1	1	1	1	1	-1	1	-1	1	-1	1	1	1	1	1	1	1	-1	1	1	1	1	1	1	-1	1	1	1	1	1	1	1	-1	1	1	1	1	-1	1	1	1	-1	-1	1	-1	0	1	1	0	1	1	-1	-1	1	1	-1	1	1	1	1	-1	1	1	-1	1	-1	1	-1	1	1	1	1	0	1	1	1	1	1	1	1	1	1	1	1	1	-1	1	1	1	1	-1	1	1	1	1	1	1	1	1	-1	1	1	-1	1	1	1	1	1	1	1	1	1
attractor438	-1	1	1	1	-1	1	1	1	1	-1	-1	1	1	1	1	1	1	-1	1	1	1	-1	-1	1	1	1	1	-1	1	-1	1	1	1	1	1	1	1	1	-1	1	1	-1	1	1	1	1	1	-1	-1	0	1	1	0	1	1	-1	1	1	1	-1	-1	1	1	1	1	1	1	-1	1	-1	1	1	1	1	1	1	0	1	1	1	1	1	1	1	1	1	1	1	1	1	1	1	1	1	1	-1	1	1	1	1	1	1	1	-1	1	1	-1	1	-1	1	1	1	1	1	1	1
attractor440	1	1	1	1	1	1	1	1	1	-1	-1	-1	1	1	1	1	1	1	-1	1	1	1	1	1	1	1	1	1	1	1	1	1	1	1	1	1	1	1	1	1	-1	-1	1	1	1	1	-1	-1	-1	0	1	1	0	1	-1	1	1	1	1	1	1	1	1	-1	1	-1	1	1	0	-1	1	-1	-1	1	1	1	1	1	1	1	1	1	1	-1	1	1	1	1	1	1	1	1	1	1	-1	-1	1	1	1	1	1	1	1	-1	1	1	-1	1	-1	1	1	1	1	1	1	1
attractor442	1	1	-1	1	-1	1	1	1	1	1	1	1	1	1	1	1	1	1	1	1	1	-1	-1	1	-1	-1	1	1	1	1	1	1	1	1	1	1	1	1	1	1	1	-1	-1	1	1	1	-1	1	1	0	1	1	1	1	1	1	-1	1	1	-1	1	1	1	1	1	1	1	-1	0	-1	1	1	-1	1	-1	1	1	1	1	1	1	1	1	1	1	1	1	1	1	1	1	1	1	1	1	-1	1	-1	1	1	1	1	1	1	1	1	-1	1	-1	1	-1	1	1	1	1	1
attractor444	-1	1	-1	1	1	1	1	1	1	1	-1	-1	1	1	1	1	1	1	1	1	1	-1	1	1	1	1	1	1	-1	-1	-1	1	1	1	1	1	1	1	1	1	1	-1	-1	1	1	1	1	1	1	0	1	1	0	1	1	-1	1	1	1	1	1	1	1	1	1	1	1	-1	0	1	1	1	1	1	1	1	0	1	1	1	1	1	1	1	1	1	1	1	1	-1	1	1	1	1	-1	1	1	-1	1	1	1	1	1	-1	1	1	-1	1	-1	1	-1	1	1	1	1	1
attractor445	-1	1	1	1	1	1	1	1	1	1	-1	1	1	-1	1	1	1	1	1	1	1	1	-1	1	-1	1	-1	-1	1	1	-1	0	1	1	1	1	1	-1	1	1	1	1	1	1	1	1	-1	1	-1	0	1	0	1	1	1	-1	1	1	1	1	0	1	1	1	1	1	1	-1	1	1	1	-1	1	1	-1	1	1	1	1	1	1	1	1	1	1	1	1	1	-1	-1	1	1	1	1	-1	1	1	-1	1	1	1	1	1	0	1	1	-1	1	1	1	-1	1	1	1	1	0
attractor446	1	-1	1	1	1	1	-1	1	1	1	-1	1	-1	-1	1	-1	1	1	1	1	1	-1	1	1	-1	1	1	-1	1	1	-1	1	1	1	1	1	1	1	1	1	1	1	1	1	1	1	1	1	1	1	1	1	1	1	1	1	1	1	1	1	1	1	1	1	1	1	1	1	1	-1	1	1	-1	1	-1	1	1	1	1	1	1	1	1	1	1	1	1	1	1	1	1	1	1	1	1	1	1	1	1	1	1	1	1	1	1	1	-1	1	-1	1	1	1	1	1	1	1
attractor451	-1	1	1	1	1	1	-1	1	1	1	-1	-1	-1	-1	1	1	1	1	1	1	1	-1	1	1	1	-1	1	1	-1	-1	1	0	0	1	1	1	1	1	1	1	1	1	-1	1	-1	1	1	-1	1	1	1	1	1	1	1	1	-1	1	1	1	-1	1	1	1	1	1	1	1	0	1	1	1	-1	1	-1	1	1	1	1	1	1	1	1	1	1	1	1	1	1	1	1	1	1	1	-1	-1	1	-1	1	1	1	1	1	-1	1	1	-1	1	1	1	1	1	1	1	1	1
attractor457	1	1	1	1	1	1	1	1	1	1	1	1	1	1	1	1	1	1	1	1	1	-1	-1	1	1	1	1	-1	-1	1	1	1	1	-1	1	1	1	1	-1	1	1	1	-1	1	1	1	-1	-1	1	0	1	1	1	1	1	-1	-1	1	1	-1	-1	1	1	-1	1	1	1	-1	1	1	1	1	-1	1	-1	1	1	1	1	1	1	1	1	1	1	1	1	1	1	-1	1	1	1	1	1	-1	1	-1	1	1	1	1	1	1	1	1	-1	1	1	1	-1	1	1	1	1	1
attractor458	1	1	1	1	-1	-1	1	1	1	1	1	1	1	1	1	-1	1	1	1	1	1	1	1	1	1	1	1	1	1	-1	1	0	1	1	1	1	1	1	-1	1	1	-1	1	1	1	1	-1	1	-1	1	1	1	1	1	1	1	-1	1	1	0	1	0	1	1	1	1	1	-1	1	-1	1	1	1	1	1	1	1	1	1	1	1	1	1	1	1	1	1	1	1	1	1	1	1	1	-1	-1	1	1	1	1	1	1	1	0	1	1	-1	1	1	1	1	1	1	1	1	0
attractor459	1	1	1	1	1	1	1	1	1	-1	-1	1	1	1	1	1	1	1	1	1	1	-1	1	1	1	1	1	1	1	1	-1	0	0	1	1	1	1	1	1	1	1	0	1	-1	1	-1	1	1	1	0	1	0	0	0	1	1	1	1	1	1	0	0	0	1	-1	1	1	0	1	1	1	1	-1	1	1	-1	1	1	1	-1	1	1	1	1	1	1	1	1	1	-1	1	-1	1	1	1	1	-1	1	0	1	1	1	0	1	1	1	-1	1	0	1	1	0	1	1	1	0
attractor464	1	-1	1	1	1	-1	-1	1	1	1	-1	1	-1	-1	1	-1	1	1	1	1	1	1	1	1	-1	1	1	-1	1	0	-1	0	0	-1	1	1	1	1	1	1	-1	1	1	1	1	-1	-1	-1	-1	1	1	0	0	1	1	1	-1	1	1	1	1	0	1	1	1	1	1	1	1	1	1	0	1	1	1	1	0	1	1	1	1	1	1	1	1	1	1	1	1	-1	1	1	1	1	-1	-1	1	-1	1	1	1	-1	1	0	1	1	-1	1	0	1	1	1	1	1	1	0
attractor469	1	1	1	-1	-1	-1	1	1	0	1	1	1	1	1	1	-1	1	1	1	1	1	1	1	1	-1	1	1	1	1	1	-1	0	0	-1	-1	1	1	1	-1	1	1	1	1	-1	1	1	1	1	1	0	1	0	0	0	1	1	1	1	1	1	0	0	0	1	1	1	1	0	1	1	1	1	-1	1	-1	-1	1	1	1	-1	1	1	1	1	1	1	1	1	1	1	1	1	1	1	-1	1	1	1	0	1	1	-1	1	0	1	1	-1	1	0	1	1	0	1	1	1	0
attractor474	-1	1	1	1	1	1	-1	1	1	-1	1	1	-1	1	1	1	1	-1	1	1	1	-1	1	1	1	1	1	-1	-1	-1	1	1	1	1	1	1	-1	1	1	1	1	-1	1	1	-1	1	1	-1	-1	0	-1	1	0	1	1	1	1	1	1	1	1	0	1	-1	-1	1	1	1	0	-1	1	1	-1	1	1	1	1	1	1	1	1	1	-1	1	1	1	1	-1	1	1	1	1	1	1	-1	1	1	-1	1	1	1	1	1	0	1	1	-1	1	1	1	-1	1	1	1	1	0
attractor478	-1	1	1	1	1	1	-1	1	1	1	1	-1	1	1	1	1	1	1	1	1	1	1	1	1	1	1	1	1	1	-1	-1	1	1	1	1	1	-1	1	1	1	1	1	1	1	1	1	-1	-1	-1	0	1	1	1	1	-1	-1	1	1	1	1	-1	1	1	-1	1	1	1	1	0	1	1	-1	-1	1	1	1	1	1	1	1	1	1	1	1	1	1	1	1	1	-1	1	1	1	1	-1	1	1	1	1	1	1	1	1	1	1	1	-1	1	-1	1	-1	1	1	1	1	1
attractor482	1	1	1	1	-1	1	1	1	1	1	1	1	1	-1	1	1	1	1	1	1	1	-1	-1	1	-1	1	1	1	1	1	1	1	1	1	1	1	-1	1	1	1	1	1	-1	1	1	1	1	-1	-1	0	1	1	0	1	1	1	-1	1	1	0	0	1	1	-1	1	1	1	-1	0	1	1	1	1	1	1	1	0	1	1	1	1	1	1	1	1	1	1	1	1	-1	1	1	1	1	-1	1	1	1	1	1	1	1	1	1	1	1	-1	1	1	1	-1	1	1	1	1	0
attractor484	1	1	1	1	-1	1	1	1	1	-1	1	1	1	1	1	1	1	1	1	1	1	1	1	1	-1	1	-1	1	1	-1	-1	1	1	1	1	1	-1	1	-1	1	1	-1	1	1	1	-1	-1	-1	1	0	1	1	0	1	-1	-1	1	1	1	1	1	0	1	1	1	1	1	1	1	1	1	1	1	1	-1	1	0	1	1	1	1	1	1	1	1	1	1	1	-1	-1	1	1	1	1	1	1	1	-1	1	1	1	1	1	1	1	1	-1	1	1	1	-1	1	1	1	1	0
attractor486	1	1	1	1	1	1	1	1	1	-1	-1	-1	1	-1	1	1	1	1	1	1	1	1	1	1	1	1	1	-1	1	-1	-1	0	0	1	1	1	1	1	-1	1	1	-1	1	1	1	1	-1	-1	-1	1	1	1	0	1	1	1	-1	1	1	1	-1	1	1	-1	-1	1	1	0	1	-1	1	1	1	1	1	1	1	1	1	1	1	1	1	1	1	1	1	1	1	1	1	1	1	1	-1	1	1	-1	1	1	1	1	1	-1	1	1	-1	1	1	1	1	1	1	1	1	1
attractor488	1	1	1	1	1	1	-1	1	1	1	-1	-1	1	1	1	1	1	-1	1	1	1	1	1	1	1	-1	1	1	-1	-1	1	1	1	1	1	1	-1	1	-1	1	1	1	1	1	1	1	1	1	-1	1	1	1	1	1	1	-1	1	1	1	-1	-1	1	1	-1	-1	1	1	1	1	1	1	1	1	1	1	1	1	1	1	1	1	1	1	1	1	1	1	1	1	1	1	1	1	1	-1	1	1	1	1	1	1	1	1	-1	1	1	-1	1	1	1	-1	1	1	1	1	1
attractor489	-1	1	1	1	-1	1	1	1	1	-1	1	1	1	-1	1	1	1	1	1	1	1	1	-1	1	1	1	1	-1	-1	-1	-1	1	1	-1	1	1	1	1	1	1	1	-1	1	1	1	-1	1	-1	1	0	1	1	1	1	-1	-1	1	1	1	1	1	0	1	-1	-1	1	1	-1	1	1	1	1	-1	1	-1	1	1	1	1	1	1	1	1	1	1	1	1	1	1	-1	1	1	1	1	1	1	1	1	1	1	1	1	1	0	1	1	-1	1	0	1	1	1	1	1	1	0
attractor492	-1	1	1	1	1	1	-1	1	1	-1	1	1	0	1	1	-1	1	1	1	1	1	-1	1	1	1	1	1	1	1	0	1	0	0	1	1	1	-1	1	1	1	1	-1	1	1	0	1	-1	1	1	0	1	0	0	1	1	1	-1	1	1	0	1	1	1	1	1	1	1	0	0	-1	1	1	1	1	-1	1	1	1	1	1	1	1	1	1	1	1	1	1	1	1	1	1	1	-1	1	-1	1	-1	1	1	1	1	1	0	1	1	-1	1	1	1	-1	1	1	1	1	0
attractor499	-1	1	1	1	1	1	-1	1	1	-1	1	-1	1	1	1	1	1	1	1	1	1	1	1	1	-1	1	1	-1	-1	1	-1	1	1	-1	1	1	-1	1	1	1	1	-1	1	1	1	1	1	-1	1	0	1	1	1	1	-1	-1	1	1	1	-1	1	1	1	-1	-1	1	1	-1	1	-1	1	1	-1	1	-1	1	1	1	1	1	1	1	1	1	1	1	1	1	1	-1	1	1	1	1	-1	1	1	-1	1	1	1	1	1	1	1	1	-1	1	1	1	1	1	1	1	1	1
attractor503	-1	1	1	1	1	1	1	1	1	1	-1	-1	1	1	1	1	1	1	1	1	1	-1	1	1	-1	1	1	1	1	-1	1	0	0	-1	1	1	1	1	1	1	1	-1	-1	1	1	1	1	-1	1	0	1	1	1	1	-1	-1	-1	1	1	-1	-1	1	1	1	1	1	1	1	0	-1	1	1	-1	1	1	1	1	1	1	1	1	1	1	1	1	1	1	1	1	-1	1	1	1	1	-1	-1	1	-1	1	1	1	1	1	1	1	1	-1	1	1	1	1	1	1	1	1	1
attractor504	1	1	1	1	-1	1	-1	1	1	1	-1	1	1	-1	1	1	1	1	1	1	1	1	1	1	1	1	1	-1	1	-1	-1	1	1	1	1	1	-1	1	1	1	1	1	1	1	1	1	-1	-1	-1	0	1	1	0	1	1	-1	-1	1	1	-1	1	1	1	1	-1	1	1	1	0	-1	1	1	-1	1	-1	1	0	1	1	1	1	1	1	1	1	1	1	1	1	-1	1	1	1	1	1	-1	1	1	1	1	1	1	1	1	1	1	-1	1	-1	1	1	1	1	1	1	1
attractor505	1	-1	1	1	1	-1	-1	1	1	-1	-1	1	1	-1	1	-1	1	1	1	1	1	1	1	1	-1	1	1	-1	1	-1	1	1	1	-1	1	1	1	1	1	1	1	-1	1	1	1	1	-1	1	-1	1	1	1	1	1	1	1	1	1	1	1	1	1	1	-1	1	1	1	1	1	-1	1	1	1	1	1	1	1	1	1	1	1	1	1	1	1	1	1	1	1	-1	1	1	1	1	-1	-1	1	-1	1	1	1	-1	1	-1	1	1	-1	1	1	1	1	1	1	1	1	1
attractor506	-1	1	1	1	-1	1	1	1	1	-1	-1	1	1	1	1	1	1	1	1	1	1	-1	-1	1	1	1	1	-1	1	-1	1	0	1	1	1	1	-1	1	1	1	1	-1	1	1	1	-1	1	-1	1	0	1	0	1	1	1	-1	-1	1	1	1	1	1	1	1	1	1	1	-1	0	-1	1	1	-1	1	1	1	1	1	1	1	1	1	1	1	1	1	1	1	1	-1	1	1	1	1	-1	1	1	1	1	1	1	1	0	0	1	1	-1	1	1	1	-1	1	1	1	1	0
attractor512	1	1	-1	1	1	1	-1	1	1	-1	1	1	1	1	1	1	1	1	1	1	1	-1	1	1	-1	-1	1	1	1	1	-1	0	0	1	1	1	-1	1	-1	1	1	-1	1	1	1	-1	1	-1	-1	0	1	1	0	1	-1	1	-1	1	1	1	1	1	1	-1	1	1	1	0	0	-1	1	1	-1	1	1	1	0	1	1	1	1	1	1	1	1	1	1	1	1	-1	1	1	1	1	-1	1	1	1	1	1	1	1	0	0	1	1	-1	1	0	1	1	1	1	1	1	0
attractor524	1	1	1	1	1	-1	1	1	1	-1	-1	1	1	-1	1	-1	1	1	-1	1	1	1	-1	1	1	1	1	1	-1	1	-1	1	1	1	1	1	-1	1	1	1	1	1	-1	1	1	-1	-1	1	-1	1	1	1	0	1	-1	1	-1	1	1	0	0	1	1	-1	1	1	1	1	0	1	1	1	-1	1	-1	1	1	1	1	1	1	1	1	1	1	1	1	1	1	1	1	1	1	1	1	1	1	-1	1	1	1	1	0	1	1	1	-1	1	0	1	1	1	1	1	1	0
attractor529	1	1	1	1	-1	1	1	1	1	-1	1	-1	-1	1	1	-1	1	1	1	1	1	-1	-1	1	1	1	1	1	1	-1	-1	1	1	1	1	1	-1	1	1	1	1	1	1	1	1	1	1	-1	1	0	-1	1	1	1	1	1	1	1	1	1	1	1	1	1	1	-1	1	1	0	1	1	1	-1	1	1	1	1	1	1	1	1	1	-1	1	1	1	1	1	1	1	1	1	1	-1	-1	1	1	-1	1	1	1	1	1	1	1	1	-1	1	-1	1	1	1	1	1	1	1
attractor533	1	-1	1	1	1	-1	-1	1	1	-1	1	1	1	1	1	-1	1	1	1	1	1	-1	1	1	-1	1	1	1	1	1	-1	1	1	-1	1	1	1	1	1	1	1	1	1	1	1	1	1	-1	-1	1	1	1	1	1	1	1	1	1	1	1	1	1	1	-1	1	1	1	-1	1	1	1	-1	-1	1	-1	1	1	1	1	1	1	1	1	1	1	1	1	1	1	-1	1	1	1	1	-1	-1	1	1	1	1	1	1	0	0	1	1	-1	1	1	1	1	1	1	1	1	0
attractor536	1	1	1	1	-1	1	-1	1	1	1	-1	1	1	-1	1	1	1	1	1	1	1	-1	-1	1	1	1	1	1	1	-1	-1	0	0	1	1	1	-1	1	1	1	1	1	1	1	1	1	1	1	1	0	1	0	1	1	1	1	-1	1	1	-1	1	1	1	-1	1	1	1	0	1	-1	1	1	1	1	-1	1	1	1	1	1	1	1	1	1	1	1	1	1	1	-1	1	1	1	1	-1	-1	1	1	1	1	1	1	1	1	1	1	-1	1	-1	1	1	1	1	1	1	1
attractor553	-1	1	1	1	1	1	-1	1	1	1	1	-1	-1	1	1	1	1	1	1	1	1	1	-1	1	1	1	1	-1	-1	-1	-1	0	0	1	1	1	1	1	1	1	-1	1	1	1	-1	1	1	1	-1	1	1	0	1	1	1	1	1	1	1	1	1	1	1	-1	-1	1	1	1	0	1	1	-1	-1	1	-1	1	1	1	1	1	1	1	-1	1	1	1	1	1	1	1	1	1	1	1	-1	-1	1	-1	1	1	1	1	1	1	1	1	-1	1	1	1	-1	1	1	1	1	1
attractor555	1	1	1	1	-1	-1	1	1	1	1	-1	1	1	-1	1	-1	1	1	1	1	1	1	1	1	-1	-1	1	-1	1	1	1	1	1	1	1	1	1	1	1	1	1	1	1	-1	1	-1	1	1	1	0	1	1	0	1	1	1	1	1	1	-1	-1	1	1	1	1	1	1	-1	1	1	1	1	1	1	1	1	1	1	1	-1	1	1	1	1	1	1	1	1	1	1	1	-1	1	1	1	1	-1	1	1	1	1	-1	1	-1	1	1	-1	1	1	1	1	1	1	1	1	1
attractor556	1	1	1	1	-1	1	-1	1	1	1	1	-1	1	1	1	1	1	1	1	1	1	-1	-1	1	-1	1	1	1	-1	1	-1	1	1	1	1	1	-1	1	1	1	1	-1	1	1	1	-1	-1	1	1	1	1	1	1	1	-1	-1	1	1	1	-1	1	1	1	1	-1	-1	1	-1	0	-1	1	1	-1	1	1	1	1	1	1	1	1	1	1	1	1	1	1	1	1	1	1	1	1	1	1	-1	1	1	1	1	1	1	1	-1	1	1	-1	1	-1	1	1	1	1	1	1	1
attractor557	-1	1	1	1	1	1	1	1	1	-1	-1	1	-1	1	1	1	1	1	1	1	1	1	-1	1	1	1	1	-1	-1	1	-1	0	1	1	1	1	-1	1	1	1	1	-1	1	1	1	-1	1	-1	1	1	1	0	0	1	1	1	1	1	1	1	1	1	1	1	1	1	1	1	1	1	1	-1	-1	1	-1	1	1	1	1	1	1	1	1	1	1	1	1	1	1	-1	1	1	1	1	1	-1	1	1	1	1	1	1	1	1	1	1	-1	1	-1	1	-1	1	1	1	1	1
attractor559	1	1	1	1	1	-1	1	1	1	1	1	1	1	1	1	-1	1	1	1	1	1	1	-1	1	-1	-1	1	1	1	-1	1	1	1	-1	1	1	1	1	1	1	1	-1	1	1	1	-1	1	-1	1	1	1	1	1	1	-1	1	1	1	1	-1	-1	1	1	1	1	1	1	-1	0	-1	1	1	1	1	-1	1	1	1	1	1	1	1	1	1	1	1	1	1	1	1	1	1	1	1	-1	1	1	-1	1	1	1	-1	1	-1	1	1	-1	1	1	1	1	1	1	1	1	1
attractor561	-1	1	1	1	1	1	1	1	1	-1	-1	1	1	-1	1	1	1	1	1	1	1	1	-1	1	1	1	1	1	-1	-1	-1	0	0	-1	1	1	1	1	1	1	1	1	1	1	1	-1	1	-1	-1	0	1	1	0	1	-1	-1	-1	1	1	1	1	1	1	1	-1	1	1	1	1	1	1	1	-1	1	1	1	1	1	1	1	1	1	1	1	1	1	1	1	1	-1	1	1	1	1	-1	-1	1	1	1	1	1	1	0	0	1	1	-1	1	1	1	-1	1	1	1	1	0
attractor562	-1	1	1	1	1	1	-1	1	1	1	-1	-1	1	-1	1	-1	1	1	1	1	1	-1	-1	1	-1	1	1	-1	-1	1	1	1	1	1	1	1	1	1	1	1	1	1	1	1	1	-1	-1	-1	1	1	1	1	1	1	1	1	-1	1	1	1	1	1	1	-1	1	1	1	1	1	1	1	1	-1	1	1	1	1	1	1	1	1	1	1	1	1	1	1	1	1	1	1	1	1	1	-1	-1	1	1	1	1	1	1	1	1	1	1	-1	1	1	1	1	1	1	1	1	0
attractor565	1	1	-1	1	1	1	1	1	1	1	1	1	1	1	1	1	1	1	1	1	1	-1	1	1	1	1	1	-1	-1	1	-1	1	1	-1	1	1	-1	1	1	1	1	1	-1	1	1	-1	-1	-1	1	1	1	1	0	1	-1	1	-1	1	1	0	0	1	1	-1	1	1	1	-1	0	1	1	-1	1	1	-1	1	1	1	1	1	1	1	1	1	1	1	-1	1	1	1	1	1	1	1	-1	1	1	-1	1	1	1	1	1	1	1	1	-1	1	0	1	1	1	1	1	1	0
attractor566	-1	1	1	1	1	-1	1	1	1	1	-1	1	-1	1	1	-1	1	1	-1	-1	-1	-1	1	1	-1	1	1	1	1	1	1	0	0	1	1	-1	1	1	1	1	1	-1	1	1	-1	1	-1	-1	-1	0	1	0	0	0	-1	1	-1	1	1	0	1	1	1	1	1	1	1	1	1	-1	1	-1	-1	1	1	1	1	1	1	1	1	1	1	1	1	1	1	1	1	1	-1	1	1	-1	1	1	1	1	1	1	1	-1	0	0	-1	1	-1	1	0	1	-1	1	1	1	1	0
attractor568	1	-1	1	1	-1	1	-1	1	1	-1	1	1	1	-1	1	-1	1	1	1	1	1	-1	1	1	1	1	1	1	-1	-1	-1	1	1	1	1	1	1	1	1	1	1	1	1	1	1	-1	-1	-1	1	0	1	1	0	1	-1	1	1	1	1	0	1	1	1	1	1	1	1	1	0	1	1	1	-1	1	-1	1	0	1	1	1	1	1	1	1	1	1	1	1	1	-1	1	1	1	1	1	1	1	1	1	1	1	1	0	1	1	1	-1	1	1	1	1	1	1	1	1	0
attractor570	-1	1	1	1	1	1	-1	1	1	1	-1	1	0	1	1	1	1	1	1	1	1	1	1	1	-1	1	1	-1	1	1	-1	0	0	1	1	1	-1	1	1	1	1	-1	1	1	1	1	-1	-1	-1	1	1	1	1	1	-1	-1	-1	1	1	1	1	1	1	1	-1	1	1	0	1	1	1	-1	1	1	-1	1	1	1	1	1	1	1	1	1	1	1	1	1	1	1	1	1	1	1	-1	1	1	1	1	1	1	1	1	-1	1	1	-1	1	-1	1	1	1	1	1	1	1
attractor572	1	1	1	1	1	1	-1	1	1	-1	-1	-1	1	1	1	1	1	-1	1	1	1	-1	-1	1	1	1	1	-1	1	0	1	0	0	1	1	1	1	1	1	1	1	-1	1	1	1	1	1	-1	-1	0	-1	0	0	1	1	-1	1	1	1	1	0	1	1	-1	-1	1	1	1	0	1	1	1	1	1	1	1	0	0	1	1	1	1	1	1	1	1	1	1	1	1	1	1	1	1	-1	1	1	1	1	1	1	1	1	1	1	1	-1	1	0	1	-1	1	1	1	1	0
attractor576	1	1	-1	1	1	1	1	1	1	1	-1	1	-1	1	1	1	1	1	1	1	1	1	1	1	1	1	1	1	-1	-1	1	1	1	1	1	1	1	1	1	1	1	-1	-1	1	1	-1	-1	1	-1	0	1	1	1	1	-1	-1	1	1	1	0	0	0	1	1	-1	1	1	1	0	1	1	-1	-1	1	1	1	1	1	1	1	1	1	1	1	1	1	1	1	1	1	1	1	1	1	1	-1	1	-1	1	1	1	1	1	0	1	1	-1	1	1	1	1	1	1	1	1	0
attractor580	1	1	1	1	-1	-1	1	1	1	1	1	-1	1	-1	1	-1	1	1	1	1	1	1	-1	1	-1	1	1	1	1	1	-1	0	1	1	1	1	1	1	1	1	1	-1	-1	1	1	1	1	1	1	1	1	1	1	1	1	1	-1	1	1	1	-1	1	1	1	1	1	1	-1	1	1	1	1	1	1	1	1	1	1	1	1	1	1	1	1	1	1	1	1	1	1	1	1	1	1	-1	-1	1	-1	1	1	1	-1	1	1	1	1	-1	1	1	1	1	1	1	1	1	1
attractor581	-1	1	-1	1	1	1	-1	1	1	-1	-1	1	1	1	1	1	1	1	1	1	1	1	-1	1	1	1	-1	1	1	1	-1	0	1	1	1	-1	1	1	1	1	1	1	1	1	1	1	1	-1	-1	0	1	0	1	1	-1	-1	-1	1	-1	-1	1	1	1	1	1	-1	1	1	1	1	1	-1	1	1	-1	1	1	1	1	1	1	1	1	1	1	1	1	1	1	1	-1	1	1	1	-1	-1	1	-1	1	1	1	1	1	-1	-1	1	-1	1	-1	1	1	1	1	1	1	1
attractor583	-1	1	1	1	1	-1	1	1	1	-1	-1	1	-1	1	1	-1	1	1	-1	-1	-1	1	-1	1	1	1	-1	1	-1	1	-1	1	1	1	1	1	-1	1	1	1	1	1	-1	1	1	1	1	1	-1	0	1	1	0	1	1	1	-1	1	1	0	0	0	1	1	1	1	1	1	1	1	1	-1	1	1	-1	1	0	1	1	1	1	1	1	1	1	1	-1	1	-1	1	1	1	1	1	-1	1	1	-1	1	1	1	-1	0	0	-1	1	-1	1	1	1	-1	1	-1	1	1	0
attractor590	1	1	1	1	-1	1	1	1	1	-1	-1	-1	-1	-1	1	1	1	1	1	1	1	-1	-1	1	1	1	1	1	-1	-1	-1	0	0	-1	1	1	1	1	1	1	1	1	1	1	1	-1	-1	-1	1	1	1	1	1	1	-1	-1	1	1	1	1	-1	1	1	1	1	1	1	1	1	-1	1	1	-1	1	-1	1	1	1	1	1	1	1	1	1	1	1	1	1	1	1	1	1	1	1	-1	-1	1	1	1	1	1	1	1	-1	1	1	-1	1	-1	1	1	1	1	1	1	1
attractor591	1	1	1	1	0	1	-1	1	1	-1	-1	1	0	1	1	-1	1	1	1	1	1	1	-1	1	1	1	1	1	-1	0	1	0	0	1	1	-1	1	1	1	1	-1	-1	1	1	0	1	1	-1	-1	1	1	0	0	0	1	1	1	1	1	1	1	1	0	1	1	1	1	0	0	1	1	0	-1	1	-1	1	0	0	1	1	1	1	1	1	1	1	1	1	1	1	-1	1	1	1	1	1	1	1	1	1	1	-1	1	-1	-1	1	-1	1	-1	1	1	1	1	1	1	1
attractor598	1	1	1	1	1	-1	1	1	1	-1	1	1	1	-1	1	-1	1	1	1	1	1	-1	1	1	-1	1	1	1	-1	-1	-1	0	1	1	1	1	-1	1	1	1	1	-1	1	1	1	1	-1	-1	1	0	1	1	1	1	-1	1	1	1	1	0	1	1	1	-1	1	1	1	1	0	1	1	1	1	1	1	1	1	1	1	1	1	1	1	1	1	1	1	1	1	1	1	1	1	1	-1	1	1	1	1	1	1	-1	1	0	1	1	-1	1	0	1	1	1	1	1	1	0
attractor599	1	1	1	1	1	1	1	1	1	1	-1	1	1	1	1	1	1	1	1	1	1	-1	-1	1	-1	1	1	1	1	1	-1	1	1	-1	1	1	1	1	1	1	1	1	-1	1	1	-1	1	-1	-1	0	1	1	0	1	-1	1	-1	1	1	1	0	0	1	1	1	1	1	1	1	-1	1	-1	-1	1	1	1	1	1	1	1	1	1	1	1	1	1	1	1	1	-1	1	1	1	1	1	-1	1	1	1	1	1	1	0	0	1	1	-1	1	1	1	-1	1	1	1	1	0
attractor604	1	1	1	1	1	1	1	1	1	1	1	1	-1	1	1	1	1	1	1	1	1	-1	-1	1	-1	1	1	-1	1	-1	1	0	0	1	1	1	1	1	1	1	-1	-1	1	1	-1	1	1	1	1	0	1	1	0	1	-1	-1	-1	1	1	0	0	0	1	-1	1	-1	1	1	1	1	1	-1	-1	1	1	1	0	1	1	1	1	1	1	1	1	1	1	-1	1	-1	1	1	1	1	1	-1	1	1	1	1	1	1	1	1	1	1	-1	1	1	-1	1	1	1	1	1	0
attractor610	1	1	1	1	-1	1	1	1	1	1	1	-1	0	1	1	1	1	1	1	1	1	1	1	1	1	1	-1	-1	1	-1	1	0	0	1	1	1	1	1	1	1	1	-1	1	1	1	1	-1	1	1	0	1	1	0	1	1	1	-1	1	1	1	0	0	1	-1	-1	1	1	0	1	-1	1	1	1	1	1	1	0	1	1	1	1	1	-1	1	1	1	1	1	-1	1	1	1	1	1	1	-1	1	-1	1	1	1	1	0	0	1	1	-1	1	1	1	-1	1	1	1	1	0
attractor613	1	1	1	1	-1	1	1	1	1	1	-1	1	-1	-1	1	1	1	1	1	1	1	1	-1	1	1	1	1	1	1	1	1	1	1	-1	1	1	-1	1	1	1	1	1	-1	1	1	1	1	1	-1	1	1	1	0	1	-1	1	-1	1	1	1	1	1	1	-1	1	1	1	1	0	1	1	1	-1	1	1	1	0	1	1	1	1	1	1	1	1	1	1	1	1	-1	1	1	1	1	-1	-1	1	1	1	1	1	1	0	1	1	1	-1	1	0	1	1	1	1	1	1	0
attractor617	-1	1	1	1	1	1	-1	1	1	-1	1	1	1	1	1	-1	1	1	-1	1	1	-1	1	1	1	1	1	1	1	1	-1	0	1	1	1	1	1	1	1	1	1	-1	-1	1	1	1	1	-1	1	1	1	1	1	1	1	1	1	1	1	-1	1	1	1	1	1	1	1	-1	1	1	1	1	1	1	-1	1	1	1	1	1	1	1	-1	1	1	1	1	1	1	1	1	1	1	1	1	1	1	1	1	1	1	1	1	-1	1	1	-1	1	-1	1	1	1	1	1	1	1
attractor623	1	1	1	1	1	1	1	1	1	1	1	1	1	1	1	-1	1	1	1	1	1	1	-1	1	1	1	1	1	-1	1	1	1	1	1	1	1	-1	1	1	1	1	-1	1	1	1	1	-1	-1	1	0	-1	1	0	1	-1	1	-1	1	1	1	-1	1	1	-1	1	1	1	-1	0	-1	1	-1	1	1	1	1	1	1	1	1	1	1	-1	1	1	1	1	1	1	1	1	1	1	1	-1	1	1	-1	1	1	1	-1	1	-1	-1	1	-1	1	-1	1	1	1	1	1	1	1
attractor628	1	1	1	1	1	1	-1	1	1	1	-1	1	1	1	1	1	1	1	1	1	1	-1	-1	1	-1	1	1	1	-1	1	-1	0	0	1	1	1	-1	1	1	1	1	1	1	1	1	1	1	-1	-1	0	1	1	0	1	-1	-1	1	1	1	1	0	1	1	1	1	1	1	0	1	1	1	1	1	1	1	1	0	1	1	1	1	1	1	1	1	1	1	1	1	1	1	1	1	1	-1	1	1	1	1	1	1	1	0	1	1	1	-1	1	1	1	1	1	1	1	1	0
attractor632	1	1	1	1	-1	1	1	1	1	1	-1	-1	1	1	1	1	1	1	1	1	1	-1	-1	1	1	1	1	-1	1	1	1	0	0	1	1	1	-1	1	1	1	1	-1	1	1	1	1	1	1	-1	0	-1	0	1	1	-1	-1	1	1	1	-1	1	1	1	-1	-1	1	1	0	0	-1	1	1	-1	1	-1	1	1	1	1	1	1	1	-1	1	1	1	1	1	1	1	1	1	1	1	1	1	1	1	1	1	1	1	1	1	1	1	-1	1	1	1	1	1	1	1	1	1
attractor649	1	1	1	1	1	1	1	1	1	-1	1	1	1	1	1	1	1	1	1	1	1	1	-1	1	-1	1	1	1	-1	-1	1	0	0	-1	1	1	-1	1	1	1	1	-1	1	1	1	1	-1	-1	1	1	1	0	1	1	-1	-1	1	1	1	0	0	0	1	1	1	1	1	1	1	-1	1	1	-1	1	-1	1	1	1	1	1	1	1	1	1	1	1	1	1	1	-1	1	1	1	1	-1	-1	1	-1	1	1	1	1	0	1	1	1	-1	1	1	1	1	1	1	1	1	0
attractor651	1	1	-1	1	1	1	1	1	1	-1	-1	1	1	-1	1	1	1	1	1	1	1	1	1	1	1	1	1	1	-1	-1	1	0	0	1	1	1	1	1	-1	1	1	-1	1	1	1	1	-1	1	-1	0	1	0	1	1	-1	-1	-1	1	1	-1	-1	1	1	-1	1	1	1	1	0	1	1	1	1	1	1	1	1	1	1	1	1	1	1	1	1	1	1	1	1	1	1	1	1	1	-1	-1	1	1	1	1	1	1	1	-1	1	1	-1	1	-1	1	1	1	1	1	1	1
attractor653	1	1	-1	-1	1	1	1	1	1	-1	-1	1	1	-1	1	1	1	1	1	1	1	-1	1	1	1	1	1	-1	1	1	1	0	0	1	1	1	1	1	1	1	1	1	-1	-1	1	-1	1	1	-1	1	1	0	0	0	1	1	1	1	1	-1	1	1	1	1	1	1	1	1	0	1	1	-1	-1	1	1	1	1	1	1	1	1	1	1	1	1	1	-1	1	1	1	1	-1	1	1	-1	1	1	1	1	1	1	1	1	-1	1	1	-1	-1	-1	1	1	1	1	1	1	1
attractor655	1	-1	1	1	-1	-1	-1	1	1	1	-1	1	-1	1	1	-1	1	1	1	1	1	-1	1	1	1	1	1	1	-1	-1	1	1	1	1	1	1	1	1	1	1	1	-1	1	1	1	1	-1	1	-1	1	1	1	1	1	-1	1	-1	1	1	0	0	0	1	1	1	1	1	1	1	-1	1	1	1	1	1	1	1	1	1	1	1	1	1	-1	1	1	1	1	1	1	1	1	1	-1	-1	-1	1	1	1	1	1	-1	1	0	1	1	-1	1	0	1	-1	1	1	1	1	0
attractor656	1	1	-1	1	1	1	-1	1	1	-1	-1	-1	1	-1	1	1	1	1	1	1	1	-1	-1	1	1	1	1	-1	1	-1	1	0	1	1	1	1	-1	1	1	1	1	1	1	1	1	1	1	-1	1	0	1	1	1	1	1	1	1	1	1	0	0	1	1	1	1	1	1	-1	1	1	1	1	-1	1	1	1	1	1	1	1	1	1	1	1	1	1	1	1	1	1	1	1	1	1	-1	1	1	1	1	1	1	1	0	1	1	1	-1	1	1	1	1	1	1	1	1	0
attractor663	-1	1	1	1	1	1	1	1	1	1	1	-1	1	1	1	1	1	1	1	1	1	-1	1	1	-1	1	1	-1	1	1	1	0	1	-1	1	1	-1	1	1	1	1	1	-1	1	1	1	1	1	1	0	1	0	1	1	1	1	1	1	1	0	1	1	1	-1	-1	1	1	-1	0	-1	1	-1	-1	1	-1	1	1	1	1	1	1	1	1	1	1	1	1	1	1	1	1	1	1	1	-1	-1	1	1	1	1	1	1	1	0	1	1	-1	1	0	1	-1	1	1	1	1	0
attractor664	1	1	1	1	1	1	1	1	1	1	1	1	1	1	1	1	1	1	1	1	1	1	-1	1	1	1	1	1	1	1	1	1	1	-1	1	1	-1	1	1	1	1	-1	1	1	1	-1	-1	-1	-1	1	1	1	0	1	-1	-1	-1	1	1	0	0	0	1	-1	-1	1	1	1	1	1	1	-1	-1	1	1	1	0	1	1	1	1	1	1	1	1	1	-1	1	1	-1	1	1	1	1	-1	1	1	-1	1	1	1	1	1	1	1	1	-1	1	1	1	1	1	1	1	1	0
attractor668	-1	1	-1	1	1	1	-1	1	1	-1	-1	1	0	1	1	1	1	1	1	1	1	-1	1	1	-1	1	1	1	1	1	-1	0	0	-1	1	1	-1	1	1	1	1	1	-1	1	1	1	1	-1	-1	0	1	0	1	1	-1	1	1	1	1	1	1	0	1	-1	-1	1	1	0	0	1	1	-1	1	1	-1	1	1	1	1	1	1	1	1	1	1	1	-1	1	1	-1	1	1	1	1	1	1	1	1	1	1	1	1	1	0	1	1	-1	1	0	1	1	1	1	1	1	0
attractor674	1	1	1	1	1	-1	1	1	1	1	1	1	1	1	1	-1	1	1	-1	-1	-1	-1	-1	1	1	1	1	1	-1	1	1	1	1	1	1	1	1	1	-1	1	1	-1	-1	1	1	-1	-1	1	1	1	1	1	0	1	-1	1	-1	1	1	0	0	1	1	-1	1	1	1	-1	1	-1	1	1	1	1	-1	1	1	1	1	1	1	1	1	1	1	1	1	1	1	-1	1	1	1	1	-1	1	1	-1	1	1	1	-1	1	0	1	1	-1	1	0	1	1	1	1	1	1	0
attractor684	1	1	1	1	1	1	-1	1	1	1	-1	-1	0	-1	1	1	1	1	-1	-1	-1	-1	-1	1	-1	1	1	-1	1	1	-1	0	0	-1	1	1	-1	1	1	1	1	-1	-1	1	1	-1	-1	-1	1	1	1	1	0	1	1	1	1	1	1	1	1	0	1	1	1	1	1	0	1	1	1	-1	1	1	1	1	1	1	1	1	1	1	1	1	1	1	-1	1	1	1	1	1	1	1	1	1	1	1	1	1	1	1	1	0	1	1	-1	1	1	1	-1	1	1	1	1	0
attractor691	-1	1	1	1	-1	1	-1	1	1	1	1	-1	-1	1	1	-1	1	1	-1	-1	-1	-1	-1	1	1	1	1	-1	1	1	-1	1	1	-1	1	1	-1	1	1	1	1	1	1	1	-1	-1	-1	1	1	1	1	1	0	1	-1	1	-1	1	1	1	-1	1	1	-1	1	1	1	1	0	1	1	1	1	1	-1	1	0	1	1	1	1	1	1	1	1	1	1	1	1	-1	1	1	1	1	-1	-1	1	-1	1	1	1	1	1	1	1	1	-1	1	-1	1	1	1	1	1	1	1
attractor696	1	1	1	1	-1	1	-1	1	1	-1	-1	-1	1	1	1	1	1	1	1	1	1	1	1	1	-1	1	1	-1	-1	-1	-1	1	1	-1	1	1	1	1	1	1	1	-1	1	1	1	-1	-1	-1	-1	1	1	1	1	1	1	1	1	1	1	1	-1	1	1	-1	-1	-1	1	1	1	-1	1	1	-1	1	1	1	1	1	1	1	1	1	1	1	1	1	1	1	1	-1	1	1	1	1	-1	1	1	-1	1	1	1	1	1	-1	1	1	-1	1	-1	1	1	1	1	1	1	1
attractor698	-1	1	1	1	-1	1	-1	1	1	-1	1	-1	1	1	1	1	1	1	1	1	1	1	1	1	-1	1	1	-1	-1	-1	1	0	0	1	1	1	-1	1	1	1	1	1	1	1	1	-1	-1	-1	-1	0	1	0	1	1	-1	1	-1	1	1	-1	-1	1	1	-1	1	1	1	1	0	1	1	1	1	1	-1	1	1	1	1	1	1	1	1	1	1	1	1	1	1	-1	1	1	1	1	1	1	1	1	1	1	1	1	1	-1	1	1	-1	1	-1	1	1	1	1	1	1	1
attractor700	-1	1	1	1	-1	1	1	1	1	1	1	-1	1	-1	1	1	1	1	1	1	1	1	-1	1	1	1	1	-1	-1	-1	-1	1	1	1	1	1	1	1	1	1	1	1	1	1	1	-1	1	-1	-1	0	1	1	1	1	-1	-1	1	1	1	-1	1	1	1	-1	-1	1	1	-1	0	1	1	1	1	1	-1	1	1	1	1	1	1	1	1	1	1	1	1	1	1	-1	1	1	1	1	-1	1	1	-1	1	1	1	1	1	-1	1	1	-1	1	-1	1	1	1	1	1	1	1
attractor702	1	1	1	1	-1	1	1	1	1	1	1	-1	1	-1	1	1	1	1	1	1	1	-1	-1	1	1	1	1	1	-1	1	1	1	1	1	1	1	-1	1	1	1	1	1	-1	1	1	-1	-1	-1	-1	1	1	1	1	1	-1	-1	1	1	1	-1	1	1	1	1	1	1	1	-1	0	1	1	1	1	1	1	1	1	1	1	1	1	1	1	1	1	1	1	1	1	-1	1	1	1	1	1	-1	1	1	1	1	1	1	1	1	1	1	-1	1	-1	1	1	1	1	1	1	1
attractor703	1	1	1	1	-1	1	1	1	1	-1	-1	1	1	-1	1	1	1	1	1	1	1	-1	-1	1	-1	1	1	1	1	-1	1	1	1	-1	1	1	-1	1	-1	1	1	-1	1	1	1	-1	1	-1	1	1	1	1	0	1	-1	1	-1	1	1	0	1	0	1	1	1	1	1	-1	1	1	1	1	-1	1	-1	1	1	1	1	1	1	1	1	1	1	1	1	1	1	-1	1	1	1	1	-1	-1	1	1	1	1	1	1	1	1	1	1	-1	1	1	1	1	1	1	1	1	0
attractor711	-1	1	1	1	1	1	1	1	1	-1	1	1	-1	-1	1	1	1	1	1	1	1	-1	1	1	1	1	1	1	-1	-1	1	0	0	-1	1	1	-1	1	1	1	1	1	-1	1	-1	-1	1	1	-1	0	1	1	0	1	1	-1	-1	1	1	0	0	1	1	-1	-1	1	1	1	0	-1	1	1	-1	1	-1	1	1	1	1	1	1	1	1	1	1	1	1	1	1	1	1	1	1	1	-1	-1	1	-1	1	1	1	1	1	0	1	1	-1	1	1	1	1	1	1	1	1	0
attractor713	-1	-1	1	1	1	1	1	1	1	-1	-1	1	1	1	1	-1	1	1	-1	-1	-1	1	-1	1	1	1	-1	-1	1	1	-1	1	1	1	1	1	-1	1	1	1	1	1	-1	1	1	1	1	-1	1	0	1	1	0	1	-1	1	-1	1	1	1	-1	1	1	1	1	-1	1	-1	1	1	1	1	1	1	-1	1	0	1	1	1	1	1	1	1	1	1	1	1	1	1	1	1	1	1	-1	1	1	-1	1	1	1	1	1	-1	-1	1	-1	1	1	1	-1	1	-1	1	1	1
attractor715	1	1	1	1	1	1	1	1	1	-1	-1	1	1	1	1	1	1	1	1	1	1	-1	1	1	1	1	1	1	1	-1	-1	1	1	-1	1	1	-1	1	1	1	1	-1	1	1	1	-1	-1	-1	1	1	1	1	0	1	-1	-1	-1	1	1	0	1	1	1	1	-1	1	1	1	1	1	1	-1	-1	1	1	1	0	1	1	1	1	1	1	1	1	1	1	1	1	-1	1	1	1	1	1	-1	1	1	1	1	1	1	1	0	1	1	-1	1	0	1	1	1	1	1	1	0
attractor717	1	1	1	1	-1	1	-1	1	1	-1	1	-1	1	1	1	-1	1	1	1	1	1	-1	-1	1	-1	1	1	1	-1	-1	1	1	1	-1	1	1	-1	1	-1	1	1	1	1	1	1	1	-1	1	-1	0	1	1	1	1	-1	1	-1	1	1	-1	-1	1	1	1	1	1	1	1	1	1	1	1	1	1	1	1	1	1	1	1	1	1	1	1	1	1	1	1	1	1	1	1	1	1	1	1	1	1	1	1	1	-1	1	1	1	1	-1	1	-1	1	1	1	1	1	1	1
attractor718	1	1	-1	1	-1	-1	-1	1	1	-1	-1	-1	1	1	1	-1	1	1	1	1	1	1	-1	1	-1	1	-1	-1	1	1	-1	0	1	1	1	-1	-1	1	1	1	1	-1	-1	1	1	1	-1	-1	1	1	1	1	1	1	1	1	1	1	1	1	1	0	1	-1	1	1	1	-1	1	-1	1	1	1	1	1	1	1	1	1	1	1	1	1	1	1	1	1	1	-1	1	-1	1	1	1	1	-1	1	1	1	1	1	-1	0	0	-1	1	-1	1	0	1	-1	1	-1	-1	1	0
attractor722	1	1	1	1	1	-1	-1	1	1	1	1	1	1	1	1	-1	1	1	1	1	1	1	1	1	1	1	1	1	-1	1	-1	0	1	1	1	-1	1	1	1	1	-1	1	1	1	1	1	-1	1	1	1	-1	0	1	1	1	1	1	1	-1	1	1	0	1	-1	1	1	-1	-1	0	1	-1	-1	-1	1	-1	1	1	1	-1	1	1	1	1	1	1	1	1	1	1	1	-1	1	1	1	1	1	1	1	-1	1	1	1	1	1	-1	1	-1	1	0	1	1	1	-1	1	1	0
attractor725	1	1	1	1	-1	1	1	1	1	-1	-1	1	1	1	1	1	1	1	1	1	1	1	1	1	-1	1	1	1	-1	-1	-1	1	1	1	1	1	-1	1	1	1	1	1	1	1	1	-1	1	1	1	1	1	1	1	1	1	-1	1	1	1	0	0	0	1	-1	-1	1	1	-1	1	-1	1	1	1	1	-1	1	1	1	1	1	1	1	1	1	1	1	1	1	1	-1	1	1	1	1	-1	1	1	1	1	1	1	1	1	1	1	1	-1	1	1	1	1	1	1	1	1	0
attractor727	1	1	1	1	1	1	1	1	1	1	-1	1	0	1	1	1	1	1	1	1	1	1	-1	1	1	1	1	1	-1	1	-1	0	0	-1	1	1	-1	1	1	1	1	-1	1	1	0	1	-1	-1	-1	0	1	1	0	1	1	-1	-1	1	1	-1	1	1	1	-1	-1	1	1	0	1	-1	1	1	1	1	1	1	1	1	1	1	1	1	1	1	1	1	1	1	1	1	1	1	1	1	-1	1	1	-1	1	1	1	1	1	-1	1	1	-1	1	-1	1	-1	1	1	1	1	1
attractor728	1	1	-1	1	1	1	1	1	1	1	1	1	1	-1	1	1	1	1	1	1	1	-1	1	1	1	1	1	1	1	1	1	1	1	1	1	1	-1	1	1	1	1	1	-1	1	1	-1	-1	-1	1	1	1	1	0	1	1	1	1	1	1	-1	1	1	1	1	1	1	1	1	0	1	1	-1	-1	1	-1	1	1	1	1	1	1	1	1	1	1	1	1	1	1	-1	1	1	1	1	-1	1	1	-1	1	1	1	1	1	1	1	1	-1	1	1	1	-1	1	1	1	1	1
attractor731	1	1	1	1	-1	1	-1	1	1	1	-1	1	-1	1	1	1	1	-1	1	1	1	1	1	1	1	1	1	1	1	-1	1	1	1	1	1	1	1	1	1	1	1	1	1	1	-1	1	-1	-1	-1	1	1	1	1	1	-1	-1	-1	1	1	1	0	1	1	1	-1	1	1	1	0	1	1	1	-1	1	-1	1	1	1	1	1	1	1	1	1	1	1	1	1	1	1	1	1	1	1	-1	-1	1	1	1	1	1	1	0	1	1	1	-1	1	0	1	1	1	1	1	1	0
attractor735	-1	-1	-1	1	1	1	-1	1	1	1	-1	-1	-1	1	1	-1	1	1	1	1	1	1	-1	1	1	1	-1	-1	-1	1	-1	0	1	1	1	-1	1	1	1	1	1	1	1	1	1	1	-1	-1	1	0	-1	1	0	1	1	1	-1	1	1	1	0	1	1	-1	1	1	1	1	1	1	1	-1	1	1	1	1	0	1	1	1	1	1	-1	1	1	1	1	1	1	1	-1	1	1	-1	1	-1	1	1	1	1	1	1	0	0	-1	1	-1	1	1	1	-1	1	-1	1	1	0
attractor736	1	1	-1	1	-1	-1	-1	1	1	-1	1	1	1	-1	1	-1	1	1	1	1	1	1	-1	1	1	1	1	1	-1	-1	1	1	1	1	1	-1	-1	1	1	1	1	1	-1	1	1	-1	1	1	1	1	1	1	1	1	-1	1	1	-1	-1	1	0	1	1	-1	1	1	-1	-1	0	-1	1	1	1	1	1	1	1	1	1	1	1	1	1	1	1	1	1	1	1	-1	-1	1	1	-1	1	1	1	1	1	1	1	1	0	1	-1	1	-1	1	1	1	-1	1	-1	-1	1	0
attractor737	1	1	1	1	1	1	1	1	1	-1	1	1	0	1	1	1	1	-1	1	1	1	-1	1	1	1	1	1	-1	1	1	1	0	0	1	1	1	-1	1	-1	1	1	1	1	1	1	1	1	-1	-1	0	-1	1	1	1	-1	1	-1	1	1	1	0	0	1	1	1	1	1	0	0	-1	1	1	-1	1	1	1	1	1	1	1	1	1	1	1	1	1	1	1	1	1	1	1	1	1	-1	-1	1	1	1	1	1	1	0	1	1	1	-1	1	1	1	1	1	1	1	1	0
attractor741	1	-1	1	1	1	-1	1	1	1	1	1	1	1	1	1	-1	1	1	1	1	1	1	-1	1	1	1	-1	-1	-1	-1	-1	0	1	1	1	1	-1	1	1	1	1	-1	1	1	1	1	-1	-1	1	0	1	1	1	1	1	1	-1	1	1	1	1	0	1	-1	1	1	1	-1	1	1	1	1	1	1	-1	1	1	1	1	1	1	1	-1	-1	1	1	1	1	-1	1	1	1	1	1	-1	1	1	-1	1	1	1	-1	0	1	-1	1	-1	1	1	1	1	1	-1	1	1	0
attractor745	1	1	1	-1	1	1	1	1	-1	1	-1	1	-1	-1	1	-1	1	1	1	1	1	1	1	1	-1	-1	0	1	1	1	-1	0	1	-1	-1	1	1	1	1	1	1	1	1	1	-1	-1	1	1	-1	1	1	0	0	0	1	1	1	1	1	1	0	1	0	1	1	1	1	1	0	1	1	-1	0	1	1	-1	0	1	1	-1	1	1	1	1	1	1	-1	1	0	1	-1	-1	1	-1	1	1	-1	1	-1	-1	1	1	0	0	-1	1	-1	-1	1	1	1	0	-1	1	1	0
attractor748	1	1	1	1	-1	1	1	1	1	-1	1	1	1	1	1	1	1	-1	1	1	1	-1	-1	1	1	1	1	1	-1	-1	1	0	0	1	1	1	1	1	-1	1	1	1	-1	1	1	1	-1	1	1	1	-1	1	1	1	1	1	1	1	1	1	1	1	1	-1	1	1	1	0	0	1	1	1	-1	1	1	1	1	1	-1	1	1	1	1	1	-1	1	1	1	1	1	1	1	1	1	1	1	1	1	1	1	1	1	1	1	1	1	-1	1	-1	1	-1	1	1	1	1	1
attractor751	1	1	1	1	1	1	1	1	1	-1	1	1	1	-1	1	-1	1	1	1	1	1	1	1	1	-1	1	1	1	-1	-1	1	1	1	-1	1	1	-1	1	-1	1	1	1	-1	1	1	1	-1	-1	-1	0	1	1	1	1	-1	1	-1	1	1	1	0	0	1	1	1	1	1	-1	0	1	1	1	1	1	-1	1	1	1	1	1	1	1	1	1	1	1	1	1	1	-1	1	1	1	1	1	-1	1	1	1	1	1	-1	1	0	1	1	-1	1	1	1	1	1	1	1	1	0
attractor753	1	1	1	1	-1	-1	-1	1	1	1	1	1	1	-1	1	-1	1	1	1	1	1	-1	1	1	-1	1	1	-1	-1	1	1	1	1	-1	1	1	1	1	1	1	1	1	1	1	1	1	-1	1	-1	1	1	1	1	1	1	1	1	1	1	1	-1	1	1	-1	1	-1	1	-1	0	1	1	1	-1	1	1	1	1	1	1	1	1	1	1	1	1	1	1	1	1	-1	1	1	1	1	-1	1	1	1	1	1	1	-1	1	-1	1	1	-1	1	-1	1	1	1	1	1	1	1
attractor754	1	1	1	1	1	1	1	1	1	1	1	1	1	1	1	1	1	-1	1	1	1	1	1	1	1	1	-1	1	1	1	1	1	1	1	1	-1	1	1	1	1	-1	1	1	1	1	1	-1	1	1	0	1	1	1	1	1	1	-1	1	1	-1	-1	1	1	1	-1	1	1	1	1	-1	1	-1	1	1	-1	1	1	1	1	1	1	1	1	1	1	1	1	-1	-1	1	-1	1	1	1	1	1	1	1	1	1	1	1	1	-1	-1	1	-1	1	1	-1	1	1	-1	1	1	1
attractor758	1	-1	1	1	1	1	-1	1	1	-1	1	-1	1	-1	1	-1	1	1	1	1	1	1	-1	1	1	1	1	-1	1	-1	-1	0	1	-1	1	1	1	1	1	1	1	-1	1	1	1	-1	1	1	-1	1	1	1	1	1	1	1	1	1	1	0	0	0	1	1	1	1	1	-1	0	1	1	1	-1	1	1	1	1	1	1	1	1	1	1	1	1	1	1	1	1	1	1	1	1	1	1	-1	1	1	1	1	1	-1	1	1	1	1	-1	1	0	1	1	1	1	1	1	0
attractor759	1	1	-1	1	1	-1	1	1	-1	1	1	-1	1	1	1	-1	-1	1	1	1	1	1	1	1	1	1	-1	1	1	1	-1	1	1	1	1	-1	1	1	1	1	1	1	-1	-1	1	1	1	1	1	1	1	1	0	1	1	1	1	1	-1	1	-1	1	1	1	1	1	-1	-1	1	1	-1	1	1	1	1	-1	0	1	1	-1	1	1	1	1	1	1	1	1	1	1	-1	-1	1	1	1	1	1	1	-1	1	1	-1	1	1	-1	1	-1	-1	-1	1	1	1	1	1	1	1
attractor770	1	1	1	1	1	1	1	1	1	-1	-1	-1	1	1	1	-1	1	1	1	1	1	1	1	1	1	1	-1	1	-1	1	-1	1	1	1	1	-1	-1	1	1	1	-1	1	1	1	1	1	1	-1	-1	1	1	1	0	1	1	1	1	1	1	-1	-1	1	1	1	1	1	1	1	1	1	1	-1	1	1	1	1	0	1	1	1	1	1	-1	-1	1	1	1	1	1	1	-1	1	1	-1	1	-1	1	1	1	1	1	-1	1	-1	-1	1	-1	1	1	1	-1	1	1	1	1	1
attractor772	-1	1	1	1	1	1	-1	1	1	1	1	-1	-1	1	1	1	1	1	1	1	1	1	-1	1	1	1	1	1	1	1	-1	0	0	1	1	1	-1	1	1	1	1	1	1	1	-1	1	1	-1	1	0	-1	1	0	1	1	1	-1	1	1	-1	-1	1	1	1	-1	1	1	1	1	1	1	-1	1	1	1	1	1	1	1	1	1	1	1	-1	1	1	-1	1	1	1	1	1	1	1	-1	1	1	1	1	1	1	1	1	1	1	1	-1	1	1	1	-1	1	1	1	1	1
attractor773	1	1	-1	1	1	1	1	1	1	1	1	1	1	-1	1	1	1	1	1	1	1	-1	-1	1	1	1	1	1	-1	1	-1	1	1	1	1	1	1	1	-1	1	1	-1	-1	1	1	-1	1	1	1	1	1	1	0	1	-1	-1	-1	1	1	0	1	0	1	1	1	1	1	-1	0	1	1	1	-1	1	1	1	0	1	1	1	1	1	1	1	1	1	1	1	1	-1	1	1	1	1	1	-1	1	1	1	1	1	1	0	0	1	1	-1	1	1	1	1	1	1	1	1	0
attractor774	1	1	1	1	-1	1	-1	1	1	1	-1	1	-1	1	1	1	1	1	1	1	1	-1	1	1	-1	1	1	1	-1	-1	1	0	0	-1	1	1	-1	1	1	1	1	-1	1	1	-1	-1	1	-1	-1	1	1	1	0	1	1	1	1	1	1	1	0	1	1	-1	-1	1	1	1	1	1	1	1	1	1	-1	1	1	1	1	1	1	1	1	1	1	1	1	1	1	-1	1	1	1	1	-1	1	1	1	1	1	1	1	0	0	1	1	-1	1	0	1	1	1	1	1	1	0
attractor775	1	1	-1	1	1	-1	-1	1	1	1	1	-1	-1	-1	1	-1	1	1	1	1	1	1	1	1	1	1	-1	1	1	1	-1	0	1	1	1	1	-1	1	1	1	1	-1	1	1	1	1	1	1	-1	1	1	0	0	1	-1	1	1	1	1	1	-1	1	1	1	1	1	1	1	1	-1	1	-1	1	1	-1	1	0	1	1	1	1	1	1	1	1	1	1	1	1	1	1	1	1	-1	-1	-1	1	1	1	1	1	-1	1	1	1	1	-1	1	-1	1	1	1	1	1	1	1
attractor779	1	1	1	1	1	1	1	1	1	-1	-1	1	-1	-1	1	1	1	1	1	1	1	-1	1	1	1	1	1	1	-1	1	1	1	1	1	1	1	-1	1	1	1	1	1	-1	1	-1	1	1	1	-1	0	1	1	1	1	-1	1	-1	1	1	1	1	1	1	-1	-1	1	1	1	0	-1	1	-1	1	1	-1	1	1	1	1	1	1	1	1	1	1	1	1	1	1	-1	1	1	1	1	1	1	1	-1	1	1	1	1	1	1	1	1	-1	1	1	1	1	1	1	1	1	1
attractor781	-1	-1	1	1	1	1	-1	1	1	1	1	1	1	1	1	1	1	1	1	1	1	-1	1	1	1	1	1	-1	1	1	1	0	0	1	1	1	1	1	1	1	1	1	1	1	1	1	-1	1	-1	1	1	0	0	1	1	-1	1	1	1	0	1	0	1	1	1	1	1	0	1	1	1	1	1	1	-1	1	0	1	1	1	1	1	1	1	1	1	1	1	1	1	1	1	1	1	-1	1	1	1	1	1	1	1	1	1	1	1	-1	1	0	1	1	1	1	1	1	0
attractor783	1	1	1	1	1	-1	1	1	1	1	-1	-1	1	1	1	-1	-1	-1	-1	-1	1	1	-1	1	1	1	1	1	-1	0	-1	0	1	1	1	1	-1	1	1	1	1	1	0	1	1	1	-1	1	1	0	-1	0	0	0	-1	1	1	1	1	-1	1	1	0	1	1	1	1	-1	0	-1	-1	1	1	1	1	1	0	0	-1	1	1	1	-1	-1	-1	1	1	1	1	1	1	1	1	-1	1	1	1	-1	1	1	1	-1	1	1	1	1	-1	1	-1	1	-1	0	1	1	1	1
attractor785	1	1	-1	1	1	1	1	1	1	1	-1	1	0	-1	1	1	1	1	1	1	1	1	-1	1	1	1	-1	1	1	-1	1	0	0	-1	1	1	-1	1	1	1	1	-1	1	1	0	-1	1	1	-1	0	1	1	0	1	1	-1	-1	1	1	-1	1	1	1	-1	1	1	1	0	1	-1	1	1	1	1	1	1	0	1	1	1	1	1	1	1	1	1	1	1	-1	1	1	1	1	1	1	1	1	1	1	1	1	1	1	1	1	1	-1	1	1	1	1	1	1	1	1	1
attractor788	1	1	1	1	1	1	-1	1	1	-1	-1	1	1	1	1	1	1	1	1	1	1	1	1	1	1	1	-1	-1	-1	1	1	0	0	1	1	1	1	1	-1	1	1	1	1	1	1	1	-1	1	-1	1	1	0	0	0	1	-1	1	1	1	1	1	1	0	1	-1	1	1	1	1	-1	1	1	1	1	1	1	0	1	1	1	1	1	1	1	1	1	1	1	1	1	1	1	1	1	1	-1	1	-1	1	1	1	1	1	-1	1	1	-1	1	1	1	-1	1	1	1	1	1
attractor789	1	-1	1	1	1	-1	1	1	1	-1	-1	1	-1	1	1	-1	1	1	1	1	1	-1	1	1	1	1	1	1	-1	-1	1	0	1	-1	1	1	-1	1	1	1	1	1	1	1	1	-1	-1	1	1	1	1	1	0	1	-1	1	1	1	1	0	0	1	1	1	1	1	1	1	0	-1	1	1	1	1	-1	1	1	1	1	1	1	1	1	1	1	1	1	1	1	1	1	1	1	1	-1	-1	1	1	1	1	1	1	1	0	1	1	-1	1	0	1	1	1	1	1	1	0
attractor791	1	1	1	1	-1	1	1	1	1	-1	1	1	1	1	1	-1	1	1	1	1	1	-1	1	1	-1	1	1	1	1	1	-1	1	1	-1	1	1	-1	1	1	1	1	1	-1	1	1	-1	-1	1	-1	1	1	1	1	1	1	1	1	1	1	1	1	0	1	-1	1	1	1	-1	0	-1	1	1	1	1	1	1	1	1	1	1	1	1	1	1	1	1	1	1	1	1	1	1	1	1	1	-1	1	1	1	1	1	1	0	0	1	1	-1	1	0	1	1	1	1	1	1	0
attractor792	1	1	-1	1	-1	-1	1	1	1	1	-1	1	1	1	1	-1	1	1	1	1	1	1	-1	1	1	1	1	1	1	-1	1	1	1	1	1	1	-1	1	1	1	1	-1	1	1	1	1	1	-1	-1	0	1	1	0	1	-1	1	1	1	1	0	1	1	1	-1	1	1	1	-1	1	1	1	1	1	1	1	1	1	1	1	1	1	1	1	1	1	1	1	1	1	-1	1	1	1	1	-1	1	1	-1	1	1	1	1	1	1	1	1	-1	1	1	1	1	1	1	1	1	0
attractor796	-1	-1	-1	1	1	-1	-1	1	1	-1	1	1	1	1	1	-1	1	1	1	1	1	1	1	1	-1	1	-1	-1	-1	1	1	1	1	1	1	1	1	1	1	1	1	-1	1	1	1	-1	-1	-1	-1	1	1	1	0	1	1	1	-1	1	1	1	1	1	1	1	1	1	1	-1	1	-1	1	1	1	1	-1	1	0	1	1	1	1	1	1	1	1	1	1	1	1	1	1	1	1	1	1	1	1	1	1	1	1	-1	1	1	-1	1	-1	1	-1	1	1	1	1	1	1	1
attractor800	-1	1	-1	1	-1	1	-1	1	1	-1	1	1	1	1	1	1	1	1	1	1	1	-1	1	1	1	1	1	-1	1	1	-1	1	1	-1	-1	1	1	1	1	1	1	1	-1	1	1	-1	1	1	1	0	1	1	0	1	1	-1	1	1	1	0	0	1	1	1	1	1	1	-1	0	-1	1	1	1	1	-1	-1	0	1	1	1	1	1	1	1	1	1	1	1	1	1	1	-1	1	1	1	1	1	1	1	1	1	1	1	0	1	1	-1	-1	0	1	1	1	1	1	1	0
attractor801	1	1	1	1	-1	1	1	1	1	-1	1	-1	1	-1	1	1	1	1	1	1	1	-1	-1	1	1	1	1	1	-1	1	1	1	1	-1	1	1	-1	1	1	1	1	-1	1	1	1	-1	-1	1	-1	0	1	1	1	1	1	1	-1	1	1	1	1	1	1	-1	1	1	1	-1	0	1	1	1	-1	1	1	1	1	1	1	1	1	1	1	1	1	1	1	1	1	1	1	1	1	1	-1	-1	1	1	1	1	1	1	1	1	1	1	-1	1	-1	1	1	1	1	1	1	1
attractor803	-1	1	1	1	1	1	1	1	1	1	-1	-1	-1	1	1	-1	1	1	-1	1	1	-1	-1	1	1	1	1	-1	-1	-1	-1	1	1	-1	1	-1	1	1	1	1	1	1	1	1	-1	1	-1	1	-1	1	1	1	0	1	-1	1	1	1	1	-1	1	1	1	-1	1	1	1	1	1	-1	1	-1	1	1	1	1	1	1	1	1	1	1	1	1	1	1	1	1	1	-1	-1	1	1	-1	1	-1	1	-1	1	1	1	-1	1	1	-1	1	-1	1	1	1	-1	1	1	-1	1	1
attractor804	1	1	1	1	1	1	1	1	1	1	1	1	1	1	1	1	1	1	1	1	1	1	-1	1	1	1	-1	-1	1	0	-1	0	0	1	1	1	1	1	1	1	1	1	1	1	1	1	1	1	1	0	1	0	0	1	1	1	-1	1	1	1	1	1	1	1	-1	1	1	1	1	-1	1	-1	1	1	-1	1	0	0	1	1	1	1	1	1	1	1	1	1	1	1	-1	1	1	1	-1	-1	1	-1	1	1	1	1	1	-1	-1	1	-1	1	-1	1	1	1	1	1	1	1
attractor807	-1	1	1	1	1	1	1	1	1	-1	-1	-1	1	-1	1	1	1	1	1	1	1	-1	1	1	1	1	1	-1	1	1	1	1	1	1	1	1	-1	1	1	1	1	1	1	1	1	1	1	-1	1	0	1	1	0	1	-1	-1	-1	1	1	-1	1	1	1	1	-1	1	1	-1	1	-1	1	1	-1	1	1	1	0	1	1	1	1	1	1	1	1	1	1	1	1	-1	1	1	1	1	1	-1	1	1	1	1	1	1	1	-1	1	1	-1	1	1	1	-1	1	1	1	1	1
attractor813	1	1	1	1	1	1	1	1	1	-1	1	1	-1	1	1	1	1	1	1	1	1	-1	-1	1	1	1	1	1	-1	1	1	1	1	1	1	1	1	1	1	1	-1	-1	1	1	-1	1	-1	-1	1	0	1	1	1	1	-1	1	1	1	1	0	0	1	1	-1	-1	1	1	1	0	-1	1	-1	-1	1	-1	1	1	1	1	1	1	1	1	-1	1	1	-1	-1	1	1	1	1	1	1	-1	-1	1	1	1	1	1	1	0	0	1	1	-1	1	0	1	1	1	1	1	1	0
attractor825	1	1	-1	1	1	1	1	1	1	-1	1	1	1	1	1	1	1	1	1	1	1	1	1	1	1	1	-1	1	-1	1	-1	0	0	1	1	1	1	1	1	1	1	-1	1	1	1	1	-1	-1	1	1	1	0	1	1	-1	-1	-1	1	1	0	1	1	1	1	-1	1	1	1	1	-1	1	1	1	1	-1	1	1	1	1	1	1	1	-1	1	1	1	1	1	1	1	1	1	1	1	-1	-1	1	1	1	1	1	1	1	1	1	1	-1	1	1	1	1	1	1	1	1	0
attractor829	1	1	1	1	1	1	-1	1	1	-1	-1	1	1	1	1	1	1	1	1	1	1	-1	-1	1	1	1	1	1	-1	1	1	0	0	1	1	1	-1	1	1	1	-1	-1	1	1	1	-1	1	1	1	1	1	0	1	1	-1	-1	1	1	1	1	0	1	1	1	-1	1	1	1	1	1	1	-1	1	1	-1	1	1	1	1	1	1	1	1	1	1	1	-1	1	1	1	1	1	1	1	1	-1	1	1	1	1	1	1	1	1	-1	1	-1	1	0	1	1	1	1	1	1	0
attractor831	1	-1	1	1	-1	1	-1	1	1	-1	1	1	1	1	1	-1	1	1	-1	-1	-1	-1	1	1	1	1	1	-1	1	1	1	1	1	1	1	1	1	1	1	1	1	1	1	1	1	1	1	-1	-1	0	1	1	0	1	1	1	-1	1	1	0	0	0	1	1	1	1	1	-1	0	-1	1	1	-1	1	1	1	1	1	1	1	1	1	1	1	1	1	1	-1	1	-1	1	1	1	1	-1	1	1	1	1	1	1	-1	0	1	1	1	-1	1	0	1	1	1	1	1	1	0
attractor836	1	1	-1	1	-1	1	-1	1	1	1	1	1	1	-1	1	1	1	1	1	1	1	1	1	1	1	1	-1	1	1	1	1	1	1	1	1	1	-1	1	1	1	1	1	1	1	1	-1	-1	-1	1	0	1	1	0	1	-1	1	-1	1	1	1	0	0	1	1	1	1	1	-1	1	-1	1	1	1	1	1	1	0	1	1	1	1	1	1	1	1	1	1	1	-1	-1	1	1	1	1	1	-1	1	-1	1	1	1	1	1	1	1	1	-1	1	1	1	1	1	1	1	1	0
attractor838	1	1	1	1	1	1	1	1	1	-1	1	-1	0	1	1	1	1	1	1	1	1	1	-1	1	1	1	1	1	-1	-1	-1	0	0	1	1	1	1	1	1	1	-1	1	1	1	0	1	1	-1	-1	0	-1	1	0	1	-1	-1	-1	1	1	1	1	1	1	-1	1	1	1	0	1	-1	1	1	1	1	-1	1	1	1	1	1	1	1	1	1	1	1	1	1	1	1	1	1	1	1	1	-1	1	-1	1	1	1	1	1	1	1	1	-1	1	1	1	1	1	1	1	1	1
attractor840	1	1	1	1	-1	1	1	1	1	-1	-1	1	1	-1	1	1	1	1	1	1	1	1	-1	1	1	1	1	1	-1	1	-1	1	1	1	1	1	-1	1	1	1	1	1	-1	1	1	1	1	-1	-1	0	1	1	1	1	1	1	-1	1	1	1	1	0	1	-1	-1	1	1	-1	1	-1	1	1	1	1	1	1	1	1	1	1	1	1	1	1	1	1	1	1	1	-1	1	1	1	1	-1	-1	1	1	1	1	1	1	0	0	1	1	-1	1	0	1	1	1	1	1	1	0
attractor842	-1	1	1	1	1	1	1	1	1	1	-1	1	1	-1	1	-1	1	1	1	1	1	-1	1	1	1	1	1	1	-1	1	1	0	1	-1	1	1	1	1	1	1	1	-1	-1	1	1	-1	1	1	-1	0	1	1	0	1	-1	1	-1	1	1	1	1	0	1	-1	1	1	1	-1	1	-1	1	1	1	1	-1	1	1	1	1	1	1	1	1	1	1	1	1	1	1	-1	1	1	1	1	-1	1	1	1	1	1	1	1	1	1	1	1	-1	1	1	1	1	1	1	1	1	0
attractor854	1	1	1	1	1	1	-1	1	1	1	-1	-1	-1	-1	1	1	1	1	1	1	1	1	-1	1	-1	1	1	1	1	1	1	0	1	-1	1	1	-1	1	1	1	1	-1	-1	1	1	1	1	-1	-1	1	1	1	0	1	1	-1	-1	1	1	1	-1	1	1	1	-1	-1	1	1	1	1	1	-1	1	1	1	1	1	1	1	1	1	1	1	1	1	1	-1	1	1	-1	1	1	1	1	-1	1	1	1	1	1	1	1	1	1	1	1	-1	1	1	1	-1	1	1	1	1	1
attractor857	1	1	1	1	1	1	-1	1	1	1	-1	1	0	1	1	1	1	1	1	1	1	-1	-1	1	-1	1	1	1	-1	-1	-1	0	0	1	1	1	-1	1	1	1	1	-1	1	1	1	1	1	1	1	1	1	1	0	1	-1	-1	-1	1	1	0	0	0	1	1	1	1	1	0	1	1	1	1	1	1	1	1	0	1	1	1	1	1	1	1	1	1	1	1	1	-1	1	1	1	1	-1	1	1	-1	1	1	1	1	0	0	1	1	-1	1	0	1	1	1	1	1	1	0
attractor859	-1	1	1	1	1	1	1	1	1	-1	-1	1	-1	1	1	1	1	1	1	1	1	1	-1	1	1	1	1	1	1	-1	-1	1	1	1	1	1	1	1	1	1	1	1	1	1	1	1	-1	1	-1	0	1	1	0	1	-1	1	1	1	1	-1	1	1	1	-1	1	1	1	1	1	-1	1	1	1	1	1	1	1	1	1	1	1	1	1	1	1	1	1	1	1	1	1	1	1	1	-1	-1	1	-1	1	1	1	1	1	-1	1	1	-1	1	1	1	-1	1	1	1	1	1
attractor860	1	1	1	1	-1	1	1	1	1	1	1	1	1	1	1	-1	1	1	1	1	1	1	-1	1	1	1	1	1	-1	1	1	1	1	1	1	1	-1	1	1	1	1	1	1	1	1	1	1	-1	1	0	-1	1	1	1	-1	1	-1	1	1	-1	-1	1	1	-1	1	1	1	-1	1	-1	1	1	-1	1	1	1	1	1	1	1	1	1	1	1	1	1	1	1	1	1	1	1	1	1	1	-1	1	1	1	1	1	-1	1	-1	1	1	-1	1	1	1	1	1	1	1	1	1
attractor871	1	1	1	1	-1	1	1	1	1	1	-1	1	1	1	1	1	1	1	1	1	1	-1	-1	1	1	1	1	1	1	1	-1	1	1	1	1	1	1	1	1	1	1	-1	1	1	1	-1	-1	-1	1	0	1	1	1	1	-1	-1	1	1	1	0	0	0	1	1	1	1	1	-1	0	-1	1	1	1	1	1	1	1	1	1	1	1	1	1	1	1	1	1	1	1	-1	1	1	1	1	-1	1	1	1	1	1	1	1	0	1	1	1	-1	1	1	1	1	1	1	1	1	0
attractor873	1	1	1	1	1	1	1	1	1	1	-1	1	-1	1	1	-1	1	1	1	1	1	1	-1	1	1	-1	0	1	1	1	1	0	1	-1	1	1	-1	1	1	1	1	-1	-1	1	1	1	1	1	-1	1	1	0	0	1	-1	1	1	1	1	1	0	1	1	-1	1	1	1	1	0	1	1	-1	0	1	-1	1	0	0	1	1	1	1	1	1	1	1	1	1	0	-1	1	1	1	1	1	1	1	1	1	1	1	1	0	1	1	1	-1	1	1	1	1	1	1	1	1	0
attractor874	1	1	1	1	1	1	1	1	1	1	1	-1	-1	-1	1	-1	1	1	1	1	1	1	1	1	-1	1	1	-1	1	-1	1	1	1	1	1	1	1	1	1	1	1	1	1	1	1	1	-1	1	1	0	1	1	1	1	-1	1	1	1	1	-1	1	1	1	-1	1	1	1	1	0	-1	1	-1	-1	1	1	1	1	1	1	1	1	1	1	1	1	1	-1	1	1	1	1	1	1	1	-1	1	1	1	1	1	1	1	1	1	1	1	-1	1	-1	1	1	1	1	1	1	1
attractor875	1	-1	1	1	1	-1	1	1	1	-1	-1	1	1	1	1	-1	1	1	1	1	1	1	1	1	1	1	1	1	-1	-1	-1	1	1	1	1	1	1	1	1	1	1	1	1	1	1	-1	-1	1	-1	1	1	1	0	1	1	1	1	1	1	-1	1	1	1	1	1	1	1	-1	0	-1	1	1	1	1	1	1	0	1	1	1	1	1	1	1	1	1	1	1	1	-1	1	1	1	1	1	-1	1	-1	1	1	1	1	1	-1	1	1	-1	1	-1	1	1	1	1	1	1	1
attractor879	1	1	1	1	1	1	1	1	1	1	1	1	1	1	1	1	1	1	1	1	1	-1	-1	1	1	1	1	1	-1	1	1	1	1	1	1	1	1	1	1	1	1	1	1	1	1	1	-1	-1	1	0	-1	1	1	1	1	-1	1	1	1	0	0	0	1	-1	1	1	1	-1	0	-1	1	1	1	1	-1	1	1	1	1	1	1	1	1	1	1	1	1	-1	1	1	1	1	1	1	1	-1	1	1	1	1	1	1	0	1	1	1	-1	1	0	1	1	1	1	1	1	0
attractor885	1	1	1	1	-1	1	-1	1	1	1	-1	1	1	1	1	1	1	1	1	1	1	1	-1	1	1	1	1	-1	1	1	-1	1	1	1	1	1	-1	1	-1	1	1	-1	1	1	1	1	1	1	1	1	-1	1	1	1	1	-1	-1	1	1	0	1	1	1	-1	-1	1	1	-1	1	1	1	1	1	1	-1	1	1	1	1	1	1	1	-1	1	1	1	1	1	1	1	1	1	1	1	-1	1	1	1	1	1	1	1	0	0	1	1	-1	1	1	1	-1	1	1	1	1	0
attractor887	1	1	1	1	1	1	-1	1	1	1	1	1	1	-1	1	-1	1	1	1	1	1	-1	1	1	-1	1	1	1	1	1	-1	1	1	1	1	1	1	1	1	1	1	-1	1	1	1	-1	-1	1	1	1	1	1	1	1	1	1	-1	1	1	-1	-1	1	1	-1	1	1	1	1	0	1	1	1	1	1	1	1	1	1	1	1	1	1	1	1	1	1	1	1	1	-1	1	1	1	1	1	1	1	1	1	1	1	1	1	-1	1	1	-1	1	-1	1	1	1	1	1	1	1
attractor889	1	1	-1	1	-1	1	-1	1	1	1	-1	1	-1	1	1	1	1	1	1	1	1	1	1	1	-1	1	1	-1	1	-1	-1	1	1	1	1	1	1	1	1	1	1	1	1	1	-1	1	1	1	-1	0	1	1	1	1	-1	-1	-1	1	1	0	0	0	1	-1	1	1	1	1	1	-1	1	1	-1	1	1	1	1	1	1	1	1	1	1	1	1	1	1	1	1	1	1	1	1	1	-1	-1	1	-1	1	1	1	1	1	0	1	1	-1	1	0	1	1	1	1	1	1	0
attractor891	1	-1	1	1	1	-1	1	1	1	-1	-1	-1	1	-1	1	-1	1	1	1	1	1	1	-1	1	1	1	1	-1	1	1	-1	1	1	1	1	-1	1	1	1	1	1	-1	1	1	1	1	-1	1	1	1	1	1	1	1	1	1	1	1	1	0	0	1	1	-1	1	1	1	-1	0	-1	1	1	-1	1	-1	1	1	1	1	1	1	1	1	1	1	1	1	1	1	1	-1	1	1	1	-1	-1	1	1	1	1	1	1	1	0	-1	1	-1	1	1	1	1	1	-1	1	1	0
attractor892	-1	1	1	1	-1	1	1	1	1	1	1	1	1	-1	1	1	1	1	1	1	1	-1	-1	1	1	1	1	1	1	1	1	1	1	1	1	1	1	1	-1	1	1	1	-1	1	1	-1	1	1	-1	0	1	1	1	1	1	1	-1	1	1	-1	1	1	1	1	-1	1	1	-1	1	1	1	1	-1	1	-1	1	1	1	1	1	1	1	1	1	1	1	1	1	1	-1	1	1	1	1	1	-1	1	-1	1	1	1	1	1	1	1	1	-1	1	-1	1	-1	1	1	1	1	1
attractor895	-1	1	-1	1	1	1	-1	1	1	-1	1	1	1	-1	1	1	1	1	-1	1	1	-1	-1	1	-1	1	1	1	-1	1	-1	1	1	1	1	1	1	1	1	1	1	-1	-1	1	1	-1	1	1	-1	0	1	1	0	1	1	-1	-1	1	1	1	-1	1	1	-1	1	1	1	-1	1	1	1	1	1	1	1	1	1	1	1	1	1	1	1	1	1	1	1	1	1	1	1	1	1	1	1	-1	1	-1	1	1	1	1	1	-1	1	1	-1	1	1	1	-1	1	1	1	1	1
attractor896	-1	1	1	1	1	1	-1	1	1	1	1	1	1	1	1	1	1	1	1	1	1	-1	-1	1	-1	1	1	-1	1	1	1	0	0	-1	1	1	-1	1	1	1	1	-1	1	1	1	1	-1	-1	1	0	1	1	0	1	1	-1	-1	1	1	0	1	1	1	-1	-1	1	1	1	0	1	1	1	1	1	1	1	0	1	1	1	1	1	1	1	1	1	1	1	1	-1	1	1	1	1	1	1	1	1	1	1	1	1	0	0	1	1	-1	1	1	1	-1	1	1	1	1	0
attractor899	1	1	-1	1	1	-1	1	1	1	-1	1	1	1	1	1	-1	1	1	1	1	1	-1	1	1	1	-1	1	1	1	1	-1	0	1	-1	1	-1	-1	1	1	1	1	1	-1	1	1	1	-1	-1	1	0	1	1	0	1	1	1	-1	1	-1	0	0	0	1	-1	1	1	1	-1	0	-1	1	1	1	1	-1	1	1	1	1	1	1	1	1	1	1	1	1	1	1	1	-1	1	1	1	-1	-1	1	1	1	1	1	-1	0	0	-1	1	-1	1	1	1	1	1	-1	1	1	0
attractor900	-1	-1	1	1	1	-1	1	1	1	-1	-1	1	1	-1	1	-1	1	1	-1	-1	-1	1	-1	1	-1	1	1	1	1	1	-1	1	1	-1	1	1	-1	1	-1	1	1	-1	-1	1	1	-1	1	-1	1	0	1	1	0	1	1	1	1	1	1	0	0	1	1	1	1	1	1	-1	1	-1	1	1	1	1	-1	1	0	1	1	1	1	1	1	1	1	1	1	1	1	1	1	1	1	1	1	1	1	1	1	1	1	-1	1	1	1	1	-1	1	0	1	1	1	1	1	1	0
attractor902	1	-1	1	1	1	1	-1	1	1	1	-1	1	-1	-1	1	-1	1	1	1	1	1	-1	1	1	-1	1	1	1	-1	1	-1	0	1	1	1	1	-1	1	1	1	-1	-1	1	1	1	-1	1	-1	-1	0	1	0	0	0	1	1	-1	1	1	1	1	1	1	-1	1	1	1	1	0	-1	1	-1	-1	1	1	1	0	0	1	1	1	1	1	1	1	1	-1	1	1	1	1	1	1	-1	-1	1	1	1	1	1	1	-1	1	-1	1	1	-1	1	-1	1	-1	1	1	1	1	1
attractor910	1	1	1	1	1	1	1	1	-1	1	1	1	1	1	1	1	1	1	1	1	1	1	1	1	1	1	-1	1	1	1	1	1	1	1	1	1	-1	1	1	1	1	1	1	1	1	1	-1	1	1	1	-1	1	0	1	1	-1	1	1	1	1	0	0	1	1	1	1	1	-1	1	1	1	-1	1	1	1	1	0	1	1	1	1	1	-1	-1	1	1	1	1	1	1	1	1	1	1	1	-1	1	1	-1	-1	1	1	0	0	-1	1	-1	1	0	1	1	1	-1	1	1	0
attractor912	1	1	1	-1	1	-1	1	1	1	1	1	1	1	1	1	-1	1	1	-1	-1	1	-1	1	1	1	1	1	-1	1	1	1	1	1	-1	1	1	1	1	1	1	1	1	-1	-1	1	-1	1	1	-1	0	1	1	0	1	1	1	1	1	1	1	-1	1	1	1	1	-1	1	-1	0	1	1	-1	1	1	1	1	1	1	1	-1	1	1	1	1	1	1	1	1	1	-1	1	1	1	1	-1	1	1	1	1	1	1	-1	1	1	1	1	-1	-1	-1	1	1	1	1	-1	1	1
attractor913	1	-1	-1	1	-1	1	1	1	1	-1	1	1	-1	1	1	1	1	1	1	1	1	1	1	1	1	-1	1	-1	1	-1	-1	0	0	-1	1	1	1	1	-1	1	1	-1	1	-1	-1	-1	1	1	-1	1	1	0	1	1	1	-1	1	1	1	-1	-1	1	1	1	1	1	1	1	1	1	1	1	1	1	-1	-1	1	1	1	1	1	1	1	1	1	1	1	1	1	-1	1	1	1	1	-1	1	1	1	1	1	1	1	1	-1	1	1	-1	1	1	1	1	1	1	1	1	1
attractor916	1	1	-1	1	1	1	-1	1	1	-1	-1	1	1	-1	1	1	1	1	1	1	1	1	1	1	-1	1	1	1	1	-1	1	1	1	1	1	1	1	1	1	1	1	1	1	1	1	1	1	-1	1	0	1	1	0	1	-1	1	1	1	1	0	1	0	1	-1	-1	1	1	1	0	1	1	-1	1	1	1	1	0	1	1	1	1	1	1	1	1	1	1	1	1	1	1	1	1	1	-1	1	1	-1	1	1	1	1	0	1	1	1	-1	1	1	1	1	1	1	1	1	0
attractor918	1	1	1	1	-1	-1	-1	1	1	-1	1	1	0	1	1	-1	1	1	1	1	1	1	-1	1	1	1	-1	-1	1	0	1	0	0	1	1	1	1	1	-1	1	1	-1	1	1	0	1	1	1	-1	0	-1	0	0	1	-1	1	1	1	1	0	0	1	1	1	1	1	1	0	1	1	1	1	1	1	-1	1	0	1	1	1	1	1	1	1	1	1	1	0	-1	1	1	1	1	-1	-1	1	1	-1	1	1	1	-1	0	0	1	1	-1	1	0	1	1	1	1	1	1	0
attractor925	1	1	1	1	1	1	-1	1	1	1	-1	-1	-1	-1	1	1	1	1	1	1	1	-1	-1	1	-1	-1	1	-1	1	-1	1	1	1	1	1	1	1	1	1	1	1	-1	1	1	-1	-1	-1	-1	1	1	1	1	0	1	-1	-1	1	1	1	1	0	0	1	-1	-1	1	1	1	1	-1	1	1	-1	1	1	1	1	1	1	1	1	1	1	1	1	1	1	1	1	-1	1	1	1	1	1	1	1	1	1	1	1	1	1	0	1	1	-1	1	0	1	1	1	1	1	1	0
attractor927	-1	1	1	1	-1	1	1	1	1	1	-1	-1	1	-1	1	1	1	1	1	1	1	1	1	1	-1	1	1	-1	1	1	-1	1	1	-1	-1	1	1	1	1	1	1	1	-1	1	1	-1	1	1	1	0	1	1	0	1	1	1	1	1	1	0	0	1	1	1	1	1	1	1	0	-1	1	1	1	1	-1	1	0	1	1	1	1	1	1	1	1	1	1	1	1	-1	1	1	1	1	1	1	1	1	1	1	1	1	1	1	1	1	-1	1	1	1	-1	1	1	1	1	0
attractor929	1	1	1	1	1	1	-1	1	1	-1	1	1	-1	1	1	-1	1	1	1	1	1	-1	1	1	1	1	1	1	1	1	-1	0	1	1	1	1	-1	1	1	1	1	-1	-1	1	1	-1	-1	-1	-1	0	1	1	1	1	-1	1	1	1	1	0	0	1	1	-1	1	1	1	1	0	-1	1	1	1	1	1	1	1	1	1	1	1	1	1	1	1	1	1	1	1	-1	1	1	1	1	-1	1	1	-1	1	1	1	-1	1	0	1	1	-1	1	0	1	1	1	1	1	1	0
attractor931	-1	1	1	1	-1	-1	1	1	1	1	1	1	1	-1	1	-1	1	1	1	1	1	-1	1	1	-1	1	1	-1	1	1	1	1	1	1	1	1	1	1	1	1	1	1	-1	1	1	-1	1	1	1	0	1	1	1	1	-1	1	1	1	1	1	1	0	1	-1	1	1	1	1	1	-1	1	1	-1	1	-1	1	1	1	1	1	1	1	1	1	1	1	1	1	1	-1	1	1	1	1	1	1	1	-1	1	1	1	1	0	0	1	1	-1	1	1	1	1	1	1	-1	1	0
attractor932	1	1	1	1	-1	1	-1	1	1	-1	1	1	-1	-1	1	-1	1	1	1	1	1	1	1	1	1	1	1	1	1	-1	1	0	1	1	1	1	-1	1	1	1	1	1	1	1	-1	1	-1	-1	-1	0	1	1	0	1	1	1	-1	1	1	-1	-1	1	1	-1	1	1	1	1	0	1	1	1	1	1	1	1	1	1	1	1	1	1	1	1	1	1	1	-1	1	1	1	1	1	1	-1	-1	1	1	1	1	1	-1	1	-1	1	1	-1	1	1	1	1	1	1	1	1	1
attractor937	1	-1	1	1	-1	-1	-1	1	1	1	-1	1	1	1	1	-1	1	1	1	1	1	-1	-1	1	-1	1	1	-1	1	1	1	1	1	1	1	1	-1	1	-1	1	1	-1	-1	1	1	1	-1	-1	-1	0	1	1	0	1	-1	1	1	1	1	-1	-1	1	1	1	1	1	1	-1	0	-1	1	1	-1	1	-1	1	1	1	1	1	1	1	1	1	1	1	1	1	1	1	1	1	1	1	-1	-1	1	1	1	1	1	-1	1	1	1	1	-1	1	1	1	-1	1	1	-1	1	1
attractor943	1	1	1	1	1	-1	1	1	1	-1	-1	1	1	1	1	-1	1	-1	1	1	1	1	-1	1	1	1	-1	1	-1	-1	-1	1	1	1	1	-1	1	1	1	1	-1	-1	1	1	1	1	1	-1	-1	1	-1	1	0	1	-1	1	1	1	1	1	-1	1	1	1	1	-1	1	-1	1	-1	1	1	1	1	-1	1	0	1	1	1	1	1	1	1	1	1	1	1	-1	1	-1	1	1	1	-1	1	1	1	1	1	1	1	1	-1	-1	1	-1	1	-1	1	1	1	-1	1	-1	1
attractor946	-1	1	1	1	1	-1	1	1	1	1	1	1	-1	1	1	-1	1	1	-1	-1	-1	-1	-1	1	1	1	1	1	1	-1	-1	0	1	1	1	1	1	1	1	1	-1	-1	1	1	1	1	-1	1	1	0	1	1	0	1	-1	1	1	1	1	-1	-1	1	1	1	1	1	1	1	1	-1	1	-1	-1	1	-1	1	0	1	1	1	1	1	-1	-1	1	1	1	1	1	1	1	1	1	1	-1	-1	1	1	1	1	1	1	1	-1	1	1	-1	1	-1	1	1	1	1	1	1	1
attractor948	1	1	1	-1	-1	-1	1	1	1	-1	1	1	1	1	1	-1	1	1	1	1	1	1	1	1	1	-1	1	1	1	1	-1	0	0	1	1	1	1	1	-1	1	1	-1	-1	-1	1	-1	1	1	-1	1	1	0	1	1	1	1	1	1	1	0	1	0	1	1	1	1	1	0	0	-1	1	1	-1	1	-1	1	1	1	1	1	1	1	1	1	1	1	1	1	1	1	1	1	1	1	1	1	-1	1	1	1	1	1	0	0	1	1	-1	-1	1	1	1	1	1	1	1	0
attractor949	1	1	1	1	1	1	1	1	1	-1	1	1	1	-1	1	1	1	1	1	1	1	1	1	1	1	1	1	1	1	1	1	0	0	1	1	1	-1	1	-1	1	1	-1	1	1	1	-1	-1	-1	-1	1	1	0	0	1	-1	-1	1	1	1	0	1	0	1	1	-1	1	1	1	1	1	1	1	-1	1	1	1	0	1	1	1	1	1	1	1	1	1	1	1	1	1	1	1	1	1	-1	1	1	-1	1	1	1	1	0	1	1	1	-1	1	0	1	1	1	1	1	1	0
attractor950	-1	1	1	1	1	1	1	1	1	1	1	1	1	1	1	1	1	1	1	1	1	-1	-1	1	1	1	1	1	1	1	-1	1	1	1	1	1	-1	1	1	1	1	-1	-1	1	1	1	-1	-1	1	0	1	1	1	1	1	-1	1	1	1	1	-1	1	1	-1	1	1	1	-1	0	-1	1	1	-1	1	1	1	1	1	1	1	1	1	1	1	1	1	1	1	1	1	1	1	1	1	-1	-1	1	-1	1	1	1	1	1	-1	1	1	-1	1	1	1	-1	1	1	1	1	1
attractor951	-1	1	1	1	0	1	1	1	1	-1	1	1	1	1	1	1	1	1	1	1	1	-1	-1	1	1	1	1	1	-1	0	1	0	0	-1	1	1	-1	1	1	1	1	1	0	1	1	-1	1	1	-1	0	1	0	0	0	-1	-1	1	1	1	0	1	0	0	1	-1	1	1	1	0	-1	1	0	1	1	-1	1	0	1	1	1	1	1	1	1	1	1	1	1	1	1	1	1	1	1	1	1	1	-1	1	1	1	1	0	0	1	1	-1	1	0	1	-1	0	1	1	1	0
attractor958	-1	1	-1	1	1	1	-1	1	1	-1	1	-1	1	1	1	-1	1	1	-1	1	1	-1	-1	1	1	1	1	1	1	1	1	1	1	-1	1	1	1	1	1	1	1	1	-1	1	1	-1	1	-1	-1	0	1	1	1	1	-1	1	1	1	1	-1	-1	1	1	-1	1	1	1	-1	1	-1	1	1	-1	1	1	1	1	1	1	1	1	1	1	1	1	1	1	1	1	-1	1	1	1	-1	1	-1	1	-1	1	1	1	-1	1	-1	1	1	-1	1	-1	1	1	1	1	1	1	1
attractor959	-1	1	1	1	1	-1	-1	1	1	1	1	1	1	1	1	-1	1	1	1	1	1	1	-1	1	-1	1	1	-1	1	1	1	1	1	1	1	1	-1	1	1	1	1	-1	1	1	1	-1	-1	1	1	1	1	1	1	1	1	1	-1	1	1	1	-1	1	1	1	1	1	1	-1	1	1	1	-1	1	1	-1	1	1	1	1	1	1	1	1	1	1	1	1	1	1	-1	1	1	1	1	-1	-1	1	1	1	1	1	-1	1	1	-1	1	-1	1	-1	1	-1	1	-1	1	1	1
attractor960	1	1	1	1	-1	1	-1	1	1	-1	-1	1	1	1	1	1	1	1	1	1	1	1	1	1	1	1	1	1	1	1	-1	0	1	1	1	1	-1	1	1	1	1	-1	1	1	1	1	1	-1	1	0	-1	0	1	1	-1	1	1	1	1	0	1	0	1	-1	-1	1	1	-1	1	-1	1	1	-1	1	-1	1	1	1	1	1	1	1	1	-1	1	1	1	1	1	1	1	1	1	1	-1	1	1	1	1	1	1	1	0	0	1	1	-1	1	0	1	-1	1	1	1	1	0
attractor966	1	1	1	1	1	1	1	1	1	1	1	1	1	1	1	1	1	1	1	1	1	1	-1	1	-1	1	1	1	1	1	-1	1	1	1	1	1	-1	1	1	1	1	1	-1	1	1	-1	1	-1	-1	1	1	1	0	1	-1	1	1	1	1	0	1	0	1	1	1	1	1	1	1	-1	1	-1	1	1	1	1	0	1	1	1	1	1	1	1	1	1	1	1	1	1	1	1	1	1	1	-1	1	1	1	1	1	1	1	1	1	1	-1	1	0	1	1	1	1	1	1	0
attractor967	-1	1	1	1	-1	1	1	1	1	-1	1	-1	-1	-1	1	-1	1	1	1	1	1	1	1	1	1	-1	1	-1	1	1	1	1	1	-1	1	1	1	1	1	1	1	1	-1	1	-1	1	-1	1	-1	0	1	1	1	1	1	1	1	1	1	-1	-1	1	1	1	1	1	1	1	1	1	1	1	-1	1	-1	1	1	1	1	1	1	1	1	1	1	1	1	1	1	-1	1	1	1	1	1	-1	1	-1	1	1	1	1	1	1	1	1	-1	1	1	1	-1	1	1	1	1	1
attractor973	1	1	1	1	1	1	1	1	1	1	-1	1	1	1	1	1	1	1	1	1	1	1	-1	1	1	1	1	1	-1	1	-1	0	1	1	1	1	1	1	1	1	1	1	1	1	1	1	-1	-1	-1	0	1	1	1	1	-1	1	1	1	1	1	0	1	1	1	1	1	1	-1	0	-1	1	1	1	1	-1	1	1	1	1	1	1	1	-1	1	1	1	1	1	1	1	1	1	1	1	-1	1	1	1	1	1	1	1	0	1	1	1	-1	1	0	1	1	1	1	1	1	0
attractor979	1	1	1	1	1	1	1	1	1	1	-1	-1	-1	1	1	1	1	1	1	1	1	1	1	1	1	1	1	-1	-1	0	-1	0	0	1	1	1	-1	1	1	1	1	1	1	1	1	-1	-1	-1	1	1	1	0	0	1	-1	-1	-1	1	1	1	0	0	1	1	-1	1	1	1	0	-1	1	1	1	1	-1	1	1	0	1	1	1	1	1	1	1	1	1	1	1	1	1	1	1	1	1	-1	1	1	1	1	1	1	0	1	1	1	-1	1	0	1	1	1	1	1	1	0
attractor980	1	1	1	1	-1	1	1	1	1	1	-1	-1	1	1	1	1	1	1	1	1	1	-1	1	1	1	1	1	1	-1	-1	1	0	1	-1	1	1	1	1	1	1	1	1	1	1	1	-1	-1	1	1	1	1	0	1	1	-1	1	1	1	1	1	-1	1	1	-1	-1	1	1	-1	0	1	1	1	-1	1	-1	1	1	1	1	1	1	1	1	1	1	1	1	1	1	-1	1	1	1	1	1	-1	1	1	1	1	1	1	1	1	1	1	-1	1	-1	1	1	1	1	1	1	1
attractor986	1	1	1	1	-1	1	1	-1	1	-1	1	-1	1	1	1	1	1	1	1	1	1	-1	1	1	-1	1	1	-1	1	-1	1	0	0	1	-1	1	1	1	1	1	1	-1	-1	1	1	-1	1	1	1	1	1	1	0	1	1	-1	1	1	1	1	0	1	1	1	1	1	1	0	0	-1	1	1	-1	1	-1	1	1	1	1	-1	1	1	1	1	1	1	1	1	1	1	1	1	1	1	-1	1	-1	1	1	1	1	1	0	1	1	1	-1	1	0	1	1	1	1	1	1	0
attractor991	1	1	1	1	-1	1	1	1	1	-1	-1	1	0	1	1	1	1	1	1	1	1	1	-1	1	-1	1	1	1	1	1	1	0	0	1	1	1	1	1	1	1	1	-1	-1	1	1	-1	1	1	1	1	1	1	0	1	1	1	-1	1	1	1	1	0	1	1	-1	1	1	0	0	-1	1	1	-1	1	1	1	1	1	1	1	1	1	1	1	1	1	1	1	1	-1	1	1	1	1	-1	-1	1	-1	1	1	1	1	0	0	1	1	-1	1	0	1	1	1	1	1	1	0
attractor992	1	1	1	1	1	1	1	1	1	1	-1	1	1	1	1	1	1	1	1	1	1	1	-1	1	1	1	1	1	1	1	1	0	1	1	1	1	-1	1	1	1	1	-1	-1	1	1	-1	1	-1	-1	0	1	0	0	1	-1	-1	-1	1	1	0	0	1	1	1	-1	1	1	-1	0	1	1	-1	-1	1	-1	1	1	0	1	1	1	1	1	1	1	1	1	1	1	-1	1	1	1	1	1	1	1	-1	1	1	1	1	0	0	1	1	-1	1	1	1	1	1	1	1	1	0
attractor996	1	1	-1	1	-1	1	1	1	1	-1	-1	-1	1	1	1	-1	1	-1	1	1	1	1	-1	1	1	1	-1	1	-1	-1	-1	0	1	1	1	1	-1	1	1	1	1	1	1	1	1	1	1	1	1	1	-1	1	0	1	1	1	1	1	1	-1	-1	1	1	1	1	1	1	-1	1	-1	1	1	1	1	-1	1	0	1	-1	1	1	1	1	1	-1	1	1	1	1	1	1	1	1	1	1	1	1	-1	1	1	1	1	1	-1	1	1	-1	1	1	1	-1	1	1	1	1	1
attractor998	1	-1	1	1	1	-1	1	1	1	-1	-1	1	1	1	1	-1	1	-1	1	1	1	1	-1	1	1	1	1	-1	-1	1	1	0	0	1	1	1	-1	1	1	1	-1	-1	1	1	1	1	-1	1	-1	1	-1	0	1	1	1	1	-1	1	1	1	0	0	1	-1	1	1	1	1	1	1	1	-1	1	1	1	1	1	1	1	1	1	1	1	-1	1	1	-1	1	1	1	-1	1	1	1	-1	1	1	1	1	1	1	1	0	0	-1	1	-1	1	1	1	1	1	-1	1	1	0

