ID	Gene symbol ID	Average Intensity	UniProt ID	Description	Gene_Symbol	Genes: Entrez ID	MCF10A.mean	MCF10A_1_FPKM	MCF10A_1_Read_Count	MCF10A_2_FPKM	MCF10A_2_Read_Count	MCF10A_3_FPKM	MCF10A_3_Read_Count	MCF10A_4_FPKM	MCF10A_4_Read_Count	MDA_MB.231.MCF10A.baseMean	MDA_MB.231.MCF10A.bh.pval	MDA_MB.231.MCF10A.fc	MDA_MB.231.MCF10A.lfcSE	MDA_MB.231.MCF10A.raw.pval	MDA_MB.231.MCF10A.stat	MDA_MB.231.mean	MDA_MB.231_1_FPKM	MDA_MB.231_1_Read_Count	MDA_MB.231_2_FPKM	MDA_MB.231_2_Read_Count	MDA_MB.231_3_FPKM	MDA_MB.231_3_Read_Count	MDA_MB.231_4_FPKM	MDA_MB.231_4_Read_Count	N_MCF10A_1	N_MCF10A_2	N_MCF10A_3	N_MCF10A_4	N_MDA_MB.231_1	N_MDA_MB.231_2	N_MDA_MB.231_3	N_MDA_MB.231_4	Transcript_ID	abs_zscore	sd_mcf10a	zscore
ENSG00000004975	DVL2	23.618222940792336	O14641	dishevelled segment polarity protein 2	DVL2	1856	9.346141917	16.355783	550	13.088391	713	17.034824	740	13.498655	576	671.272249	0.424402534	1.063480415	0.09192176	0.33406027	0.965967847	9.434028205	18.222795	594	18.185194	558	19.347103	830	18.425659	913	9.38237398	9.31548106	9.41781499	9.33722771	9.41404689	9.38463088	9.46423581	9.39753701	NM_004422	1.917517489	0.04583337	1.917517489
ENSG00000005339	CREBBP	2.526479531347272	Q92793	CREB binding protein	CREBBP	1387	10.66475877	14.042294	1597	8.879969	1634	13.122466	1927	8.541827	1232	1457.524964	0.163090244	-1.256685468	0.2046045	0.107173589	-1.611028142	10.33505474	11.941867	1316	8.54278	885	11.593917	1681	8.823029	1478	10.7463486	10.47008504	10.68657144	10.43364564	10.54136875	10.23342861	10.51466271	10.2621034	NM_001079846,NM_004380	2.121450872	0.155414407	-2.121450872
ENSG00000033800	PIAS1	2.469548292043112	O75925	protein inhibitor of activated STAT 1	PIAS1	8554	10.14675394	15.052029	1063	10.578957	1209	15.643192	1427	8.876501	795	879.7488544	5.43E-6	-1.812271525	0.176253388	1.13E-6	-4.866851839	9.289678055	7.978193	546	8.677272	559	8.120329	732	7.18784	748	10.08320282	9.90076822	10.11744676	9.74628329	9.48901681	9.5292538	9.50232263	9.38705458	NM_001320687,NM_016166	4.972231261	0.17237249	-4.972231261
ENSG00000034152	MAP2K3	168.70007706867136	P46734	mitogen-activated protein kinase kinase 3	MAP2K3	5606	7.756800165	7.791975	203	6.184956	258	7.246056	243	4.46164	155	519.3467542	3.93E-30	3.802121798	0.164404054	1.01E-31	11.71993452	9.683708655	25.049352	633	33.143173	782	25.642194	855	30.725236	1166	8.31260148	8.2379101	8.2560641	8.04907785	9.22949868	9.45160819	9.25256576	9.37941379	NM_001316332,NM_002756,NM_145109	16.84349011	0.114400785	16.84349011
ENSG00000050748	MAPK9	25.2930196772052	P45984-2	mitogen-activated protein kinase 9	MAPK9	5601	10.14633045	18.295283	819	19.895377	1472	18.585369	1111	19.911538	1127	1023.105731	0.082086267	-1.241423929	0.157949384	0.048235233	-1.975290129	9.834310831	15.77759	694	20.654114	833	15.155543	909	21.104529	1412	9.96533176	10.17793985	10.00779312	10.15383302	9.7959196	9.9697139	9.79101229	10.01275665	NM_001135044,NM_001308244,NM_002752,NM_139068,NM_139069,NM_139070	2.959376056	0.105434258	-2.959376056
ENSG00000055332	EIF2AK2	176.43568744078314	P19525	eukaryotic translation initiation factor 2 alpha kinase 2	EIF2AK2	5610	9.636419086	14.560154	668	11.042216	866	13.895798	870	12.798125	744	907.9509168	6.35E-5	1.282965864	0.083420233	1.64E-5	4.309299679	9.994374975	20.656974	832	22.907373	874	21.383344	1143	21.149553	1429	9.72432209	9.65884866	9.73193408	9.73084206	9.87635387	9.94275975	9.91229722	9.95542313	NM_001135651,NM_001135652,NM_002759	10.15403025	0.035252592	10.15403025
ENSG00000064393	HIPK2	NaN		homeodomain interacting protein kinase 2	HIPK2	28996	13.00517198	56.789848	9627	19.999164	5485	58.174334	12729	19.508287	4192	5236.310663	5.59E-6	-3.651990546	0.384456882	1.17E-6	-4.860578963	11.136479	14.137526	2320	9.450055	1459	14.493519	3133	9.721859	2427	12.97641773	12.13871312	13.0002915	12.11303459	11.67163406	11.34365776	11.69102782	11.36612389	NM_001113239,NM_022740	3.751196446	0.498159189	-3.751196446
ENSG00000065361	ERBB3	NaN		erb-b2 receptor tyrosine kinase 3	ERBB3	2065	6.756801827	3.638458	176	0.534039	34	2.683889	181	0.23087	19	59.98785593	2.36933E-4	-9.1787238	0.803556262	6.89E-5	-3.980173794	3.564659921	0.217887	14	0.28035	8	0.246697	21	0.04147	4	6.69191254	4.96396701	6.47085068	4.74168821	4.60167341	4.34925191	4.66686852	3.94672304	NM_001005915,NM_001982	3.17261792	1.006153904	-3.17261792
ENSG00000065559	MAP2K4	75.88203796148865	P45985	mitogen-activated protein kinase kinase 4	MAP2K4	6416	9.413019449	13.197108	570	9.454052	661	13.792525	770	12.445938	682	766.2460183	0.049881043	1.249182764	0.145353939	0.027223624	2.208296317	9.732641666	16.228235	679	17.234924	679	20.665936	1129	17.084879	1087	9.4875393	9.33299079	9.52568955	9.55409636	9.601479	9.62524534	9.80216632	9.61966527	NM_001281435,NM_003010	3.242515872	0.098572291	3.242515872
ENSG00000067225	PKM	55031.679907912985	P14618,P14618-2	muscle,pyruvate kinase	PKM	5315	15.27174406	727.815924	22213	1245.489769	61763	717.0092	28243	1223.911082	47237	31985.04893	0.026495476	-1.620616625	0.281163692	0.013235943	-2.477357016	14.57520787	657.433071	19425	799.31795	22209	658.673171	25551	780.96511	35020	14.78716336	15.39330997	14.77473115	15.36667435	14.64335283	14.77712492	14.64193722	14.75892646	NM_001206796,NM_001206797,NM_001206798,NM_001206799,NM_001316318,NM_002654,NM_182470,NM_182471	2.012721467	0.346066856	-2.012721467
ENSG00000069956	MAPK6	19.093763527640075	Q16659	mitogen-activated protein kinase 6	MAPK6	5597	10.67097723	24.130247	1137	28.146984	2146	24.234156	1475	29.288574	1750	1520.912893	0.255014608	-1.155116017	0.155461259	0.180832293	-1.338196797	10.46297569	25.528685	1166	27.119402	1165	27.420212	1648	28.043581	1947	10.48095161	10.7359147	10.48537254	10.76720252	10.468852	10.49150714	10.52795693	10.52223839	NM_002748	1.337674868	0.15549484	-1.337674868
ENSG00000071242	RPS6KA2	NaN		ribosomal protein S6 kinase A2	RPS6KA2	6196	12.46377557	101.602409	6623	46.460678	4911	100.390694	8340	27.999889	2320	3708.399833	0.011530202	-3.19545156	0.599335901	0.005166555	-2.796461574	10.78775254	38.84464	2450	6.313468	390	39.673847	3297	11.879852	1144	12.42706714	11.82256847	12.40316804	11.37509759	11.47256627	10.20058092	11.4906736	10.55194374	NM_001006932,NM_001318936,NM_001318937,NM_001318938,NM_021135	3.315292755	0.505542995	-3.315292755
ENSG00000071564	TCF3	NaN		transcription factor 3	TCF3	6929	10.74716727	28.96635	1405	30.620583	2277	28.128426	1622	27.529728	1548	1504.236058	0.078810701	-1.332692592	0.207654387	0.046004271	-1.995354118	10.33281353	20.462672	848	33.046416	1345	20.890215	1192	30.206003	2041	10.64874633	10.77559343	10.5523821	10.64619397	10.19490836	10.60056882	10.24625873	10.54881364	NM_001136139,NM_001351778,NM_001351779,NM_003200	4.522070291	0.091629213	-4.522070291
ENSG00000072062	PRKACA	206.6057858634363	P17612	protein kinase cAMP-activated catalytic subunit alpha	PRKACA	5566	11.0110227	48.639301	1450	58.485153	2821	50.684818	1951	54.200668	2049	1799.25257	0.007458077	-1.34504662	0.144981974	0.003180624	-2.949719647	10.58383286	44.662231	1290	50.160046	1363	43.023415	1636	48.12418	2113	10.78332729	11.06922727	10.81910769	10.99734451	10.6516871	10.7209326	10.62004651	10.6883914	NM_001304349,NM_002730,NM_207518	3.09700383	0.137936491	-3.09700383
ENSG00000072786	STK10	83.2470069440279	O94804	serine/threonine kinase 10	STK10	6793	10.126884	9.941433	668	15.440222	1677	10.164005	881	14.961552	1274	1767.633502	6.15E-5	2.161192777	0.257569857	1.58E-5	4.316606687	11.23907808	36.556881	2377	29.553843	1808	36.052807	3086	27.567291	2726	10.11147061	10.57031181	10.12733584	10.5407893	11.14189424	10.9186483	11.12832492	10.85964398	NM_005990	4.410296634	0.252181241	4.410296634
ENSG00000076984	MAP2K7	1.814476068441582	O14733	mitogen-activated protein kinase kinase 7	MAP2K7	5609	9.017388483	12.002398	470	8.648077	549	13.081037	665	7.51437	373	562.5177413	0.40374483	1.17020191	0.225367997	0.314336019	1.006165387	9.245141757	15.575613	592	14.282188	509	16.036714	800	9.915446	573	9.13517556	8.9816762	9.21396519	8.86305288	9.29999049	9.19312932	9.32233906	8.89483733	NM_001297555,NM_001297556,NM_145185	1.452619282	0.156788001	1.452619282
ENSG00000078061	ARAF	18.346819428833804	P10398	A-Raf proto-oncogene,serine/threonine kinase	ARAF	369	9.405293149	25.070033	619	20.066537	776	23.934718	735	18.389919	554	959.744632	8.01E-9	1.830463561	0.142977172	1.06E-9	6.100337862	10.27777323	52.184784	1238	38.136166	958	43.554406	1488	36.323678	1441	9.67406882	9.58216567	9.60633084	9.50498289	10.240188	10.03549422	10.15722626	9.97524408	NM_001256196,NM_001256197,NM_001654	12.5026299	0.069783725	12.5026299
ENSG00000082701	GSK3B	33.167216033505284	P49841	glycogen synthase kinase 3 beta	GSK3B	2932	10.86355976	19.790171	1565	15.843063	2025	20.308029	2072	17.089692	1712	1434.242713	1.07609E-4	-1.853596375	0.213021519	2.92E-5	-4.179517322	9.973402558	13.963064	1069	8.895763	644	13.956685	1406	8.899316	1036	10.7007353	10.62804171	10.72389264	10.6917195	10.33503625	9.95142719	10.33347286	9.9496478	NM_001146156,NM_002093	21.70723581	0.041007395	-21.70723581
ENSG00000083799	CYLD	NaN		CYLD lysine 63 deubiquitinase	CYLD	1540	9.40146186	6.294715	606	4.99733	777	5.813563	728	4.608929	567	563.9124047	4.29E-5	-1.499108355	0.132678402	1.07E-5	-4.402409549	8.818747844	4.729691	443	3.976631	352	4.374489	542	3.722604	529	9.35474623	9.27517988	9.29188316	9.2094446	9.0513774	8.8863578	8.98990073	8.83045668	NM_001042355,NM_001042412,NM_015247	9.758160589	0.059715559	-9.758160589
ENSG00000085511	MAP3K4	NaN		mitogen-activated protein kinase kinase kinase 4	MAP3K4	4216	9.390163296	7.906643	498	8.627855	875	8.275643	645	8.277151	661	568.3108994	0.007409863	-1.440426995	0.178351506	0.003157063	-2.952016232	8.863022949	5.268783	321	7.579727	437	5.894004	474	7.969292	740	9.18761036	9.38340584	9.19082241	9.34690869	8.79551142	9.06722282	8.88518021	9.10875854	NM_001291958,NM_001301072,NM_005922,NM_006724,NR_120425	5.134074804	0.102674847	-5.134074804
ENSG00000087586	AURKA	48.20868280640476	O14965	aurora kinase A	AURKA	6790	8.440808981	9.7124	281	9.018834	415	11.121462	391	8.134315	298	1311.431926	1.72E-12	6.547791762	0.366844719	1.47E-13	7.390070783	11.15189074	39.282801	1040	111.62813	2747	43.575754	1501	114.714016	4429	9.06755978	9.10139478	9.11889841	9.039134	10.07625999	11.02582441	10.15813787	11.02671988	NM_001323303,NM_001323304,NM_001323305,NM_003600,NM_198433,NM_198434,NM_198435,NM_198436,NM_198437	76.34167454	0.035512474	76.34167454
ENSG00000091436	MAP3K20	9.310650597944544	Q9NYL2,Q9NYL2-2				NaN	NaN		NaN		NaN		NaN		NaN	NaN	NaN	NaN	NaN	NaN	NaN	NaN		NaN		NaN		NaN		NaN	NaN	NaN	NaN	NaN	NaN	NaN	NaN		NaN	NaN	NaN
ENSG00000095015	MAP3K1	NaN		mitogen-activated protein kinase kinase kinase 1	MAP3K1	4214	7.795526563	2.320359	195	1.851877	251	2.248168	244	1.783137	190	372.0011644	2.47E-12	2.349789047	0.167942675	2.15E-13	7.338999726	9.027439811	5.884309	478	4.912644	375	6.752607	722	4.872352	602	8.12289827	8.05549424	8.09850452	8.02675085	8.84428136	8.65323259	8.96911616	8.65034542	NM_005921	28.63666724	0.043018737	28.63666724
ENSG00000096717	SIRT1	3.0902875554831306	Q96EB6	sirtuin 1	SIRT1	23411	9.173438387	12.40957	548	8.264079	610	12.951837	664	7.872992	456	585.3070943	0.847274709	1.028206613	0.152817719	0.792857573	0.262601721	9.212398501	12.453201	539	10.632591	433	12.921574	753	11.301005	761	9.29614651	9.10003356	9.2423019	9.05779351	9.24806155	9.08758221	9.29826084	9.15962424	NM_001142498,NM_001314049,NM_012238	0.343647345	0.11337237	0.343647345
ENSG00000097007	ABL1	NaN		ABL proto-oncogene 1,non-receptor tyrosine kinase	ABL1	25	10.89117442	27.502097	1749	16.130784	1712	26.902269	2165	22.520935	1807	1565.172387	7.3E-5	-1.541928333	0.146110327	1.9E-5	-4.275780665	10.26578734	17.368583	1104	16.094066	962	17.381446	1415	18.002204	1676	10.85909265	10.54758773	10.8229175	10.80052128	10.43212696	10.34419772	10.40961649	10.40620234	NM_005157,NM_007313	4.403315393	0.142026411	-4.403315393
ENSG00000100030	MAPK1	477.72726263684467	P28482	mitogen-activated protein kinase 1	MAPK1	5594	11.20275893	28.793001	1724	29.089085	2897	30.525512	2435	31.275429	2344	2162.016892	0.045203114	-1.198183659	0.115833503	0.024326629	-2.251931055	10.94177859	27.989872	1576	32.318184	1678	33.295033	2111	35.054017	2923	11.04388966	11.19875118	11.12124377	11.22272887	10.93552864	11.01103932	10.94906267	11.07718612	NM_002745,NM_138957	3.219960497	0.081050789	-3.219960497
ENSG00000100324	TAB1	18.032206194217252	Q15750	TGF-beta activated kinase 1 (MAP3K7) binding protein 1	TAB1	10454	8.878865576	12.791207	460	8.413313	490	11.752153	546	7.860637	359	371.3086478	5.29E-6	-1.732319734	0.162682579	1.1E-6	-4.872711239	8.086675181	7.532586	263	6.61024	217	6.575705	302	6.5048	345	8.85970536	8.62370483	8.78856072	8.56270816	8.35603095	8.2286231	8.24842248	8.21770727	NM_006116,NM_153497	5.711287383	0.138706099	-5.711287383
ENSG00000100393	EP300	2.2722006353915436	Q09472	E1A binding protein p300	EP300	2033	9.925652376	9.239347	903	6.995699	1106	8.318507	1050	6.345061	787	1064.263546	0.343551119	1.188442026	0.2204883	0.25862962	1.129636035	10.1748771	13.335409	1262	8.516023	759	12.541686	1563	8.154462	1174	10.06814332	9.95246848	9.97963155	9.8688416	10.32748851	9.91167961	10.27208568	9.87768157	NM_001429	3.034555663	0.082128902	3.034555663
ENSG00000100462	PRMT5	363.7682855553583	O14744	protein arginine methyltransferase 5	PRMT5	10419	9.945649834	22.79538	649	29.54227	1349	23.261063	848	31.010556	1099	2011.318326	4.82E-12	3.078677274	0.223900679	4.3E-13	7.245670948	11.56819168	80.465749	2201	116.204259	2974	80.231435	2891	113.177698	4695	10.13985826	10.43718693	10.14854429	10.46466073	11.10898263	11.4133153	11.10619933	11.39409242	NM_001039619,NM_001282953,NM_001282954,NM_001282955,NM_001282956,NM_006109	9.142284922	0.177476622	9.142284922
ENSG00000100614	PPM1A	81.54126664409199	P35813	Mg2+/Mn2+ dependent 1A,protein phosphatase	PPM1A	5494	10.09794282	10.343102	824	8.795884	1127	12.665273	1310	11.26917	1086	1011.483153	0.370561341	-1.181952076	0.224870994	0.283500706	-1.072488435	9.856478626	11.442445	806	9.701857	606	15.221047	1466	10.560482	1016	9.95990855	9.93772884	10.14065688	10.11211496	9.90769628	9.69638278	10.18673142	9.72791626	NM_021003,NM_177951,NM_177952	2.331295576	0.103575109	-2.331295576
ENSG00000100644	HIF1A	NaN		hypoxia inducible factor 1 alpha subunit	HIF1A	3091	13.22862371	128.198444	5726	199.432974	14400	123.20829	7103	197.705971	11337	11265.99554	0.182113552	1.347376661	0.277954615	0.121726733	1.547566371	13.65880152	284.180557	12280	222.36185	9015	307.291565	17666	224.642746	14963	13.03836478	13.52448462	13.00735538	13.52468219	13.64878661	13.40243802	13.72784409	13.42780909	NM_001243084,NM_001530,NM_181054	1.483644915	0.289946608	1.483644915
ENSG00000100784	RPS6KA5	8.96463368535694	O75582	ribosomal protein S6 kinase A5	RPS6KA5	9252	4.798782694	0.361786	28	0.204545	25	0.412411	41	0.163013	16	76.05853082	2.58E-12	4.485599438	0.295278222	2.25E-13	7.333086679	6.957484455	1.272995	92	1.269831	88	1.866508	165	1.679828	188	5.53974127	5.26930965	5.61666148	5.17583249	6.39561298	6.38122616	6.66840521	6.63123771	NM_001322227,NM_001322228,NM_001322229,NM_001322230,NM_001322231,NM_001322232,NM_001322233,NM_001322234,NM_001322235,NM_001322236,NM_001322237,NM_001322238,NM_004755,NM_182398	10.22173905	0.211187328	10.22173905
ENSG00000100906	NFKBIA	NaN		NFKB inhibitor alpha	NFKBIA	4792	9.773041029	50.45565	882	28.170355	797	51.55426	1164	26.997648	599	1186.50106	0.00514843	1.712328323	0.25222045	0.002094376	3.076512436	10.54888129	88.776962	1503	67.520363	1075	90.509766	2017	61.818844	1592	10.09398643	9.73743005	10.11294115	9.70220348	10.52698189	10.2534076	10.54377633	10.18045918	NM_020529	3.493203544	0.22209993	3.493203544
ENSG00000101213	PTK6	NaN		protein tyrosine kinase 6	PTK6	5753	4.008710948	0.552347	16	0.437673	20	0.669884	25	0.109841	4	61.64623754	7.56E-8	6.631359342	0.478367224	1.16E-8	5.705459103	6.744101547	4.417875	121	2.068959	54	4.826026	166	2.496173	104	4.95496725	4.88060089	5.05483262	4.40734229	6.44254366	5.76683787	6.48396055	5.91741108	NM_001256358,NM_005975	9.528362409	0.287078774	9.528362409
ENSG00000101266	CSNK2A1	NaN		casein kinase 2 alpha 1	CSNK2A1	1457	11.39476717	73.930999	2233	61.155323	3037	78.138937	3050	61.59422	2371	2654.563762	0.656923338	-1.028718974	0.07270902	0.574242983	-0.561813662	11.35345526	73.303263	2156	77.608139	2165	77.371298	3031	80.945984	3638	11.38865827	11.36149185	11.4376387	11.35452178	11.32495622	11.35214219	11.38016412	11.38795236	NM_001895,NM_177559,NM_177560	1.095733912	0.037702502	-1.095733912
ENSG00000101966	XIAP	9.310844517234326	P98170	X-linked inhibitor of apoptosis	XIAP	331	9.993603214	8.341482	786	7.776183	1183	9.015933	1098	8.251318	986	1005.991474	0.885512598	-1.026655115	0.188095935	0.840098611	-0.201767345	9.954942517	7.290832	666	9.026443	775	13.474209	1504	9.65046	1271	9.92130855	9.98028419	9.98858031	10.02928562	9.75297909	9.89960228	10.20839042	9.9142735	NM_001167,NM_001204401,NR_037916	0.868294751	0.044524854	-0.868294751
ENSG00000102081	FMR1	60.151984676820774	Q06787-5,Q06787-6,Q06787-8	fragile X mental retardation 1	FMR1	2332	9.592324423	14.766084	723	9.933271	785	13.925499	881	10.452781	650	866.8648312	0.016452159	1.246935102	0.119436799	0.007682113	2.665731026	9.909594049	17.047098	811	18.284118	813	18.386753	1118	17.966978	1276	9.7627142	9.5487207	9.71412127	9.59019302	9.82721574	9.8534095	9.86640037	9.83065795	NM_001185075,NM_001185076,NM_001185081,NM_001185082,NM_002024,NR_033699,NR_033700	3.142033506	0.100975889	3.142033506
ENSG00000102882	MAPK3	115.8390833947533	P27361	mitogen-activated protein kinase 3	MAPK3	5595	9.259086381	25.769675	520	21.194823	689	26.831462	693	21.072424	529	532.2653464	0.001329758	-1.356708327	0.125724173	4.64204E-4	-3.500604407	8.819571557	23.659453	444	18.431934	332	21.343607	537	19.304463	567	9.19183927	9.14190096	9.22009955	9.12044795	9.02287524	8.80751917	8.95134146	8.85374311	NM_001040056,NM_001109891,NM_002746	9.64959383	0.045547495	-9.64959383
ENSG00000103275	UBE2I	1292.2845609219717	P63279	ubiquitin conjugating enzyme E2 I	UBE2I	7329	10.91445655	45.296538	1448	46.741927	2417	46.539314	1924	46.949238	1904	2152.916495	0.035582113	1.23086126	0.127230303	0.018506731	2.3553206	11.21415969	58.219043	1839	73.312027	2137	60.918785	2483	74.485765	3533	10.89490648	11.03916505	10.9187955	11.0398641	11.06162004	11.21545846	11.08250782	11.23783185	NM_003345,NM_194259,NM_194260,NM_194261	3.881547033	0.077212291	3.881547033
ENSG00000104365	IKBKB	12.373726233721133	O14920	inhibitor of nuclear factor kappa B kinase subunit beta	IKBKB	3551	9.262074848	12.760417	590	7.973032	604	13.345663	803	7.394731	429	491.1657624	0.002364334	-1.667887974	0.221814652	8.77224E-4	-3.327203071	8.524894404	8.6766	379	6.749625	280	7.848673	450	5.915718	406	9.23675073	8.96562293	9.28267431	8.87894548	8.82618037	8.60941396	8.74154135	8.53120658	NM_001190720,NM_001242778,NM_001556,NR_033818,NR_033819,NR_040009	3.706517666	0.198887611	-3.706517666
ENSG00000105401	CDC37	1229.420259934702	Q16543	cell division cycle 37	CDC37	11140	10.85965435	71.481667	1332	85.495712	2578	67.632339	1628	80.24498	1896	2650.821717	1.16076E-4	1.853005609	0.213891661	3.18E-5	4.160364393	11.74965554	137.40683	2481	204.095764	3466	131.912643	3135	195.545761	5368	10.93103214	11.19182247	10.88847992	11.13534179	11.41560169	11.74081143	11.37910807	11.70449286	NM_007065	5.958638924	0.149363169	5.958638924
ENSG00000105810	CDK6	121.0110212688563	Q00534	cyclin dependent kinase 6	CDK6	1021	10.15807098	4.665823	610	7.651741	1619	4.929847	825	9.180635	1521	1270.872195	0.457224478	1.224553444	0.323320907	0.366038633	0.903918472	10.4503567	7.289388	923	11.592319	1381	8.032717	1339	11.849902	2281	9.84542369	10.36969223	9.88159711	10.52587356	10.1461377	10.51827644	10.22694147	10.54049906	NM_001145306,NM_001259	0.850606458	0.343620387	0.850606458
ENSG00000107643	MAPK8	24.878764667950193	P45983-3	mitogen-activated protein kinase 8	MAPK8	5599	8.70993269	4.872414	330	3.475234	380	6.646133	580	4.355168	370	461.269615	0.372727283	1.203796346	0.250564544	0.285541379	1.067953741	8.976687019	6.211877	396	6.967811	425	4.773946	414	9.296207	919	8.71634634	8.55622329	8.97760584	8.72826151	8.83517727	8.91899786	8.64383427	9.177832	NM_001278547,NM_001278548,NM_001323302,NM_001323320,NM_001323321,NM_001323322,NM_001323323,NM_001323324,NM_001323325,NM_001323326,NM_001323327,NM_001323328,NM_001323329,NM_001323330,NM_001323331,NM_139046,NM_139049,NR_136583,NR_136584,NR_136585	1.53294663	0.174014101	1.53294663
ENSG00000107758	PPP3CB	69.4531025629592	P16298	protein phosphatase 3 catalytic subunit beta	PPP3CB	5532	10.16908037	22.287644	814	24.195103	1443	25.129771	1235	23.908695	1115	1135.449632	0.800735037	-1.028342638	0.119343425	0.735470756	-0.337857261	10.12873354	26.621548	972	26.295226	852	27.858849	1280	30.737052	1619	10.0278208	10.22529635	10.16398656	10.20934125	10.1434241	10.05588755	10.14292306	10.19553142	NM_001142353,NM_001142354,NM_001289968,NM_001289969,NM_021132	0.449786246	0.089702232	-0.449786246
ENSG00000107984	DKK1	98.94921192755857	O94907	dickkopf WNT signaling pathway inhibitor 1	DKK1	22943	13.02391954	300.399963	6046	334.628143	10899	301.846832	7845	331.580963	8463	6058.773893	9.72E-9	-2.19836772	0.187300859	1.3E-9	-6.067418658	11.88744691	139.885529	2728	198.105972	3634	139.452652	3580	203.777588	6042	12.68902219	12.9160377	12.69395964	12.90349912	11.9934999	12.2428136	11.99032888	12.26843577	NM_012242	9.009428096	0.126142594	-9.009428096
ENSG00000108094	CUL2	74.37042375962744	Q13617	cullin 2	CUL2	8453	9.714209694	12.413336	607	13.606767	1036	13.612241	830	14.098989	873	1055.411347	0.002795313	1.512640938	0.182317543	0.001057038	3.274888201	10.31157072	19.288164	883	30.378313	1307	21.190536	1275	25.648615	1847	9.72807092	9.88708035	9.77446669	9.94409698	10.00468357	10.37414165	10.08318839	10.25628083	NM_001198777,NM_001198778,NM_001198779,NM_001324375,NM_001324376,NM_003591	6.003426459	0.099503347	6.003426459
ENSG00000108443	RPS6KB1	NaN		ribosomal protein S6 kinase B1	RPS6KB1	6198	9.669700725	12.748909	762	8.44572	824	12.437815	960	8.56044	664	842.2776265	0.553293239	1.069170317	0.131504647	0.463100395	0.733751187	9.765028893	12.268536	713	13.449217	733	13.005767	991	13.929694	1215	9.79299284	9.57331586	9.77243397	9.59265082	9.70243193	9.74964236	9.7478607	9.77384874	NM_001272042,NM_001272043,NM_001272044,NM_001272060,NM_003161	0.822586048	0.115888384	0.822586048
ENSG00000108984	MAP2K6	15.325587029775981	P52564	mitogen-activated protein kinase kinase 6	MAP2K6	5608	5.215845526	1.455692	31	0.14528	36	2.230372	61	0.107373	21	22.57829922	5.58E-6	-4.67861202	0.457927349	1.17E-6	-4.861209102	2.998610476	0.046049	7	0.041982	6	0.066092	13	0.030809	7	4.69484459	4.56320612	5.03422882	4.35759111	3.82922972	3.78459663	3.96723664	3.64993524	NM_001330450,NM_002758	7.805727201	0.284052337	-7.805727201
ENSG00000109332	UBE2D3	1453.818563825086	P61077	ubiquitin conjugating enzyme E2 D3	UBE2D3	7323	12.40438716	99.497677	4367	86.302564	6074	109.927165	6009	89.676128	5061	5316.568413	0.549647036	-1.039936122	0.0762978	0.459025343	-0.740452714	12.34761361	95.887316	4194	109.73468	4413	102.162759	5841	118.772765	7476	12.37012859	12.36215532	12.42540997	12.41107362	12.3020909	12.36902199	12.34907593	12.41201513	NM_001300795,NM_003340,NM_181886,NM_181887,NM_181888,NM_181889,NM_181890,NM_181891,NM_181892,NM_181893	1.842318114	0.030816366	-1.842318114
ENSG00000111206	FOXM1	NaN		forkhead box M1	FOXM1	2305	9.141946801	11.996479	473	10.191679	649	12.026209	611	9.854267	508	1242.472201	1.91E-5	3.398758511	0.384464045	4.41E-6	4.590826842	10.90689597	23.963731	910	66.409896	2386	22.081717	1105	64.848358	3769	9.52307189	9.50516907	9.52347905	9.50130126	10.02164228	10.93597817	9.95200219	10.91678859	NM_001243088,NM_001243089,NM_021953,NM_202002,NM_202003	151.1253732	0.011678708	151.1253732
ENSG00000112062	MAPK14	388.1837785177519	Q16539,Q16539-2	mitogen-activated protein kinase 14	MAPK14	1432	10.00172871	16.916278	808	11.537889	894	22.027355	1368	15.973361	979	1491.542769	9.74E-6	1.909542137	0.196865152	2.13E-6	4.740436516	10.93506026	34.378935	1596	41.777157	1835	40.657284	2435	31.274307	2204	10.16160359	9.97673021	10.38359303	10.23554168	10.70327976	10.85405259	10.83525762	10.59174235	NM_001315,NM_139012,NM_139013,NM_139014	5.517584973	0.169155809	5.517584973
ENSG00000113575	PPP2CA	1064.454265828917	P67775	protein phosphatase 2 catalytic subunit alpha	PPP2CA	5515	11.40624854	63.272591	1865	72.559357	3461	67.22435	2559	78.728912	2943	2869.00986	0.562843364	1.114198654	0.217648229	0.473508209	0.716782666	11.56221276	73.396957	2096	108.048637	2902	73.229645	2753	116.822197	5072	11.27745341	11.51111008	11.32743081	11.57795736	11.34045496	11.64246657	11.33779714	11.7134389	NM_002715	1.084100485	0.143865096	1.084100485
ENSG00000114166	KAT2B	NaN		lysine acetyltransferase 2B	KAT2B	8850	9.083708833	11.00778	593	4.99569	435	11.178788	777	4.68255	320	451.4084062	0.09808855	-1.505569321	0.312823674	0.059155655	-1.887034725	8.492776542	4.757254	248	7.266968	357	5.051556	347	7.139129	566	9.19651094	8.63394133	9.21077291	8.57903217	8.4250292	8.74178568	8.4714171	8.72809997	NM_003884	1.710146947	0.345544745	-1.710146947
ENSG00000114738	MAPKAPK3	77.56598367265876	Q16644	mitogen-activated protein kinase-activated protein kinase 3	MAPKAPK3	7867	9.232853101	13.784284	468	16.37136	754	15.761285	582	16.268103	590	1042.152681	4.51E-15	2.463512372	0.159148984	3.01E-16	8.172950159	10.53393817	40.227221	1109	56.768306	1475	39.753882	1445	51.332317	2162	9.47654712	9.58323767	9.44801884	9.57879854	10.16135851	10.44640892	10.15149271	10.35920422	NM_001243925,NM_001243926,NM_004635	18.70512348	0.069557684	18.70512348
ENSG00000116030	SUMO1	278.7445194417527	P63165	small ubiquitin-like modifier 1	SUMO1	7341	10.56821347	71.54673	1172	61.775427	1698	77.222694	1661	70.278375	1495	1533.455854	0.82023038	1.02064483	0.096033756	0.758854844	0.306984929	10.59678689	78.568641	1247	84.779934	1263	82.961615	1769	92.911507	2258	10.51515033	10.54168538	10.59469025	10.63746663	10.53404005	10.56845728	10.59684079	10.65761015	NM_001005781,NM_001005782,NM_003352	0.523092844	0.054623993	0.523092844
ENSG00000116478	HDAC1	263.6052229299427	Q13547	histone deacetylase 1	HDAC1	3065	10.19447627	42.906948	1001	35.686726	1347	43.627151	1314	33.503952	991	1291.376445	0.054075876	1.203916443	0.123255893	0.029841305	2.172190396	10.46248265	49.96365	1129	62.88879	1337	47.089176	1401	58.78344	2019	10.27621179	10.24065107	10.29062739	10.1848361	10.34472478	10.51494774	10.2936916	10.4585582	NM_004964	5.689546373	0.047105052	5.689546373
ENSG00000116809	ZBTB17	NaN		zinc finger and BTB domain containing 17	ZBTB17	7709	7.967092306	7.663528	238	5.566699	279	6.607929	265	5.210648	205	227.0133295	0.054733635	-1.22668483	0.136031941	0.030244154	-2.16687805	7.671009487	5.613012	169	6.229498	176	6.250545	246	5.622655	258	8.02114045	7.86987418	7.89722453	7.81287589	7.70546597	7.76036154	7.78558574	7.68416989	NM_001242884,NM_001287603,NM_001287604,NM_001324137,NM_001324138,NM_003443	3.368307382	0.087902553	-3.368307382
ENSG00000117676	RPS6KA1	NaN		ribosomal protein S6 kinase A1	RPS6KA1	6195	7.836559659	5.32239	190	4.536252	262	5.093758	235	4.806126	218	355.203424	9.73E-7	2.108420204	0.206096574	1.77E-7	5.221641494	8.912368938	9.34429	323	15.704295	511	9.617859	437	14.252386	749	8.09060191	8.07687665	8.05948348	8.11790992	8.47998992	8.89423562	8.50250297	8.8148604	NM_001006665,NM_001330441,NM_002953	43.61080169	0.024668413	43.61080169
ENSG00000118046	STK11	NaN		serine/threonine kinase 11	STK11	6794	9.155799801	15.372296	562	9.857038	583	14.188358	670	9.294467	431	656.645309	0.039240771	1.302550899	0.16481222	0.020679616	2.313783221	9.537029314	19.838608	702	18.324217	610	18.593229	867	16.573776	892	9.38060554	9.12925972	9.31348899	9.07929348	9.5390478	9.44084595	9.48248334	9.35769019	NM_000455	2.642541832	0.144266217	2.642541832
ENSG00000118260	CREB1	84.7909078556718	P16220	cAMP responsive element binding protein 1	CREB1	1385	9.554653192	5.867264	609	4.950008	897	5.261683	755	5.0052	723	827.4968099	0.04804343	1.200934732	0.11874071	0.02610405	2.224660312	9.818518401	6.665476	705	8.262608	828	6.472324	926	9.668929	1329	9.59146322	9.63138285	9.55836309	9.65135197	9.68096451	9.8428979	9.67827441	9.8395944	NM_001320793,NM_004379,NM_134442,NR_135473	6.360284584	0.041486384	6.360284584
ENSG00000120129	DUSP1	NaN		dual specificity phosphatase 1	DUSP1	1843	11.83238619	175.231476	3955	79.072853	2888	178.525757	5203	77.872635	2229	2717.897391	0.002496358	-2.038287832	0.310377648	9.32876E-4	-3.310025054	10.80499294	83.517143	1826	57.501919	1183	84.749184	2440	59.472488	1978	11.85000994	11.2851079	11.86648159	11.26863547	11.15424737	10.85263745	11.16553183	10.8775162	NM_004417	3.059619526	0.33579118	-3.059619526
ENSG00000120910	PPP3CC	23.857040330381842	P48454-2	protein phosphatase 3 catalytic subunit gamma	PPP3CC	5533	7.852976118	6.659679	175	6.894022	293	6.162745	209	7.373934	242	199.790484	0.013687095	-1.372928238	0.167240784	0.006254742	-2.734119083	7.395614749	4.879191	124	6.537153	157	5.927139	194	5.995333	230	7.6804738	7.82814737	7.61690819	7.86833754	7.37735717	7.58213852	7.50837275	7.50564377	NM_001243974,NM_001243975,NM_005605	3.835899234	0.119231852	-3.835899234
ENSG00000120948	TARDBP	671.411511011685	Q13148	TAR DNA binding protein	TARDBP	23435	11.12798407	35.49765	1669	36.429401	2772	36.192379	2198	38.083305	2271	2537.42262	0.313453773	1.267653512	0.285877724	0.231354509	1.196876978	11.47007982	34.760475	1584	71.57534	3067	37.329388	2239	75.218208	5211	11.09749294	11.23854623	11.11431223	11.27276263	11.02218871	11.61610174	11.07957736	11.66443952	NM_007375	3.894125278	0.08784919	3.894125278
ENSG00000121022	COPS5	118.24119585634475	Q92905	COP9 signalosome subunit 5	COPS5	10987	9.11673832	26.562943	441	23.427389	630	29.592831	635	23.799049	502	558.31378	0.949489719	1.011617454	0.169681047	0.921768076	0.098206808	9.133080112	24.05117	387	36.366596	551	26.031773	552	35.851231	877	9.08276793	9.09734344	9.17544083	9.10767314	8.94327152	9.26222639	9.00733478	9.25176257	NM_006837	0.398113356	0.041048088	0.398113356
ENSG00000123143	PKN1	63.47378408830593	Q16512	protein kinase N1	PKN1	5585	10.6541974	35.784008	1229	37.963093	2110	35.650822	1581	34.819359	1517	2555.290256	1.24436E-4	2.171084241	0.269946425	3.43E-5	4.143102485	11.77275603	120.293579	4002	65.143959	2039	116.114876	5086	64.493683	3263	10.82171797	10.98295128	10.81915105	10.90958814	11.81353649	11.22925523	11.7795584	11.22327694	NM_002741,NM_213560	14.23295071	0.07858937	14.23295071
ENSG00000124216	SNAI1	NaN		snail family transcriptional repressor 1	SNAI1	6615	4.625486381	0.101029	2	1.784798	55	0.076636	2	1.758219	43	24.90475624	0.985209794	1.016105673	0.892388574	0.979392889	0.025830056	4.651098717	1.25347	24	0.929861	17	1.161448	29	1.257406	36	3.62565224	4.96624096	3.55789237	4.95589027	4.57236446	4.37059965	4.51695118	4.54677495	NM_005985	0.032377359	0.79105698	0.032377359
ENSG00000124422	USP22	8.233783947529087	Q9UPT9	ubiquitin specific peptidase 22	USP22	23326	12.15343503	69.585152	4050	52.978626	4991	68.983955	5185	51.558788	3806	4170.692469	0.011582005	-1.203213538	0.095494615	0.005192451	-2.794845614	11.8863651	55.849545	3149	61.283718	3251	55.762688	4140	62.012375	5318	12.16238547	12.04931219	12.15549583	12.02210068	11.91274694	11.96290587	11.91086698	11.97559162	NM_015276	3.705894017	0.072066262	-3.705894017
ENSG00000124762	CDKN1A	4.440371940796426	P38936	cyclin dependent kinase inhibitor 1A	CDKN1A	1026	11.60410797	85.522331	2059	115.095904	4485	82.59316	2540	111.721969	3397	2028.849719	4.6E-16	-3.295842687	0.203505858	2.79E-17	-8.455026318	9.883651923	34.150828	798	37.821826	830	32.84352	1010	37.132179	1305	11.0819773	11.48880317	11.04156746	11.45238044	10.26198327	10.31263049	10.23178914	10.29359336	NM_000389,NM_001220777,NM_001220778,NM_001291549,NM_078467	7.257023731	0.237074607	-7.257023731
ENSG00000126767	ELK1	NaN		ELK1,ETS transcription factor	ELK1	2002	9.704206347	25.792775	771	23.346986	1201	24.126201	860	14.374443	515	1016.916616	0.141734643	1.438082112	0.309772339	0.090639046	1.692036334	10.22840769	24.896904	675	51.230278	1327	27.374509	1005	50.05839	2078	9.89093696	9.97883636	9.77128973	9.50322183	9.74989501	10.34831963	9.84899861	10.32385729	NM_001114123,NM_001257168,NM_005229	2.534044938	0.206863476	2.534044938
ENSG00000130726	TRIM28	1263.9667871823501	Q13263,Q13263-2	tripartite motif containing 28	TRIM28	10155	11.49801608	77.193031	2547	60.986794	3257	73.212822	3120	60.254196	2521	3314.901928	0.139177808	1.29225146	0.217363692	0.088812452	1.701695569	11.86784806	79.369835	2537	130.82634	3934	73.802826	3106	126.435562	6146	11.62046295	11.54183438	11.57646353	11.52788148	11.58364197	11.99235009	11.52211843	11.96425845	NM_005762	8.960127792	0.041275302	8.960127792
ENSG00000131759	RARA	NaN		retinoic acid receptor alpha	RARA	5914	9.764829346	15.233846	559	19.756962	1171	17.429054	855	18.837601	908	680.5459249	6.9855E-4	-1.773956983	0.224238343	2.26103E-4	-3.687910891	8.939923907	15.431845	568	11.287906	390	10.327059	501	9.534398	534	9.37733022	9.72979274	9.52439086	9.71604728	9.35723056	9.07104243	9.0286269	8.94320833	NM_000964,NM_001024809,NM_001145301,NM_001145302	4.902853992	0.168250052	-4.902853992
ENSG00000132155	RAF1	11.984172105543447	P04049	Raf-1 proto-oncogene,serine/threonine kinase	RAF1	5894	10.29965378	28.441586	1039	23.509195	1390	30.505764	1439	24.438406	1132	1370.006222	0.055776156	1.174271726	0.10739045	0.030915024	2.158164765	10.53101399	32.88987	1164	39.540855	1316	33.387932	1555	40.61676	2185	10.34421931	10.30397295	10.40395143	10.33236897	10.40674276	10.53627766	10.4184752	10.56229604	NM_002880	5.497393925	0.042085434	5.497393925
ENSG00000135341	MAP3K7	9.80472830566038	O43318	mitogen-activated protein kinase kinase kinase 7	MAP3K7	6885	10.44775347	19.593033	1107	18.133322	1665	20.110783	1471	18.170165	1311	1051.86738	1.59E-22	-1.973890467	0.097236156	6.16E-24	-10.08927106	9.465742002	10.024903	554	11.913409	620	10.559968	765	12.403421	1036	10.22143267	10.2832806	10.24771641	10.28349323	9.6079233	9.7192143	9.64445311	9.74824177	NM_003188,NM_145331,NM_145332,NM_145333	32.56476849	0.030155641	-32.56476849
ENSG00000135679	MDM2	NaN		MDM2 proto-oncogene	MDM2	4193	10.1343799	6.983703	561	9.611041	1292	8.252037	891	16.434779	1708	915.0815086	0.170778562	-1.590593182	0.422650219	0.113146913	-1.584205714	9.463931346	4.265115	346	5.109716	390	9.585862	1007	11.88712	1440	9.53494636	9.95775253	9.70791346	10.43389375	9.13152445	9.24026179	9.76076287	9.92127282	NM_001145337,NM_001145339,NM_001145340,NM_001278462,NM_002392	1.715452981	0.390828872	-1.715452981
ENSG00000136238	RAC1	4930.566613686957	P63000,P63000-2	ras-related C3 botulinum toxin substrate 1 (rho family,small GTP binding protein Rac1)	RAC1	5879	12.33274448	142.112927	3710	156.901077	6644	145.101062	4899	159.951985	5329	5670.271214	0.074800604	1.198343368	0.129218156	0.043366793	2.020160009	12.59386069	215.504169	5451	206.844177	4924	216.663696	7213	215.365752	8282	12.26842726	12.47338628	12.28740856	12.48960681	12.56158651	12.4974218	12.56530226	12.53454517	NM_006908,NM_018890	2.21327426	0.11797734	2.21327426
ENSG00000136875	PRPF4	200.52450948968112	O43172-2	pre-mRNA processing factor 4	PRPF4	9128	9.10990667	11.324116	370	14.208419	750	11.194735	472	14.878016	616	1034.12611	3.43E-5	2.74306998	0.326795986	8.4E-6	4.454740854	10.56579051	27.200026	851	57.195027	1699	27.110279	1117	57.800511	2774	9.25896159	9.54086647	9.24993601	9.57522227	9.89569949	10.55073206	9.89241052	10.56359256	NM_001244926,NM_001322266,NM_001322267,NM_004697,NR_136265,NR_136266	8.277718393	0.175879846	8.277718393
ENSG00000137693	YAP1	559.3388953343227	P46937	Yes associated protein 1	YAP1	10413	11.94226988	56.087698	3312	46.141254	4449	56.292467	4231	48.381741	3598	4030.077381	0.282335348	1.048586146	0.053905587	0.204181816	1.269727212	12.01011618	61.376974	3487	63.308674	3417	62.508521	4675	66.276579	5713	11.9711555	11.93351873	11.96252877	11.95658566	11.98133922	11.98782551	11.99623729	12.01955676	NM_001130145,NM_001195044,NM_001195045,NM_001282097,NM_001282098,NM_001282099,NM_001282100,NM_001282101,NM_006106	4.21290928	0.016104382	4.21290928
ENSG00000138814	PPP3CA	284.9143916591871	Q08209-2	protein phosphatase 3 catalytic subunit alpha	PPP3CA	5530	10.92366051	33.815781	1745	29.061533	2430	36.601421	2441	17.993875	1168	1852.602175	0.574837165	-1.102015456	0.201339017	0.486389941	-0.696062099	10.78361709	28.401534	1424	32.297659	1522	29.908682	1964	32.927335	2486	10.9614743	10.95441694	11.03254965	10.54167607	10.75326057	10.83316767	10.79174058	10.84470811	NM_000944,NM_001130691,NM_001130692	0.626947313	0.223373507	-0.626947313
ENSG00000139687	RB1	14.648864583670104	P06400	RB transcriptional corepressor 1	RB1	5925	10.8156818	25.320166	1348	25.487579	2195	25.213808	1733	27.94972	1886	1555.228895	0.033288594	-1.377800962	0.194020766	0.017168347	-2.38308249	10.35324047	18.61327	960	26.453642	1283	17.064772	1158	26.842825	2105	10.63176759	10.76135859	10.62856068	10.83926609	10.3151539	10.57921904	10.24442557	10.59460606	NM_000321	4.478244695	0.103263971	-4.478244695
ENSG00000140575	IQGAP1	1319.0515200363002	P46940	IQ motif containing GTPase activating protein 1	IQGAP1	8826	13.4965208	100.14492	8050	119.976837	15609	100.823517	10467	118.631943	12095	9728.069695	0.002922885	-1.463224762	0.168422135	0.001111903	-3.260565462	12.94741908	94.964745	7396	81.884041	5999	94.90979	9731	82.447052	9765	13.23596873	13.52156015	13.24250923	13.50733986	13.12996793	12.97948348	13.12872321	12.98765982	NM_003870	3.453000899	0.159021598	-3.453000899
ENSG00000140992	PDPK1	3.7802543555671293	O15530-3	3-phosphoinositide dependent protein kinase 1	PDPK1	5170	9.644880215	7.67453	620	7.641764	999	7.910126	825	7.297479	748	730.9362348	0.012841876	-1.211559715	0.100409433	0.005826917	-2.757365566	9.369170752	7.660943	600	7.07783	521	7.651252	789	7.124071	848	9.53234028	9.65072711	9.5585587	9.60755285	9.47110656	9.37713586	9.46938969	9.3851438	NM_001261816,NM_002613,NM_031268	5.248100388	0.052535097	-5.248100388
ENSG00000141510	TP53	204.22253568233248	P04637	tumor protein p53	TP53	7157	9.779710175	25.771632	742	22.266046	1037	25.205205	937	21.149822	774	1237.740669	0.001564238	1.816125988	0.249350005	5.55555E-4	3.452433417	10.64068503	62.956419	1758	35.993529	947	63.529381	2336	36.361507	1550	9.97207858	9.96825343	9.95442374	9.92550264	10.68878512	10.16467823	10.69670021	10.17786866	NM_000546,NM_001126112,NM_001126113,NM_001126114,NM_001126115,NM_001126116,NM_001126117,NM_001126118,NM_001276695,NM_001276696,NM_001276697,NM_001276698,NM_001276699,NM_001276760,NM_001276761	40.77228838	0.021116667	40.77228838
ENSG00000141736	ERBB2	23.687306720390275	P04626-4	erb-b2 receptor tyrosine kinase 2	ERBB2	2064	10.8106371	31.972386	1640	24.059685	1996	31.574034	2116	20.792519	1369	1306.251832	2.99E-16	-2.199752646	0.13369386	1.78E-17	-8.507057117	9.673171536	14.589651	736	13.020789	638	19.704092	973	13.902308	1064	10.68412439	10.55468777	10.68411982	10.43209314	9.96119873	9.87067082	9.96366265	9.89706347	NM_001005862,NM_001289936,NM_001289937,NM_001289938,NM_004448,NR_110535	9.403723425	0.120959062	-9.403723425
ENSG00000142208	AKT1	65.69992907502574	P31749	AKT serine/threonine kinase 1	AKT1	207	10.9813999	43.685287	1456	51.856934	2746	42.076939	1811	48.931812	2068	2078.009496	0.697701145	1.055452027	0.156065841	0.617850929	0.498898446	11.05951588	54.438267	1757	63.188614	1919	52.410294	2227	61.429638	3015	10.87854288	11.12959373	10.84834298	11.09126581	11.00299793	11.10279088	10.97003065	11.08088504	NM_001014431,NM_001014432,NM_005163	0.542537363	0.143982674	0.542537363
ENSG00000145391	SETD7	64.51513179331832	Q8WTS6	SET domain containing lysine methyltransferase 7	SETD7	80854	11.60490231	32.76595	2606	26.577127	3432	34.119452	3503	28.046835	2803	2936.384212	0.111812489	-1.129015164	0.096199856	0.068788889	-1.819803796	11.42941452	28.719055	2254	32.367749	2343	28.16667	2896	34.35515	4121	11.57907736	11.52402422	11.61448669	11.55577319	11.42165621	11.47775957	11.40059978	11.55264266	NM_001306199,NM_001306200,NM_030648,NR_131339	4.59975589	0.038151544	-4.59975589
ENSG00000145604	SKP2	NaN		S-phase kinase associated protein 2	SKP2	6502	8.264648673	6.715761	248	5.836809	370	7.602969	329	5.585333	277	463.5068192	0.086596998	2.014410704	0.518250667	0.051229256	1.949554373	9.274889936	4.68351	178	23.883707	850	5.767402	280	27.1794	1359	8.3996288	8.44801838	8.42139484	8.40802762	8.11575496	9.47960002	8.24740638	9.4728625	NM_001243120,NM_005983,NM_032637	47.74447588	0.021159333	47.74447588
ENSG00000146648	EGFR	258.9332697492885	P00533	epidermal growth factor receptor	EGFR	1956	11.10580812	36.877985	1808	32.687855	2643	25.990846	2336	31.449309	1976	3144.034545	4.21E-5	1.853089035	0.201943932	1.05E-5	4.406828136	11.99584573	78.692754	4401	55.988479	2663	66.705268	5502	57.969959	4293	11.28517709	11.31796053	11.2861289	11.27624889	12.0248955	11.59971321	11.97651499	11.60006279	NM_001346897,NM_001346898,NM_001346899,NM_001346900,NM_001346941,NM_005228,NM_201282,NM_201283,NM_201284	48.71223373	0.018271336	48.71223373
ENSG00000147162	OGT	49.94573113995892	O15294	O-linked N-acetylglucosamine (GlcNAc) transferase	OGT	8473	10.80071398	29.884483	1827	16.370712	1620	30.767891	2427	14.782422	1147	1846.221619	0.799607188	1.07005127	0.287367372	0.733922002	0.339913059	10.89835433	33.903885	2008	21.950542	1223	34.293726	2674	22.150886	1995	10.99144737	10.60052344	11.01716669	10.51502322	11.0400896	10.63863733	11.04957979	10.64859566	NM_181672,NM_181673	0.375005573	0.260370397	0.375005573
ENSG00000148400	NOTCH1	1.7968147396697658	P46531	notch 1	NOTCH1	4851	8.615012035	3.566988	371	2.506034	421	3.285143	441	2.384998	314	605.7892826	9.65379E-4	2.090204313	0.295941841	3.25517E-4	3.594097962	9.678593884	9.710651	977	4.671183	442	8.975966	1188	4.991327	763	8.94292348	8.77340914	8.87655284	8.73224505	9.75907457	9.07752982	9.68426167	9.13548044	NM_017617	11.07440138	0.09603967	11.07440138
ENSG00000149269	PAK1	308.8924104418735	Q13153	p21 (RAC1) activated kinase 1	PAK1	5058	8.535749691	6.851944	266	7.213842	454	8.306743	417	7.046094	348	354.7275184	0.550116145	-1.097576641	0.181617172	0.459550687	-0.73958691	8.402300274	6.485323	241	9.697172	339	6.493529	320	9.089312	520	8.38469107	8.5482541	8.54760241	8.52562094	8.27265258	8.57833707	8.27846002	8.53643499	NM_001128620,NM_002576	1.697663177	0.078607711	-1.697663177
ENSG00000149311	ATM	0.2983385350848443	Q13315	ATM serine/threonine kinase	ATM	472	10.07041699	6.464345	954	4.804625	1148	7.015372	1337	8.029037	827	819.8677616	1.38E-8	-1.903644297	0.154589518	1.88E-9	-6.007936014	9.140867874	3.44989	494	3.095645	417	6.093155	719	3.413431	743	9.95175527	9.81445705	10.02676493	9.7367863	9.35638607	9.24476473	9.43668613	9.32319074	NM_000051,NM_001351834,NM_001351835,NM_001351836	7.096623691	0.130984699	-7.096623691
ENSG00000149554	CHEK1	7.038974248064063	O14757	checkpoint kinase 1	CHEK1	1111	8.814272052	8.467623	368	8.020157	511	8.295311	443	8.275681	457	676.5548427	0.002372092	2.006396913	0.302042347	8.80871E-4	3.326046967	9.81851276	13.872147	533	25.436085	986	13.33574	630	28.570432	1696	9.00929659	9.00020139	8.95421678	9.10290123	9.28040524	9.85249514	9.18937548	9.91402203	NM_001114121,NM_001114122,NM_001244846,NM_001274,NM_001330427,NM_001330428,NR_045204,NR_045205	16.10702936	0.062347978	16.10702936
ENSG00000149923	PPP4C	243.3343191471956	P60510	protein phosphatase 4 catalytic subunit	PPP4C	5531	9.367054732	31.783432	474	35.486557	894	31.278365	613	34.994094	661	790.3510197	0.002214635	1.393058314	0.142874246	8.15767E-4	3.347388804	9.846065202	49.295635	741	56.487757	802	53.425782	1044	55.387459	1268	9.35233107	9.59541233	9.35386375	9.54272642	9.69112386	9.78424566	9.74933519	9.76768289	NM_001303503,NM_001303504,NM_001303506,NM_001303507,NM_002720	3.7856105	0.126534536	3.7856105
ENSG00000149930	TAOK2	3.1263464823842733	Q9UL54,Q9UL54-2	TAO kinase 2	TAOK2	9344	9.581803304	11.428919	616	10.964362	935	11.103962	758	10.839984	735	649.5214539	5.48E-6	-1.43901063	0.107928624	1.14E-6	-4.865041614	9.057241286	8.42632	444	9.877519	478	8.030066	548	9.563474	755	9.45201749	9.52040893	9.41097523	9.51915957	9.14337132	9.22675892	9.09039735	9.21001741	NM_001252043,NM_004783,NM_016151	9.775900292	0.053658692	-9.775900292
ENSG00000150457	LATS2	NaN		large tumor suppressor kinase 2	LATS2	26524	9.789659058	11.724591	725	9.956947	996	11.709685	935	10.829443	849	756.1050705	3.3E-6	-1.411275349	0.099951404	6.61E-7	-4.972411319	9.292628097	9.456733	567	8.706822	491	9.788992	772	8.601889	784	9.6820066	9.66324589	9.68157346	9.73285721	9.43927216	9.34416223	9.46646917	9.33644049	NM_014572	16.60649628	0.029929911	-16.60649628
ENSG00000154229	PRKCA	199.71339432628253	P17252	protein kinase C alpha	PRKCA	5578	11.60726794	22.258177	2177	27.409019	4338	21.75001	2747	26.043552	3230	2631.900524	0.002547173	-1.455385468	0.163882607	9.54546E-4	-3.303592257	11.06604608	19.486858	1846	20.526463	1830	18.497929	2307	20.657125	2976	11.35004456	11.659721	11.33083334	11.6093591	11.17744335	11.19331986	11.13379557	11.20085473	NM_002737	3.160986166	0.171219307	-3.160986166
ENSG00000154582	ELOC	3107.273060182379	Q15369	elongin C	ELOC	6921	9.078273142	16.002904	369	18.665086	688	16.386827	513	19.900918	587	606.6429332	0.216374058	1.244595812	0.218842398	0.149165058	1.442486925	9.3939053	20.412314	462	31.511536	658	20.194384	621	31.373372	1105	8.98425056	9.21462093	9.04268828	9.28297236	9.13252661	9.45703732	9.14889799	9.4929855	NM_001204857,NM_001204858,NM_001204859,NM_001204860,NM_001204861,NM_001204862,NM_001204863,NM_001204864,NM_005648	2.242678282	0.140738937	2.242678282
ENSG00000156711	MAPK13	NaN		mitogen-activated protein kinase 13	MAPK13	5603	4.532730342	0.394801	28	0.19515	23	0.257445	24	0.162311	15	678.2159345	4.78E-49	57.93014213	0.389976802	5.69E-51	15.01689912	10.38076974	23.192154	1565	10.925157	705	23.432298	2088	10.790691	1118	6.69690904	6.4791029	6.52593467	6.43603187	9.89275611	9.10362803	9.90663837	9.08906608	NM_002754,NR_072996	51.14998543	0.114331204	51.14998543
ENSG00000157764	BRAF	9.7570357868696	P15056	B-Raf proto-oncogene,serine/threonine kinase	BRAF	673	7.290987787	4.009991	132	3.041291	162	4.589999	195	3.154766	132	183.8842928	0.06362789	1.346664271	0.204730366	0.03596304	2.097345074	7.722216278	6.948166	222	4.998894	150	6.423476	270	4.691453	228	7.39768079	7.29180005	7.50655158	7.31912852	7.79811997	7.4909092	7.72919646	7.44341041	NM_004333	4.4791326	0.096275	4.4791326
ENSG00000158402	CDC25C	NaN		cell division cycle 25C	CDC25C	995	6.4537736	3.441506	89	1.989468	80	3.59053	118	1.799668	58	186.7913242	4.59E-7	3.266284087	0.318079489	7.93E-8	5.368627442	8.159503526	8.180133	192	12.67129	293	6.638997	216	14.367788	512	7.0103056	6.69419494	7.02930229	6.64423715	7.59931277	8.00383669	7.464584	8.08129419	NM_001287582,NM_001287583,NM_001318098,NM_001790,NM_022809	8.378477545	0.203584711	8.378477545
ENSG00000160551	TAOK1	15.550078422523367	Q7L7X3	TAO kinase 1	TAOK1	57551	10.84045592	14.868793	2001	6.628274	1445	6.013956	1045	14.398958	2458	1669.538066	0.566852195	-1.217964243	0.400855821	0.477914326	-0.709661091	10.55601303	13.521495	1765	12.065243	1481	5.611482	962	9.360819	1822	10.99839353	10.4218967	10.23011402	11.09547239	10.84966297	10.71965937	10.12025634	10.48972825	NM_020791,NM_025142	0.668682822	0.425377893	-0.668682822
ENSG00000162889	MAPKAPK2	70.90071932355602	P49137	mitogen-activated protein kinase-activated protein kinase 2	MAPKAPK2	9261	11.30827547	53.630948	1835	61.215101	3365	53.221789	2354	59.37944	2576	2181.029138	0.002687316	-1.389056377	0.144237785	0.001012719	-3.286969189	10.83460536	52.03694	1727	46.123141	1463	48.00701	2097	45.995077	2290	11.0966287	11.33148878	11.09156519	11.30652199	11.01113273	10.89588309	10.9425122	10.87189513	NM_004759,NM_032960	3.636154485	0.130266773	-3.636154485
ENSG00000163932	PRKCD	12.103211754174126	Q05655	protein kinase C delta	PRKCD	5580	8.57303764	9.319134	295	9.094729	466	9.520691	389	9.11923	366	500.5439468	6.59E-9	1.626623559	0.114444762	8.63E-10	6.13291865	9.276703309	19.422194	590	16.762186	483	17.929642	723	17.480321	782	8.67437155	8.76871577	8.69122774	8.76712971	9.22548468	9.07409295	9.16143718	9.07838936	NM_001316327,NM_006254,NM_212539	14.1783724	0.04962951	14.1783724
ENSG00000164045	CDC25A	NaN		cell division cycle 25A	CDC25A	993	6.383018396	0.369212	16	2.509969	168	0.622145	34	2.389939	126	300.7529785	6.45006E-4	6.201345668	0.709370426	2.06318E-4	3.711151766	9.016935411	4.195856	168	18.657536	698	4.860262	257	18.063251	1100	6.17994489	7.33640364	6.37183813	7.29922861	7.58012417	8.93389866	7.70697159	8.91308668	NM_001789,NM_201567	4.3404893	0.606824907	4.3404893
ENSG00000164305	CASP3	41.57532160681977	P42574	caspase 3	CASP3	836	9.374276921	16.511965	493	16.499342	796	16.951445	653	18.371593	695	535.702567	0.086977733	-1.629671133	0.361788576	0.051475612	-1.947493388	8.671562248	10.824214	313	21.142511	575	11.768595	448	5.648901	249	9.11876932	9.24180116	9.14162317	9.33438814	8.70824665	9.24353871	8.77409855	8.21034562	NM_004346,NM_032991	7.08894459	0.09912825	-7.08894459
ENSG00000164327	RICTOR	5.669449272436653	Q6R327	RPTOR independent companion of MTOR complex 2	RICTOR	253260	9.604853985	8.054007	864	3.991814	686	6.311127	869	4.464437	607	1019.291825	0.045665615	1.618511317	0.30911788	0.02462358	2.247257434	10.29911795	13.126824	1363	7.328434	716	14.189563	1936	7.614681	1202	9.9823742	9.51543287	9.77201843	9.60725473	10.35277744	9.81316195	10.42199945	9.84729376	NM_001285439,NM_001285440,NM_152756	3.386274617	0.205022936	3.386274617
ENSG00000164885	CDK5	91.02114260040892	Q00535	cyclin dependent kinase 5	CDK5	1020	7.694846897	14.434023	192	11.703291	245	12.833435	221	9.618845	163	192.8529402	0.172083508	-1.161791919	0.136949155	0.114153637	-1.579795805	7.479866437	12.547312	162	13.163896	149	11.71054	199	11.828251	232	7.74252955	7.66314385	7.64747928	7.52548504	7.56923872	7.52417779	7.51247675	7.49632838	NM_001164410,NM_004935	2.397035502	0.089685972	-2.397035502
ENSG00000164924	YWHAZ	24958.410440240186	P63104	tyrosine 3-monooxygenase/tryptophan 5-monooxygenase activation protein zeta	YWHAZ	7534	13.87701482	256.401037	8686	390.333116	21379	280.317837	12249	420.12042	18072	15312.02248	0.89515918	1.035470238	0.270048262	0.852278921	0.186211481	13.92730147	326.110201	10701	474.072972	14623	353.956365	15316	508.890512	25463	13.57557959	14.05094011	13.64742357	14.11462603	13.71356787	14.00468125	13.78280567	14.07331698	NM_001135699,NM_001135700,NM_001135701,NM_001135702,NM_003406,NM_145690	0.182925072	0.274902995	0.182925072
ENSG00000166025	AMOTL1	4.28339906112595	Q8IY63-2	angiomotin like 1	AMOTL1	154810	10.44634971	10.898436	1091	9.865688	1601	10.568623	1359	11.582089	1470	1191.828989	0.001810254	-1.411461084	0.145853946	6.52453E-4	-3.408816595	9.948903862	7.944619	770	10.12658	920	7.648103	976	10.08098	1480	10.29690676	10.33559167	10.26634056	10.47211682	9.97088241	10.14094607	9.93948831	10.13945152	NM_001301007,NM_130847	5.479242771	0.090787335	-5.479242771
ENSG00000166851	PLK1	12.212017799911926	P53350	polo like kinase 1	PLK1	5347	8.437956814	12.400752	315	8.814148	363	12.154073	399	9.054317	292	1142.390025	6.88E-10	5.588955969	0.381921707	8.02E-11	6.500229665	10.92033859	39.292393	967	104.018188	2407	34.239727	1109	99.929543	3738	9.07657298	8.93608346	9.06242006	8.95192879	9.95703175	10.84936189	9.83426435	10.81291355	NM_005030	34.01956559	0.072969238	34.01956559
ENSG00000168036	CTNNB1	NaN		catenin beta 1	CTNNB1	1499	12.8577624	127.514076	4958	168.688439	10492	125.134607	6327	160.271492	7974	5749.435765	1.27E-5	-1.821171473	0.184708001	2.84E-6	-4.682345983	11.99293703	92.292691	3490	92.699634	3321	99.840355	4837	93.536526	5407	12.49892803	12.86679471	12.48924827	12.83456686	12.17006454	12.15239972	12.21129594	12.16066965	NM_001098209,NM_001098210,NM_001330729,NM_001904	4.191331278	0.206336677	-4.191331278
ENSG00000168078	PBK	392.73053862834746	Q96KB5	PDZ binding kinase	PBK	55872	8.021909299	7.519835	178	8.460586	324	8.138109	249	9.505289	285	648.7810138	2.12399E-4	3.992057137	0.498253724	6.12E-5	4.00826381	10.01909675	15.570586	357	66.4068	1429	15.506304	468	62.58548	2177	8.29005291	8.47880195	8.34655431	8.56442365	8.79236766	10.08881214	8.7880002	10.03369095	NM_001278945,NM_018492	16.02519858	0.124627938	16.02519858
ENSG00000168610	STAT3	167.9039331818393	P40763,P40763-2	signal transducer and activator of transcription 3	STAT3	6774	10.87651865	18.30597	1011	25.839646	2309	29.939754	2141	29.928032	2103	2037.481955	0.429944633	1.167308955	0.233579961	0.339323171	0.955503432	11.09998005	40.832419	2152	31.216423	1567	40.515674	2853	31.786049	2546	10.56428801	10.96178244	10.96925717	11.0879189	11.16121217	10.91066701	11.16668464	10.91759214	NM_003150,NM_139276,NM_213662	0.978190448	0.228443654	0.978190448
ENSG00000169032	MAP2K1	620.141968580609	Q02750	mitogen-activated protein kinase kinase 1	MAP2K1	5604	9.881605022	20.646111	596	30.311995	1415	18.817789	701	29.374674	1075	1079.386898	0.235771996	1.288218806	0.263269334	0.16518352	1.387847391	10.24727811	31.535009	881	46.385975	1219	32.529991	1197	42.039108	1786	9.72738152	10.16536521	9.65439592	10.13450589	10.01552314	10.32301701	10.04158301	10.23845824	NM_002755	1.369573046	0.266997871	1.369573046
ENSG00000169967	MAP3K2	1.2990773985240511	Q9Y2U5	mitogen-activated protein kinase kinase kinase 2	MAP3K2	10746	10.64819311	10.307378	1250	9.467596	1857	10.87984	1703	10.172263	1564	1286.875984	3.42E-5	-1.656292784	0.163388701	8.37E-6	-4.455373693	9.920255983	8.439884	991	5.741636	635	7.954104	1230	6.641903	1186	10.45082429	10.50087259	10.49882503	10.56113002	10.21697763	9.87982852	10.16691183	9.99555373	NM_006609	16.11241609	0.045178645	-16.11241609
ENSG00000170312	CDK1	1423.1717661354924	P06493	cyclin dependent kinase 1	CDK1	983	8.575649737	11.524866	248	14.005878	470	13.050453	359	16.468056	443	959.784978	1.62E-6	4.031247452	0.392913032	3.08E-7	5.118757021	10.586878	34.147413	705	93.034503	1796	39.096744	979	99.923935	3131	8.84180243	9.05763053	8.92192969	9.19608289	9.62796343	10.51774537	9.67349219	10.59559991	NM_001170406,NM_001170407,NM_001320918,NM_001786,NM_033379	12.90955166	0.155793812	12.90955166
ENSG00000170345	FOS	NaN		AP-1 transcription factor subunit,Fos proto-oncogene	FOS	2353	5.199475562	0.718001	18	1.552466	61	1.477372	46	0.864303	27	28.19163854	0.027085842	-1.903500332	0.376211157	0.013570325	-2.468440408	4.295597364	0.791564	19	0.748512	17	0.791666	25	0.525507	19	4.61371703	5.22203444	5.06974193	4.80326738	4.62183994	4.57400723	4.61901798	4.37055545	NM_005252	3.331162861	0.27134014	-3.331162861
ENSG00000170836	PPM1D	NaN		Mg2+/Mn2+ dependent 1D,protein phosphatase	PPM1D	8493	8.534672275	5.366688	286	4.898959	423	6.032969	415	5.189176	351	298.4974268	1.7E-7	-1.641658435	0.128715157	2.76E-8	-5.556097711	7.821135633	3.772615	195	4.157414	202	3.213318	219	4.169689	328	8.33007391	8.37532321	8.43199979	8.42097402	7.9815259	8.03178156	7.85666132	8.037379	NM_003620	15.2948475	0.046652093	-15.2948475
ENSG00000171720	HDAC3	36.892530054008304	O15379	histone deacetylase 3	HDAC3	8841	10.065977	42.939384	932	35.226173	1237	39.73547	1113	34.912369	961	1009.281341	0.218909035	-1.132226276	0.124854556	0.151296176	-1.434968143	9.886681286	35.438904	745	45.299553	896	33.711689	933	43.315582	1384	10.07136987	10.02308142	10.00478498	10.01184598	9.84842798	10.02732455	9.80683273	9.99109486	NM_003883	5.97119964	0.030026749	-5.97119964
ENSG00000173039	RELA	NaN		NF-kB subunit,RELA proto-oncogene	RELA	5970	10.57157376	39.347429	1091	42.751929	1981	40.846022	1510	41.470966	1504	1579.489746	0.53606185	1.075617822	0.137727734	0.445120074	0.763575801	10.67698684	55.783423	1551	47.516503	1195	51.159827	1867	54.165928	2252	10.47203188	10.68921492	10.52993798	10.65811428	10.73675295	10.53768567	10.65865677	10.67072988	NM_001145138,NM_001243984,NM_001243985,NM_021975	1.021001582	0.103244776	1.021001582
ENSG00000173163	COMMD1	18.658441252784154	Q8N668	copper metabolism domain containing 1	COMMD1	150684	7.644105957	19.18903	159	17.588268	235	18.055494	192	19.692099	206	200.6960318	0.97117965	1.006836438	0.164639225	0.952392767	0.059702266	7.653614938	19.206781	154	25.918581	195	18.705189	197	24.320461	296	7.61115582	7.65311493	7.55754602	7.74223326	7.55360878	7.76989357	7.52980813	7.72034498	NM_001321781,NM_001321782,NM_152516	0.121916072	0.077996123	0.121916072
ENSG00000177189	RPS6KA3	93.288720963636	P51812	ribosomal protein S6 kinase A3	RPS6KA3	6197	9.952618803	9.080645	781	8.310181	1157	9.218263	1024	8.903204	971	1345.714487	2.59E-23	1.716402557	0.075888905	9.61E-25	10.27011735	10.73175439	17.357395	1446	17.945919	1406	17.757689	1947	18.337692	2323	10.08233314	10.12559153	10.09501197	10.17808164	10.57042112	10.57022028	10.58973999	10.59254735	NM_004586	18.28386469	0.042613288	18.28386469
ENSG00000177606	JUN	44.46251991891073	P05412	AP-1 transcription factor subunit,Jun proto-oncogene	JUN	3725	10.69032867	11.546902	428	53.936218	3235	11.209817	537	54.47953	2560	1320.282687	0.281549501	-1.672221872	0.583165716	0.203385617	-1.271964827	9.948639769	18.508608	665	30.817896	1041	18.260536	863	28.997019	1583	9.51122478	10.95592017	9.4903158	10.96094915	9.81710333	10.21395766	9.80478766	10.16384211	NM_002228	0.881254278	0.841628709	-0.881254278
ENSG00000179262	RAD23A	573.7783738390737	P54725	RAD23 homolog A,nucleotide excision repair protein	RAD23A	5886	10.67036191	60.842004	1218	67.521445	2200	55.34067	1451	64.246762	1636	2188.890029	4.39E-6	1.685921864	0.153394277	9.0E-7	4.912423645	11.42422539	116.770575	2270	138.683276	2545	109.199364	2801	129.30939	3830	10.74780347	10.95429751	10.68430373	10.90689018	11.23983556	11.36702487	11.1820247	11.30558892	NM_001270362,NM_001270363,NM_005053,NR_072976	5.888638848	0.128019989	5.888638848
ENSG00000179295	PTPN11	181.97356175760711	Q06124,Q06124-2	non-receptor type 11,protein tyrosine phosphatase	PTPN11	5781	11.18593638	30.799232	1983	30.393337	3309	27.178549	2347	21.926842	1709	3542.518728	1.12498E-4	2.04117284	0.246981717	3.07E-5	4.167913171	12.21532814	40.5529	2557	74.562539	4581	64.575331	5504	77.612438	7709	11.42310663	11.5650386	11.35380146	11.22744177	11.60012639	12.1395744	12.02978968	12.1796584	NM_001330437,NM_002834,NM_080601	7.312612412	0.140769359	7.312612412
ENSG00000180370	PAK2	1410.573328308495	Q13177	p21 (RAC1) activated kinase 2	PAK2	5062	11.32554714	28.67238	1963	28.870459	3199	28.850166	2550	28.895185	2509	3070.388349	0.001809288	1.392678398	0.14017567	6.51959E-4	3.409023443	11.8034639	40.796936	2706	53.886116	3362	41.024174	3582	53.12273	5357	11.36108194	11.48349378	11.36638538	11.48051887	11.59588488	11.80883693	11.59984957	11.79903635	NM_002577	6.994258752	0.068329866	6.994258752
ENSG00000183765	CHEK2	0.3711320743404486	O96017	checkpoint kinase 2	CHEK2	11200	5.543428525	1.177212	27	1.893676	68	2.147347	62	1.174497	34	79.35867507	7.01E-5	2.392648923	0.293689229	1.82E-5	4.285512022	6.808378971	3.401071	73	4.580481	93	4.124953	117	6.138947	201	5.64385735	6.02294499	6.01744594	5.71999597	6.30397029	6.52340142	6.46349368	6.77854243	NM_001005735,NM_001257387,NM_001349956,NM_007194,NM_145862	6.396053941	0.197770447	6.396053941
ENSG00000185386	MAPK11	NaN		mitogen-activated protein kinase 11	MAPK11	5600	5.159277633	0.675714	19	1.027224	46	0.889621	32	1.330837	46	26.22824067	0.009216215	-2.107193043	0.373874831	0.004025502	-2.8761564	4.063605644	0.405474	11	0.462816	12	0.521825	19	0.753264	31	4.57846852	4.94588676	4.74901894	5.12312337	4.26638813	4.3215962	4.39546355	4.57768194	NM_002751,NR_110887	4.634003959	0.236441746	-4.634003959
ENSG00000188130	MAPK12	NaN		mitogen-activated protein kinase 12	MAPK12	6300	6.912624445	3.773601	81	4.336436	150	4.879901	134	4.365504	118	133.4967907	0.143880517	1.215689803	0.167369054	0.09226753	1.683555885	7.194911497	5.861395	121	6.081329	118	5.721028	155	7.204374	226	6.81708101	7.02988549	7.0072411	7.02950254	7.09800697	7.10019623	7.07532941	7.24357171	NM_001303252,NM_002969	2.737749366	0.103109165	2.737749366
ENSG00000196396	PTPN1	560.9291721775753	P18031	non-receptor type 1,protein tyrosine phosphatase	PTPN1	5770	10.8374244	30.838069	1222	39.497825	2533	32.596249	1641	38.518724	1938	2469.963569	0.005494593	1.699658194	0.250529781	0.002254317	3.054505701	11.60278482	54.128008	2072	90.795414	3280	52.816614	2677	86.39107	5056	10.83319601	11.13810188	10.862154	11.11454976	11.22140523	11.64407416	11.20468363	11.6057875	NM_001278618,NM_002827	4.736164473	0.161599206	4.736164473
ENSG00000198793	MTOR	6.863849618357277	P42345	mechanistic target of rapamycin	MTOR	2475	9.776604703	6.231671	607	7.57958	1194	6.250925	786	7.467168	922	1065.833879	0.003045687	1.429741014	0.158810376	0.001163795	3.247607932	10.29296966	11.327666	1068	12.073493	1071	11.362966	1410	11.782027	1689	9.73956716	10.01667918	9.74211733	10.0004773	10.17887596	10.20576694	10.18065501	10.18690083	NM_004958	3.337363885	0.154722402	3.337363885
ENSG00000213341	CHUK	5.218629932884591	O15111	conserved helix-loop-helix ubiquitous kinase	CHUK	1147	8.631363367	6.915797	279	8.438297	551	6.095707	318	8.498774	435	546.6034781	0.002890793	1.756902959	0.249077193	0.001097787	3.264186885	9.444302116	12.018818	470	18.103085	666	12.533449	645	19.908138	1180	8.67286388	8.94631436	8.57770421	8.94887346	9.06457347	9.39466611	9.09936618	9.48121122	NM_001278,NM_001320928	4.276362932	0.190100504	4.276362932
ENSG00000213923	CSNK1E	6.144996262206817	P49674	casein kinase 1 epsilon	CSNK1E	1454	10.816527	51.669815	1609	41.704758	2102	45.055931	1812	40.703232	1607	1615.207751	0.004403126	-1.263782807	0.107971228	0.001759195	-3.128134684	10.47875585	42.657551	1287	40.028149	1136	44.784504	1779	37.752193	1732	10.81408273	10.75158666	10.69614236	10.72634825	10.58819241	10.50757384	10.62867692	10.46236081	NM_001894,NM_152221	6.740109774	0.050113598	-6.740109774
ENSG00000269335	IKBKG	NaN		inhibitor of nuclear factor kappa B kinase subunit gamma	IKBKG	8517	7.837762875	6.702305	167	7.391239	295	7.375656	241	6.767931	213	300.3513812	6.73E-6	1.620619981	0.144502613	1.43E-6	4.820299241	8.538892607	15.313877	363	12.850586	292	14.007514	440	12.330003	443	7.89544899	8.07641749	7.98209726	8.00738935	8.50671909	8.3412343	8.43368077	8.2899985	NM_001099856,NM_001099857,NM_001145255,NM_001321396,NM_001321397,NM_003639	9.376984617	0.074771343	9.376984617
