ABL1	10.85909265	10.54758773	10.8229175	10.80052128	10.43212696	10.34419772	10.40961649	10.40620234
CSNK2A1	11.38865827	11.36149185	11.4376387	11.35452178	11.32495622	11.35214219	11.38016412	11.38795236
JUN	9.51122478	10.95592017	9.4903158	10.96094915	9.81710333	10.21395766	9.80478766	10.16384211
PSMB8	8.62939179	8.30851705	8.62501893	8.20733866	9.28561086	8.96603879	9.21478735	9.0008445
EP300	10.06814332	9.95246848	9.97963155	9.8688416	10.32748851	9.91167961	10.27208568	9.87768157
GSK3B	10.7007353	10.62804171	10.72389264	10.6917195	10.33503625	9.95142719	10.33347286	9.9496478
RAF1	10.34421931	10.30397295	10.40395143	10.33236897	10.40674276	10.53627766	10.4184752	10.56229604
AKT1	10.87854288	11.12959373	10.84834298	11.09126581	11.00299793	11.10279088	10.97003065	11.08088504
CDC25B	10.58709179	10.19875855	10.87862956	10.21289957	11.19937527	10.9863583	11.21053185	10.91080473
SKP2	8.3996288	8.44801838	8.42139484	8.40802762	8.11575496	9.47960002	8.24740638	9.4728625
AKT2	10.26406313	10.27476987	9.91247431	10.22886086	10.28572051	10.39585486	9.94184629	10.00309398
ARAF	9.67406882	9.58216567	9.60633084	9.50498289	10.240188	10.03549422	10.15722626	9.97524408
MAP2K1	9.72738152	10.16536521	9.65439592	10.13450589	10.01552314	10.32301701	10.04158301	10.23845824
AXIN1	9.17920976	9.17704942	9.15677856	9.1542697	9.50191734	9.27747587	9.49416725	9.25399318
TCF7L2	9.49973486	9.24454137	9.50868294	9.24834715	9.56469269	9.19421432	9.50580412	9.1251201
CBL	9.58257436	9.71366567	9.63637409	9.71312177	9.60752279	9.67751253	9.62352724	9.67620153
CDC25A	6.17994489	7.33640364	6.37183813	7.29922861	7.58012417	8.93389866	7.70697159	8.91308668
CDK1	8.84180243	9.05763053	8.92192969	9.19608289	9.62796343	10.51774537	9.67349219	10.59559991
MAPK3	9.19183927	9.14190096	9.22009955	9.12044795	9.02287524	8.80751917	8.95134146	8.85374311
CDC25C	7.0103056	6.69419494	7.02930229	6.64423715	7.59931277	8.00383669	7.464584	8.08129419
CDC34	8.43606479	8.52669179	8.54007837	8.50053882	9.21996258	9.08470139	9.13199201	9.04094956
NFKBIA	10.09398643	9.73743005	10.11294115	9.70220348	10.52698189	10.2534076	10.54377633	10.18045918
CDC37	10.93103214	11.19182247	10.88847992	11.13534179	11.41560169	11.74081143	11.37910807	11.70449286
CDC42	11.78085524	12.11604238	11.68270323	12.17084603	12.06304654	12.24905114	12.1032987	12.30657688
PAK1	8.38469107	8.5482541	8.54760241	8.52562094	8.27265258	8.57833707	8.27846002	8.53643499
CDH1	4.14705392	4.1438827	3.85485867	3.64686165	6.33644409	4.28987751	6.47683617	4.16861082
CSNK2B	11.16831466	11.16917804	11.12929753	11.12269624	11.38187038	11.42388568	11.37469204	11.36577617
UBA1	12.52368142	12.81849126	12.47336406	12.79123872	12.55714783	12.53626796	12.54790718	12.51116537
CDK6	9.84542369	10.36969223	9.88159711	10.52587356	10.1461377	10.51827644	10.22694147	10.54049906
PKN1	10.82171797	10.98295128	10.81915105	10.90958814	11.81353649	11.22925523	11.7795584	11.22327694
RB1	10.63176759	10.76135859	10.62856068	10.83926609	10.3151539	10.57921904	10.24442557	10.59460606
RELA	10.47203188	10.68921492	10.52993798	10.65811428	10.73675295	10.53768567	10.65865677	10.67072988
CHEK1	9.00929659	9.00020139	8.95421678	9.10290123	9.28040524	9.85249514	9.18937548	9.91402203
CHEK2	5.64385735	6.02294499	6.01744594	5.71999597	6.30397029	6.52340142	6.46349368	6.77854243
CHUK	8.67286388	8.94631436	8.57770421	8.94887346	9.06457347	9.39466611	9.09936618	9.48121122
CREBBP	10.7463486	10.47008504	10.68657144	10.43364564	10.54136875	10.23342861	10.51466271	10.2621034
COMMD1	7.61115582	7.65311493	7.55754602	7.74223326	7.55360878	7.76989357	7.52980813	7.72034498
CSNK1G1	7.79986671	9.08451358	8.97665598	9.16487955	8.6536129	8.5226571	8.70506757	8.66710516
JAK2	7.31692265	7.07345544	7.33815956	7.16534544	6.34367598	6.23601887	6.5299317	6.50305283
CTGF	11.97945085	13.27857871	12.00871186	13.32952741	11.40871824	11.63569728	11.4136699	11.6266741
CUL1	10.36339365	10.4090537	10.36480139	10.4626912	10.52036151	10.87225622	10.51443425	10.86101828
RBX1	8.03549094	8.50216823	8.14941286	8.5036416	7.9504034	8.31665531	8.01300277	8.39884128
CUL2	9.72807092	9.88708035	9.77446669	9.94409698	10.00468357	10.37414165	10.08318839	10.25628083
ELOC	8.98425056	9.21462093	9.04268828	9.28297236	9.13252661	9.45703732	9.14889799	9.4929855
HIF1A	13.03836478	13.52448462	13.00735538	13.52468219	13.64878661	13.40243802	13.72784409	13.42780909
CUX1	10.47328641	10.30355836	10.39369302	10.25060281	10.60817023	10.14534101	10.54043626	10.05539697
DCUN1D1	9.4349147	9.29534594	9.43008231	9.37496973	9.23186642	9.30765201	9.30699935	9.39314864
DKK1	12.68902219	12.9160377	12.69395964	12.90349912	11.9934999	12.2428136	11.99032888	12.26843577
PRKCA	11.35004456	11.659721	11.33083334	11.6093591	11.17744335	11.19331986	11.13379557	11.20085473
DUSP3	9.5909708	10.33201799	9.65460376	10.29042162	10.04662149	9.98004905	10.01120912	9.95336794
DUSP4	10.3413283	11.06230949	11.28184417	11.10574481	11.82779103	11.17782567	11.06212977	11.18379372
MAPK1	11.04388966	11.19875118	11.12124377	11.22272887	10.93552864	11.01103932	10.94906267	11.07718612
DVL2	9.38237398	9.31548106	9.41781499	9.33722771	9.41404689	9.38463088	9.46423581	9.39753701
EGFR	11.28517709	11.31796053	11.2861289	11.27624889	12.0248955	11.59971321	11.97651499	11.60006279
SRC	9.73437385	10.03812873	9.72083803	9.99156404	9.50763235	9.05630157	9.48725203	9.08254957
VHL	10.19789945	9.69242183	10.27114775	9.67096005	10.17254431	9.67122254	10.18049654	9.79845994
MYC	10.55076384	11.1444151	10.5375165	11.12568133	12.10482258	11.61161424	12.08154383	11.61940188
FGFR3	3.76902014	4.56058346	3.50291005	4.62843161	3.64414214	4.06822889	3.24689287	4.12423436
MAP3K7	10.22143267	10.2832806	10.24771641	10.28349323	9.6079233	9.7192143	9.64445311	9.74824177
PLCG1	11.0478408	10.85220329	11.01380184	10.85010971	10.25959385	10.52537521	10.25939268	10.50868558
RPS6KA3	10.08233314	10.12559153	10.09501197	10.17808164	10.57042112	10.57022028	10.58973999	10.59254735
FMR1	9.7627142	9.5487207	9.71412127	9.59019302	9.82721574	9.8534095	9.86640037	9.83065795
SIRT1	9.29614651	9.10003356	9.2423019	9.05779351	9.24806155	9.08758221	9.29826084	9.15962424
HTT	9.34826983	9.5741537	9.47305736	9.51119516	9.52794262	9.51279795	9.48019408	9.38484523
KAT2B	9.19651094	8.63394133	9.21077291	8.57903217	8.4250292	8.74178568	8.4714171	8.72809997
IKBKB	9.23675073	8.96562293	9.28267431	8.87894548	8.82618037	8.60941396	8.74154135	8.53120658
BTRC	8.9164488	8.63234052	8.85294924	8.72043787	8.99576711	8.95094391	8.92190577	8.87744983
GTF2I	11.49948504	11.18143893	11.51530025	11.19379179	11.02050142	10.86139892	11.03196624	10.84796036
BRCA1	7.74137832	8.41064061	7.71826089	8.39067292	8.71725282	9.19989328	8.68584283	9.23595486
CDK2	8.68940339	9.32407253	8.71446656	9.26227996	9.21137908	9.81706292	9.20685692	9.81679027
HDAC1	10.27621179	10.24065107	10.29062739	10.1848361	10.34472478	10.51494774	10.2936916	10.4585582
PML	10.27316284	10.03154362	10.40642291	9.83881655	10.22624604	9.96084042	10.08799152	9.95501829
SHC1	13.43076384	13.44123841	13.39208375	13.43826975	12.55026297	12.1101596	12.555828	12.11190504
TBP	7.94811514	8.22054071	8.03571044	8.25123545	8.31327385	8.71983357	8.30999468	8.80213084
TP53	9.97207858	9.96825343	9.95442374	9.92550264	10.68878512	10.16467823	10.69670021	10.17786866
ICAM1	7.65122162	7.56868455	7.71353966	7.61077074	11.03722969	9.58870341	11.01765483	9.6237532
MAPK14	10.16160359	9.97673021	10.38359303	10.23554168	10.70327976	10.85405259	10.83525762	10.59174235
MAPK8	8.71634634	8.55622329	8.97760584	8.72826151	8.83517727	8.91899786	8.64383427	9.177832
MAP2K4	9.4875393	9.33299079	9.52568955	9.55409636	9.601479	9.62524534	9.80216632	9.61966527
MAP2K6	4.69484459	4.56320612	5.03422882	4.35759111	3.82922972	3.78459663	3.96723664	3.64993524
MAPK12	6.81708101	7.02988549	7.0072411	7.02950254	7.09800697	7.10019623	7.07532941	7.24357171
MAP2K7	9.13517556	8.9816762	9.21396519	8.86305288	9.29999049	9.19312932	9.32233906	8.89483733
MAPK9	9.96533176	10.17793985	10.00779312	10.15383302	9.7959196	9.9697139	9.79101229	10.01275665
MAP3K2	10.45082429	10.50087259	10.49882503	10.56113002	10.21697763	9.87982852	10.16691183	9.99555373
MAP3K5	8.51469233	7.98635496	8.55637152	7.848473	8.86752866	8.2561307	8.87833954	8.18102099
NLK	8.19819724	8.16536599	8.25113082	8.13332488	7.89540436	8.01435635	7.90327546	7.93418003
PKMYT1	6.77574067	7.76160925	6.55481153	7.77084369	8.19217128	8.62245768	8.12914122	8.71598566
MAPKAPK2	11.0966287	11.33148878	11.09156519	11.30652199	11.01113273	10.89588309	10.9425122	10.87189513
RPS6KA5	5.53974127	5.26930965	5.61666148	5.17583249	6.39561298	6.38122616	6.66840521	6.63123771
RPS6KB1	9.79299284	9.57331586	9.77243397	9.59265082	9.70243193	9.74964236	9.7478607	9.77384874
CAV1	13.46469995	14.61726313	13.47895337	14.62652028	13.38576478	13.76437854	13.39809723	13.76861426
CCNA2	9.43504029	9.6184628	9.46721705	9.69737369	10.16107704	11.31565242	10.18241097	11.3429333
CKAP5	11.59043415	11.60229482	11.61102713	11.55107943	11.98959295	12.4180547	11.97429651	12.42422611
DDX5	13.14557523	12.92131724	13.17561105	13.01852924	12.60211701	13.01686043	12.80060385	13.04489835
PIAS1	10.08320282	9.90076822	10.11744676	9.74628329	9.48901681	9.5292538	9.50232263	9.38705458
PIAS3	10.99523946	10.95969201	11.0008895	10.91598163	10.24354568	10.10997313	10.23908586	10.15555486
PIAS4	7.49549869	7.7896556	7.58069469	7.78058582	8.03310377	8.15059004	7.92716834	8.0930438
SMAD2	10.24176312	10.30750263	10.25837905	10.36287045	10.15824296	10.09732286	10.15780371	10.0876274
SNRPA	9.75202706	9.78450351	9.71683578	9.74622355	10.12556361	10.41144302	10.11868186	10.41470817
TFAP4	7.52318843	7.60586481	7.51175698	7.42586155	8.47025622	8.20309121	8.34794157	8.23789744
CDKN1A	11.0819773	11.48880317	11.04156746	11.45238044	10.26198327	10.31263049	10.23178914	10.29359336
NFIC	12.27759231	11.86832921	12.22256583	11.88756845	11.88399077	11.85509844	11.36339505	11.42473093
RRM2B	11.12655433	11.23575196	11.36542262	11.25673222	9.56644764	9.48425572	9.58132795	9.47455738
THBS1	15.45249938	16.21707651	15.43614128	16.20112804	14.3151753	14.81372325	14.30416934	14.79853568
NEK7	10.94887438	11.51893269	11.03882087	11.61672098	10.28918326	10.4802483	10.38992847	10.52189424
ITGA5	13.01061773	13.47599514	13.00834365	13.45478643	13.55139312	12.85971688	13.54551031	12.85344874
NFKB1	9.67779626	9.69321036	9.64997235	9.72161431	9.56733765	9.66154718	9.59693087	9.61640339
FN1	18.94257055	19.28480228	18.95136008	19.36209801	16.03336269	15.68769406	16.02121845	15.69558416
NFYC	9.0805088	9.01698968	9.01202338	8.94051206	9.15241584	9.20952835	9.16891376	9.15908585
OGT	10.99144737	10.60052344	11.01716669	10.51502322	11.0400896	10.63863733	11.04957979	10.64859566
TAB1	8.85970536	8.62370483	8.78856072	8.56270816	8.35603095	8.2286231	8.24842248	8.21770727
PAK2	11.36108194	11.48349378	11.36638538	11.48051887	11.59588488	11.80883693	11.59984957	11.79903635
MAPK6	10.48095161	10.7359147	10.48537254	10.76720252	10.468852	10.49150714	10.52795693	10.52223839
UBE2I	10.89490648	11.03916505	10.9187955	11.0398641	11.06162004	11.21545846	11.08250782	11.23783185
PIAS2	8.58828233	8.68986762	8.53795246	8.75589168	8.38709927	8.61681179	8.43424567	8.55831019
PKM	14.78716336	15.39330997	14.77473115	15.36667435	14.64335283	14.77712492	14.64193722	14.75892646
PPM1D	8.33007391	8.37532321	8.43199979	8.42097402	7.9815259	8.03178156	7.85666132	8.037379
PRKDC	11.23236789	11.769263	11.29608238	11.874774	11.75744817	11.93956047	11.78745436	11.95155572
PRMT5	10.13985826	10.43718693	10.14854429	10.46466073	11.10898263	11.4133153	11.10619933	11.39409242
PSMC2	10.23648384	10.62784236	10.21513438	10.63707867	10.5184928	10.99443436	10.51537066	10.98453108
RAC1	12.26842726	12.47338628	12.28740856	12.48960681	12.56158651	12.4974218	12.56530226	12.53454517
RAD23A	10.74780347	10.95429751	10.68430373	10.90689018	11.23983556	11.36702487	11.1820247	11.30558892
PRKACA	10.78332729	11.06922727	10.81910769	10.99734451	10.6516871	10.7209326	10.62004651	10.6883914
YWHAG	11.71411147	12.05183254	11.70460116	12.06211787	11.9872726	12.04021861	11.9833465	12.06795017
RICTOR	9.9823742	9.51543287	9.77201843	9.60725473	10.35277744	9.81316195	10.42199945	9.84729376
ROMO1	8.08492671	8.45868619	8.23741978	8.47077931	8.62255559	8.62771289	8.54990124	8.47695403
STK11	9.38060554	9.12925972	9.31348899	9.07929348	9.5390478	9.44084595	9.48248334	9.35769019
SKP1	12.34066483	12.45630782	12.29349807	12.42717934	11.84743579	11.99634071	11.83377047	11.99262873
STAT3	10.56428801	10.96178244	10.96925717	11.0879189	11.16121217	10.91066701	11.16668464	10.91759214
STAU1	12.17621742	12.05222737	12.16684647	12.0440471	11.91417429	11.85109598	11.92818255	11.86853169
TARDBP	11.09749294	11.23854623	11.11431223	11.27276263	11.02218871	11.61610174	11.07957736	11.66443952
ANXA1	12.53572044	12.52835018	12.5116432	12.51662501	12.69916974	12.93889502	12.68756295	12.89386241
USP4	9.54606892	9.63028335	9.4643837	9.58806101	9.4570424	9.43962609	9.47615042	9.47845513
SREBF2	11.01247766	11.37912686	10.98116416	11.35441178	11.31700445	10.47658705	11.27224538	10.36692905
HMGCR	9.45492448	10.5906976	9.47739431	10.55739272	9.68844872	9.85752455	9.75403195	9.5473764
MVK	7.16395746	8.22749941	7.16158847	8.24418924	7.94026283	7.90984504	7.86944861	7.85896232
PMVK	7.81885103	8.14555835	7.78848557	8.13657027	7.86935154	7.74863493	7.95057324	7.89242724
MVD	8.03917649	9.30026287	8.00944628	9.25267862	8.019997	7.7317093	8.03687171	7.71003128
FDPS	10.54508479	10.98102618	10.55953613	11.02173918	10.53165125	10.54864475	10.47901827	10.49880034
RHOA	12.23696881	12.64192256	12.31839757	12.66071983	12.33631176	12.29629639	12.86848139	12.32642896
VDR	8.73621682	9.03996949	8.63267301	9.04224851	8.62906473	8.74306202	8.59779342	8.72455881
CCNG2	9.91295671	9.23919459	9.92632315	9.28975042	9.16623711	7.94878423	9.19646467	8.02880686
WNT5A	10.57211025	10.20408964	10.54795489	10.1873721	7.27943098	7.05354835	7.32592828	6.98595373
HMGB2	9.91809532	9.98461532	9.87919582	9.94756437	10.22086237	10.98643031	10.23233193	10.96574341
PRPF40A	11.31444021	11.51784046	11.35113543	11.54506908	11.35622463	11.71159423	11.40115332	11.72312025
TOP2A	11.5407135	11.49095104	11.55324402	11.49959731	12.20034291	13.02230899	12.2156097	13.04255429
COL13A1	5.40226199	5.61880403	5.21570547	5.53804622	8.15579664	8.67591491	8.18360183	8.55843161
LRP1	12.25790566	12.36783409	12.24300592	12.30465683	10.67985237	9.39141131	10.67754902	9.40065456
SRPK1	10.74743399	10.84500911	10.74365711	10.88548367	11.87608559	12.22525628	11.921514	12.26711277
SKIL	10.80202847	10.87285809	10.80556156	10.89499846	9.2880175	9.00465439	9.41503211	8.7784494
BUB1	8.9960703	9.04342394	8.93765768	9.05557321	10.00518402	11.00037269	10.00685052	10.92700709
SOCS5	9.60645435	9.48981103	9.62650445	9.47398238	9.03827405	8.91167396	9.05504101	8.92016503
MOCOS	8.29443636	8.26047913	8.18833719	8.25063102	9.32645004	8.57788754	9.17644178	8.53344322
AURKA	9.06755978	9.10139478	9.11889841	9.039134	10.07625999	11.02582441	10.15813787	11.02671988
SNRPD2	10.59353171	10.74058637	10.60489281	10.77141464	10.99173566	11.18332437	11.00410427	11.22773435
TPX2	10.89827039	11.02495845	10.92312064	11.01511735	11.68788875	12.50099707	11.71174006	12.49368163
FZR1	9.12887067	9.13063428	9.0472747	9.15327602	8.89533442	9.02024033	8.91854663	9.06959062
SCAMP1	10.04079255	9.7407978	9.74213443	10.10534046	10.19825745	9.89009502	9.83877455	9.97635128
NMT2	8.94613929	8.9160474	8.93749042	8.91355049	9.65300019	9.65894605	9.72081263	9.69680955
MAD2L1	7.96340402	8.19647232	7.73992993	8.37509759	8.75147618	9.67345214	8.73933096	9.818766
PTTG1	8.81681835	8.61920749	8.88267466	8.64621033	9.25233015	10.15987413	9.2527537	10.18967943
HMGA2	11.59934121	11.70685274	11.61503329	11.71709181	10.15414979	10.44031877	10.12957795	10.42903337
NDC80	7.80829626	7.90750378	7.83775803	7.87397925	8.62731661	9.50133149	8.52874152	9.47593791
TGFA	6.88908722	7.02221148	6.72261055	7.04452954	9.32585269	9.4901994	9.39043472	9.47736127
CDC27	11.06938564	11.29644547	11.04638779	11.40636077	11.50823977	11.69663097	11.53290035	11.74238342
IL4R	8.78784073	8.84978143	8.81743038	8.83653609	9.35751193	9.31431635	9.34653027	8.96390291
TAF1B	8.19924971	8.24748072	8.23208645	8.25191474	8.78935208	9.06723578	8.8529473	9.09869806
CDC20	9.14836294	9.06764215	9.15691568	9.0057433	9.86725022	11.07816171	9.78547988	11.03023357
CDC16	10.00697232	10.17283738	10.03865946	10.19505609	9.85327127	9.94292969	9.84810063	9.91631332
SNRNP70	10.64794651	10.76371073	10.56607021	10.66002781	10.64192618	11.23527411	10.64734982	11.04056909
GRB2	10.20814416	10.40950107	10.21678974	10.41790042	9.98994957	10.59601482	10.35021535	10.62040913
ARIH2	10.15449929	10.06499354	10.09104274	10.04918979	10.35042054	10.33301576	10.31389641	10.36017496
BRAF	7.39768079	7.29180005	7.50655158	7.31912852	7.79811997	7.4909092	7.72919646	7.44341041