AP2B1	12.72866696	12.7276129	12.74719049	12.75105895
ARIH2	10.35042054	10.33301576	10.31389641	10.36017496
BARD1	7.88223107	8.47075703	7.94743922	7.7825446
DAG1	10.25124861	10.37193744	11.32354968	11.30215898
ETV5	10.10490452	9.77030287	10.12461061	9.78034487
FOXM1	10.02164228	10.93597817	9.95200219	10.91678859
GIPC1	10.30813799	10.29359827	10.25603303	10.27194053
HDAC2	11.03855618	11.35103343	11.08352183	11.37426524
JAK2	6.34367598	6.23601887	6.5299317	6.50305283
JUN	9.81710333	10.21395766	9.80478766	10.16384211
JUNB	10.26015551	9.69956163	10.16423324	9.65692879
NMT2	9.65300019	9.65894605	9.72081263	9.69680955
PAG1	9.15013242	9.23986025	9.30423676	9.18961837
PIK3R2	10.46675306	10.35930024	9.82303109	10.32941663
PLD2	7.91422873	7.91918326	8.01235764	7.87449055
RAD21	11.95331291	12.26908502	12.01261665	12.31487523
RHOA	12.33631176	12.29629639	12.86848139	12.32642896
RRAS2	9.75051592	10.06071064	10.24367723	10.13469294
SCAMP1	10.19825745	9.89009502	9.83877455	9.97635128
SMAD3	10.99311225	10.69881717	10.94045668	10.70611673
SMAD4	9.96282582	9.74476197	9.94157407	9.8086556
SMAD5	10.47454504	10.6473755	10.47602149	10.40135175
SMAD9	4.60658159	4.80633795	4.43802576	4.79845468
SMURF2	10.86958501	11.28321504	10.93905955	11.33823342
SNAP29	9.45329029	9.4612066	9.46507202	9.38818545
SNRNP70	10.64192618	11.23527411	10.64734982	11.04056909
SNRPA	10.12556361	10.41144302	10.11868186	10.41470817
SNRPD2	10.99173566	11.18332437	11.00410427	11.22773435
SNX9	10.25292247	9.87355586	10.21774327	9.81707048
SOCS1	4.7088943	4.65759669	4.25560644	4.60628129
SOCS3	8.87651932	8.45848269	8.82349266	8.52680467
SOCS5	9.03827405	8.91167396	9.05504101	8.92016503
SOS1	9.96803257	9.80517762	9.9379693	9.82105375
SP1	10.56652875	9.78890497	9.57564539	10.42834918
SPARC	8.8435951	9.12094925	8.90041195	9.12432518
SPTAN1	12.15378334	12.22324192	12.14891448	12.20115864
SRPK1	11.87608559	12.22525628	11.921514	12.26711277
SRRM1	10.78367306	11.20116814	10.74823875	11.18251346
STAT1	11.15477818	11.09370049	11.19357351	11.12545324
STAT5A	7.54955227	6.99883815	7.44827386	7.03575956
STAT5B	9.15964698	9.07367364	9.14245301	9.12626537
STUB1	9.74528197	9.77513806	9.6818878	9.73762327
STX1A	8.21976335	8.21013704	8.26000096	8.13847623
STX6	9.73951034	9.63436671	9.83488934	9.61040654
SVIL	10.98048572	10.72729114	10.96426219	10.70612126
TACC1	10.56340241	10.8187512	10.50536345	10.82101978
TACC3	9.41865724	10.32993345	9.38020148	10.32806579
TAF12	7.15977846	6.59399321	7.16454653	6.61137625
TAF1B	8.78935208	9.06723578	8.8529473	9.09869806
TAF9	10.23613991	10.22308699	10.28641004	10.25393128
TBL1X	10.01154219	9.69345637	10.00111721	9.71179022
TBP	8.31327385	8.71983357	8.30999468	8.80213084
TEC	5.84311408	5.97040161	5.8780089	6.12618128
TFDP1	10.67195918	11.21086817	10.6586108	11.23188117
TGFA	9.32585269	9.4901994	9.39043472	9.47736127
TGM2	11.80233972	12.58780832	12.46111598	12.60762539
THBS1	14.3151753	14.81372325	14.30416934	14.79853568
TJP1	11.10871247	11.10744641	11.16836217	11.17866292
TNIK	5.04721362	5.21305524	5.15959474	5.26919769
TNK2	8.51793913	8.54859576	8.59566871	8.48196314
TOM1L1	9.63950644	9.11776982	9.57932714	9.13221558
TOP2A	12.20034291	13.02230899	12.2156097	13.04255429
TPR	11.68570337	11.89113192	11.69653166	11.89382698
TPX2	11.68788875	12.50099707	11.71174006	12.49368163
TRIM24	9.340546	9.57720046	9.35401097	9.5812211
TRIM33	10.30129323	10.26024313	10.3189487	10.32928844
TRIOBP	10.06868671	9.6814374	9.93770481	9.67818635
TSG101	10.11026542	10.00764603	10.11527357	10.07373917
TUBA4A	9.36873433	8.47021997	8.54295777	8.74117581
TUBB	14.07600163	14.58847596	12.63741629	13.00808277
UBC	13.95186934	13.61958045	13.86948428	13.61659398
USP8	9.86549176	9.85766519	9.91653853	9.80456002
VASP	10.49427629	10.62696946	10.46850771	10.61523965
WWOX	5.65176789	5.87959298	5.66249881	5.72020969
YWHAB	13.3396894	13.43230584	13.34889983	13.44756326
YWHAG	11.9872726	12.04021861	11.9833465	12.06795017
ZHX1	9.80518896	10.13943687	9.83498795	10.14476536