ACTN4	13.61880009	13.55995571	13.57481754	13.53937094
ADAM9	12.61122305	12.57029723	12.59126617	12.5620578
ANAPC10	7.52516881	7.8824807	7.58831367	7.69222
ANXA6	11.71193566	11.30040006	11.59762414	11.37562362
AP2A1	11.01794368	10.921852	10.97507343	10.91691861
AP2B1	12.72866696	12.7276129	12.74719049	12.75105895
APBB1	7.19513433	7.00140047	7.13745509	7.06559095
ARID3A	6.33771284	6.46256193	6.44157367	6.52328473
ARIH2	10.35042054	10.33301576	10.31389641	10.36017496
BACE1	9.9773937	10.07567667	9.93367302	10.03131088
BARD1	7.88223107	8.47075703	7.94743922	7.7825446
BCAR1	10.11087255	10.2208811	10.07908717	10.17331724
BGN	7.10972577	7.01833752	7.11089048	6.99693186
CABLES2	8.39778191	8.63202306	8.49740539	8.62751277
CASP1	6.57178986	6.34494247	6.72367475	6.300532
CDC16	9.85327127	9.94292969	9.84810063	9.91631332
CDK5	7.56923872	7.52417779	7.51247675	7.49632838
CRK	10.4234663	10.44918768	10.42383714	10.49163712
CRKL	10.09717716	10.20842569	10.10030178	10.25211171
DAG1	10.25124861	10.37193744	11.32354968	11.30215898
DDX5	12.60211701	13.01686043	12.80060385	13.04489835
DOK4	6.15791153	5.68781358	6.11825568	5.4671579
ETV5	10.10490452	9.77030287	10.12461061	9.78034487
EVL	7.97648286	8.00211513	7.9729007	8.03989987
FGF13	3.00987819	3.10568611	2.95043689	3.16202414
FOXM1	10.02164228	10.93597817	9.95200219	10.91678859
FZR1	8.89533442	9.02024033	8.91854663	9.06959062
GIPC1	10.30813799	10.29359827	10.25603303	10.27194053
GOPC	9.79061878	9.89439777	9.82768752	9.9530483
GORASP1	8.45803744	8.45165508	8.51826816	7.97271681
GRB2	9.98994957	10.59601482	10.35021535	10.62040913
HABP4	8.04400952	8.41226932	8.03608587	8.2964582
HDAC2	11.03855618	11.35103343	11.08352183	11.37426524
HIPK3	9.8241894	9.52019235	9.86923461	9.47130141
HTRA2	8.38010736	8.59369344	8.35386538	8.46731492
IL4R	9.35751193	9.31431635	9.34653027	8.96390291
IL7R	9.0314193	9.06891326	8.97700825	9.07639596
IRS2	10.17817866	10.02709852	10.14324759	10.08837843
JAK1	11.28261449	10.86107994	11.02074389	10.61967495
JAK2	6.34367598	6.23601887	6.5299317	6.50305283
JUN	9.81710333	10.21395766	9.80478766	10.16384211
JUNB	10.26015551	9.69956163	10.16423324	9.65692879
KAT5	9.28447999	9.20178615	9.23595629	9.20407736
KLHL12	8.77377653	8.85159291	8.85565328	8.87093308
KRT8	12.0675278	12.17475658	12.05706877	12.137665
LIMK2	7.76645969	8.06550382	7.62149722	8.13127136
LYN	8.92614604	9.08607647	8.47763395	9.06736111
MAD2L1	8.75147618	9.67345214	8.73933096	9.818766
MAD2L2	8.50951978	8.67585363	8.46922819	8.77190986
MAPKAPK5	8.83280253	8.95641558	8.78773933	8.9044669
MBP	9.91298894	9.51131775	9.95511097	9.53335832
MED28	8.57286689	8.6348309	8.62530813	8.73601978
MEX3B	4.92738677	5.12127165	4.72995804	4.93022487
MSN	13.79466094	13.77922648	13.78694212	13.76088492
NCK1	9.14797554	8.83693107	9.20448989	8.83311243
NCL	13.69724261	14.12454295	13.66318859	14.09926179
NCOR1	11.29151397	11.17951467	11.35427514	11.17539408
NCOR2	11.46535265	11.35995243	11.4132841	11.30437281
NDC80	8.62731661	9.50133149	8.52874152	9.47593791
NFKB1	9.56733765	9.66154718	9.59693087	9.61640339
NMT2	9.65300019	9.65894605	9.72081263	9.69680955
NUF2	8.56345196	9.61524324	8.50136887	9.57536964
PAG1	9.15013242	9.23986025	9.30423676	9.18961837
PARD3	10.29072543	10.21539942	10.32320063	10.25069732
PBK	8.79236766	10.08881214	8.7880002	10.03369095
PFN2	9.47354285	9.67072856	9.48993667	9.80293633
PIAS3	10.24354568	10.10997313	10.23908586	10.15555486
PIK3R2	10.46675306	10.35930024	9.82303109	10.32941663
PIN1	8.80803997	8.96734757	8.68968131	8.96339169
PKIA	5.65494007	5.89125805	5.34298079	5.82278875
PLCG1	10.25959385	10.52537521	10.25939268	10.50868558
PLD2	7.91422873	7.91918326	8.01235764	7.87449055
PLSCR1	9.54934704	9.22648033	9.57313317	9.23685834
PML	10.22624604	9.96084042	10.08799152	9.95501829
PPM1D	7.9815259	8.03178156	7.85666132	8.037379
PPP2CA	11.34045496	11.64246657	11.33779714	11.7134389
PPP2R5A	9.1848166	9.28005244	9.23726497	9.3111027
PRKACA	10.6516871	10.7209326	10.62004651	10.6883914
PRKCA	11.17744335	11.19331986	11.13379557	11.20085473
PRKCZ	7.92698501	7.39577089	7.99675569	7.4817941
PSEN1	10.29389048	10.16786843	10.60117365	10.1903901
PSMC2	10.5184928	10.99443436	10.51537066	10.98453108
PTK2	11.73459361	11.7477872	11.75604363	11.77968769
PTPN11	11.60012639	12.1395744	12.02978968	12.1796584
PTPRA	10.91843635	10.73143336	10.89294707	10.77021842
PTPRF	11.50510809	11.80298776	11.45904896	11.79982177
PXN	12.47787259	12.54591853	12.44455382	12.5041419
RAD21	11.95331291	12.26908502	12.01261665	12.31487523
RAD51	6.46586455	7.50810053	6.95435288	7.70676034
RASGRF1	7.12270635	6.51918939	7.14474432	6.42009375
RASSF1	7.51649741	8.00675802	7.41175882	7.93661342
RFWD2	8.94021202	8.97746135	8.95689957	9.00917447
RHOA	12.33631176	12.29629639	12.86848139	12.32642896
RHOD	8.21457978	7.81714488	8.18894909	7.89902454
RRAS2	9.75051592	10.06071064	10.24367723	10.13469294
RRM2B	9.56644764	9.48425572	9.58132795	9.47455738
SCAMP1	10.19825745	9.89009502	9.83877455	9.97635128
SERBP1	12.46853488	12.9121448	12.43444842	12.74501211
SET	12.38478774	12.60626996	12.35371094	12.59809305
SETDB1	8.9190341	8.79741655	9.05933083	8.77564063
SH3D19	10.45694621	10.09182468	10.45794767	10.12815366
SH3YL1	6.97993139	6.74865522	7.15218381	6.66482374
SHC1	12.55026297	12.1101596	12.555828	12.11190504
SKIL	9.2880175	9.00465439	9.41503211	8.7784494
SLC9A3R1	9.30184247	9.2403478	9.24942654	9.20364743
SMAD3	10.99311225	10.69881717	10.94045668	10.70611673
SMAD4	9.96282582	9.74476197	9.94157407	9.8086556
SMAD5	10.47454504	10.6473755	10.47602149	10.40135175
SMAD9	4.60658159	4.80633795	4.43802576	4.79845468
SMURF2	10.86958501	11.28321504	10.93905955	11.33823342
SNAP29	9.45329029	9.4612066	9.46507202	9.38818545
SNRNP70	10.64192618	11.23527411	10.64734982	11.04056909
SNRPA	10.12556361	10.41144302	10.11868186	10.41470817
SNRPD2	10.99173566	11.18332437	11.00410427	11.22773435
SNX9	10.25292247	9.87355586	10.21774327	9.81707048
SOCS1	4.7088943	4.65759669	4.25560644	4.60628129
SOCS3	8.87651932	8.45848269	8.82349266	8.52680467
SOCS5	9.03827405	8.91167396	9.05504101	8.92016503
SOS1	9.96803257	9.80517762	9.9379693	9.82105375
SP1	10.56652875	9.78890497	9.57564539	10.42834918
SPARC	8.8435951	9.12094925	8.90041195	9.12432518
SPTAN1	12.15378334	12.22324192	12.14891448	12.20115864
SRPK1	11.87608559	12.22525628	11.921514	12.26711277
SRRM1	10.78367306	11.20116814	10.74823875	11.18251346
STAT1	11.15477818	11.09370049	11.19357351	11.12545324
STAT5A	7.54955227	6.99883815	7.44827386	7.03575956
STAT5B	9.15964698	9.07367364	9.14245301	9.12626537
STUB1	9.74528197	9.77513806	9.6818878	9.73762327
STX1A	8.21976335	8.21013704	8.26000096	8.13847623
STX6	9.73951034	9.63436671	9.83488934	9.61040654
SVIL	10.98048572	10.72729114	10.96426219	10.70612126
TACC1	10.56340241	10.8187512	10.50536345	10.82101978
TACC3	9.41865724	10.32993345	9.38020148	10.32806579
TAF12	7.15977846	6.59399321	7.16454653	6.61137625
TAF1B	8.78935208	9.06723578	8.8529473	9.09869806
TAF9	10.23613991	10.22308699	10.28641004	10.25393128
TBL1X	10.01154219	9.69345637	10.00111721	9.71179022
TBP	8.31327385	8.71983357	8.30999468	8.80213084
TEC	5.84311408	5.97040161	5.8780089	6.12618128
TFDP1	10.67195918	11.21086817	10.6586108	11.23188117
TGFA	9.32585269	9.4901994	9.39043472	9.47736127
TGM2	11.80233972	12.58780832	12.46111598	12.60762539
THBS1	14.3151753	14.81372325	14.30416934	14.79853568
TJP1	11.10871247	11.10744641	11.16836217	11.17866292
TNIK	5.04721362	5.21305524	5.15959474	5.26919769
TNK2	8.51793913	8.54859576	8.59566871	8.48196314
TOM1L1	9.63950644	9.11776982	9.57932714	9.13221558
TOP2A	12.20034291	13.02230899	12.2156097	13.04255429
TPR	11.68570337	11.89113192	11.69653166	11.89382698
TPX2	11.68788875	12.50099707	11.71174006	12.49368163
TRIM24	9.340546	9.57720046	9.35401097	9.5812211
TRIM33	10.30129323	10.26024313	10.3189487	10.32928844
TRIOBP	10.06868671	9.6814374	9.93770481	9.67818635
TSG101	10.11026542	10.00764603	10.11527357	10.07373917
TUBA4A	9.36873433	8.47021997	8.54295777	8.74117581
TUBB	14.07600163	14.58847596	12.63741629	13.00808277
UBC	13.95186934	13.61958045	13.86948428	13.61659398
USP8	9.86549176	9.85766519	9.91653853	9.80456002
VASP	10.49427629	10.62696946	10.46850771	10.61523965
WWOX	5.65176789	5.87959298	5.66249881	5.72020969
YWHAB	13.3396894	13.43230584	13.34889983	13.44756326
YWHAG	11.9872726	12.04021861	11.9833465	12.06795017
ZHX1	9.80518896	10.13943687	9.83498795	10.14476536