gene	Ones	NegOnes	Zeros
ADAM9	0.988	0.013	0.0	
ANXA1	0.854	0.146	0.0	
ATF3	0.917	0.083	0.0	
AURKA	0.558	0.442	0.0	
BACE1	0.617	0.383	0.0	
BGN	0.842	0.158	0.0	
BIRC6	0.983	0.017	0.0	
BUB1	0.483	0.517	0.0	
CABLES2	0.792	0.204	0.004	
CCNG2	0.508	0.492	0.0	
CD55	0.517	0.479	0.004	
CDC20	0.625	0.375	0.0	
CHEK2	0.738	0.225	0.037	
CKAP5	0.496	0.504	0.0	
COL13A1	0.808	0.188	0.004	
CTNNB1	0.733	0.267	0.0	
CXXC5	0.988	0.013	0.0	
DNAJB2	0.983	0.017	0.0	
EGFR	0.938	0.062	0.0	
ERBB2	0.971	0.029	0.0	
ERBB3	0.988	0.013	0.0	
EVL	0.575	0.425	0.0	
FBLN1	1.0	0.0	0.0	
FDPS	1.0	0.0	0.0	
FGF13	0.508	0.492	0.0	
FN1	0.917	0.083	0.0	
FOS	0.879	0.104	0.017	
FOXM1	0.542	0.458	0.0	
FYN	1.0	0.0	0.0	
GSK3B	0.492	0.483	0.025	
GSN	0.592	0.408	0.0	
HDAC3	0.575	0.0	0.425	
HIPK2	0.829	0.0	0.171	
HMGA2	0.5	0.5	0.0	
HMGB2	0.425	0.575	0.0	
HMGCR	0.979	0.021	0.0	
HUWE1	1.0	0.0	0.0	
ICAM1	1.0	0.0	0.0	
IGF1R	0.787	0.212	0.0	
IL4R	1.0	0.0	0.0	
IL7R	0.883	0.117	0.0	
ITGB8	0.725	0.271	0.004	
JUN	0.521	0.463	0.017	
KAT2A	0.487	0.512	0.0	
LATS2	0.892	0.096	0.013	
LIMK2	0.479	0.521	0.0	
LRP1	1.0	0.0	0.0	
LTBP3	1.0	0.0	0.0	
MAD2L2	0.446	0.554	0.0	
MAPK1	0.575	0.0	0.425	
MAPK13	0.992	0.008	0.0	
MAPK14	0.812	0.0	0.188	
MAPK6	0.525	0.0	0.475	
MAPKAPK2	0.975	0.0	0.025	
MAPT	1.0	0.0	0.0	
MEX3B	0.65	0.35	0.0	
MOCOS	1.0	0.0	0.0	
MVD	1.0	0.0	0.0	
MVK	1.0	0.0	0.0	
NDC80	0.521	0.246	0.233	
NUF2	0.529	0.225	0.246	
PAG1	0.738	0.0	0.263	
PIAS1	0.983	0.0	0.017	
PIAS3	1.0	0.0	0.0	
PKIA	0.604	0.396	0.0	
PLK1	0.925	0.075	0.0	
PMVK	1.0	0.0	0.0	
PPM1D	0.442	0.479	0.079	
PRPF4	0.492	0.0	0.508	
PTPRA	0.696	0.296	0.008	
RASGRF1	0.988	0.013	0.0	
RELA	0.792	0.208	0.0	
RFWD2	0.588	0.408	0.004	
RHOA	1.0	0.0	0.0	
RHOD	0.717	0.279	0.004	
ROCK1	0.483	0.517	0.0	
RPS6KA1	0.683	0.0	0.317	
RPS6KA5	0.975	0.0	0.025	
RRM2B	0.983	0.017	0.0	
S100A2	0.475	0.525	0.0	
SELPLG	1.0	0.0	0.0	
SERPINA1	1.0	0.0	0.0	
SH3YL1	0.975	0.025	0.0	
SHC1	0.983	0.017	0.0	
SKIL	0.996	0.004	0.0	
SMAD2	1.0	0.0	0.0	
SMAD4	0.9	0.1	0.0	
SNAI1	0.967	0.029	0.004	
SNAP29	0.933	0.05	0.017	
SNRPA	0.496	0.504	0.0	
SREBF2	0.95	0.05	0.0	
SRPK1	0.483	0.517	0.0	
STAT3	1.0	0.0	0.0	
STX6	0.967	0.033	0.0	
TACC1	0.508	0.492	0.0	
TAF12	1.0	0.0	0.0	
TAF1B	0.433	0.567	0.0	
TBL1X	1.0	0.0	0.0	
TCF3	0.596	0.396	0.008	
TGFA	0.783	0.217	0.0	
TGFB1	1.0	0.0	0.0	
TNIK	0.854	0.146	0.0	
TNK2	0.742	0.0	0.258	
TOP2A	0.504	0.233	0.263	
TP53	0.917	0.083	0.0	
TP53:SMAD2	1.0	0.0	0.0	
TP63	0.0	1.0	0.0	
TPR	0.487	0.512	0.0	
TPX2	0.487	0.25	0.263	
TRIM33	0.979	0.017	0.004	
TRIOBP	0.983	0.017	0.0	
UBE2I	1.0	0.0	0.0	
VDR	0.958	0.042	0.0	
VIM	0.983	0.017	0.0	
WNT5A	1.0	0.0	0.0	
ZBTB17	0.487	0.0	0.512	
