attr	ADAM9	ANXA1	ATF3	AURKA	BACE1	BGN	BIRC6	BUB1	CABLES2	CCNG2	CD55	CDC20	CHEK2	CKAP5	COL13A1	CTNNB1	CXXC5	DNAJB2	EGFR	ERBB2	ERBB3	EVL	FBLN1	FDPS	FGF13	FN1	FOS	FOXM1	FYN	GSK3B	GSN	HDAC3	HIPK2	HMGA2	HMGB2	HMGCR	HUWE1	ICAM1	IGF1R	IL4R	IL7R	ITGB8	JUN	KAT2A	LATS2	LIMK2	LRP1	LTBP3	MAD2L2	MAPK1	MAPK13	MAPK14	MAPK6	MAPKAPK2	MAPT	MEX3B	MOCOS	MVD	MVK	NDC80	NUF2	PAG1	PIAS1	PIAS3	PKIA	PLK1	PMVK	PPM1D	PRPF4	PTPRA	RASGRF1	RELA	RFWD2	RHOA	RHOD	ROCK1	RPS6KA1	RPS6KA5	RRM2B	S100A2	SELPLG	SERPINA1	SH3YL1	SHC1	SKIL	SMAD2	SMAD4	SNAI1	SNAP29	SNRPA	SREBF2	SRPK1	STAT3	STX6	TACC1	TAF12	TAF1B	TBL1X	TCF3	TGFA	TGFB1	TNIK	TNK2	TOP2A	TP53	TP53:SMAD2	TP63	TPR	TPX2	TRIM33	TRIOBP	UBE2I	VDR	VIM	WNT5A	ZBTB17
attractor_231	1	1	1	1	-1	-1	1	1	1	-1	1	1	1	1	1	-1	1	1	1	1	1	-1	1	1	-1	-1	1	1	1	-1	-1	0	0	-1	1	1	1	1	-1	1	1	-1	1	1	1	-1	1	1	1	0	1	1	0	1	1	1	1	1	1	1	1	1	1	1	1	1	1	0	1	-1	1	1	-1	1	-1	-1	1	1	1	-1	1	1	1	1	1	1	1	1	1	1	1	1	1	1	-1	1	1	1	1	1	1	1	0	1	1	1	-1	-1	1	1	1	1	1	1	1	0
attractor5	1	1	1	-1	-1	1	1	-1	1	-1	1	1	-1	1	-1	1	1	1	1	1	1	-1	1	1	1	1	1	-1	1	1	1	1	1	-1	-1	1	1	1	-1	1	1	1	-1	-1	1	-1	1	1	-1	1	1	1	0	1	1	-1	1	1	1	1	1	1	1	1	-1	1	1	1	0	1	1	1	1	1	1	1	0	1	1	-1	1	1	1	1	1	1	1	1	1	1	1	-1	1	1	1	1	-1	1	-1	-1	1	1	1	1	1	1	-1	1	1	1	1	1	1	1	1	0
attractor10	1	-1	1	1	-1	1	1	1	1	-1	-1	1	1	-1	1	-1	1	1	1	1	1	-1	1	1	-1	1	1	1	1	-1	-1	1	1	1	1	1	1	1	1	1	1	1	-1	1	1	-1	1	1	-1	1	1	1	1	1	1	1	1	1	1	1	1	0	1	1	1	1	1	-1	0	-1	1	1	-1	1	1	-1	1	1	1	1	1	1	1	1	1	1	1	1	1	1	1	1	1	1	1	1	-1	1	1	1	1	1	0	0	1	1	-1	1	0	1	1	1	1	1	1	0
attractor14	1	1	1	1	1	-1	1	-1	1	1	-1	1	-1	-1	1	-1	1	1	-1	1	1	-1	1	1	-1	1	1	1	1	-1	1	1	1	1	-1	1	1	1	1	1	1	-1	1	-1	-1	1	1	1	-1	0	1	1	1	1	1	1	1	1	1	1	0	1	1	1	1	1	1	1	1	1	1	1	-1	1	1	1	1	1	1	1	1	1	1	1	1	1	1	1	1	-1	1	-1	1	1	-1	1	-1	1	1	1	1	-1	1	0	1	1	-1	-1	1	1	1	1	1	1	1	0
attractor21	1	1	1	1	1	1	1	1	-1	-1	1	1	1	1	1	1	1	1	1	1	1	-1	1	1	1	1	1	1	1	1	-1	0	1	1	-1	1	1	1	1	1	1	1	1	1	1	1	1	1	1	1	1	0	1	1	1	1	1	1	1	0	1	1	1	1	1	1	1	1	1	1	1	-1	-1	1	1	1	1	1	1	1	1	1	1	1	1	1	1	1	1	-1	1	1	1	1	1	1	1	1	-1	-1	1	1	0	1	1	1	-1	-1	1	1	1	1	1	1	1	0
attractor28	1	-1	1	1	1	1	1	1	1	-1	1	-1	1	1	1	1	1	1	1	1	1	1	1	1	1	1	1	-1	1	-1	-1	0	1	-1	-1	1	1	1	-1	1	1	1	1	-1	1	-1	1	1	1	0	1	1	1	1	1	-1	1	1	1	1	-1	1	1	1	-1	1	1	-1	1	-1	1	1	-1	1	-1	-1	1	1	1	1	1	1	1	1	1	1	1	1	1	-1	1	-1	1	1	1	1	-1	1	1	1	1	1	1	1	1	1	-1	1	1	1	1	1	1	1	1	1
attractor34	1	1	1	-1	-1	1	1	1	1	-1	1	1	-1	-1	1	1	1	1	1	1	1	-1	1	1	1	1	1	1	1	1	-1	1	1	1	-1	1	1	1	1	1	1	-1	1	-1	1	-1	1	1	1	0	1	1	0	1	1	-1	1	1	1	0	0	0	1	1	1	1	1	1	1	-1	1	1	-1	1	-1	-1	1	1	1	-1	1	1	1	1	1	1	1	1	1	1	1	1	1	1	-1	1	-1	1	1	1	1	1	1	0	1	1	-1	-1	1	1	1	1	1	1	1	0
attractor39	1	-1	1	1	1	-1	1	-1	-1	-1	1	1	1	-1	1	-1	1	1	1	1	1	1	1	1	1	1	1	1	1	-1	1	1	1	1	-1	1	1	1	1	1	1	1	1	-1	1	-1	1	1	-1	1	1	1	1	1	1	1	1	1	1	0	0	0	1	1	1	1	1	-1	1	1	1	1	-1	1	1	-1	1	1	1	-1	1	1	1	1	1	1	1	1	1	-1	1	1	1	1	-1	1	-1	1	-1	1	1	-1	0	0	1	1	-1	1	0	1	1	1	1	1	1	0
attractor42	1	1	1	1	1	1	1	-1	1	-1	-1	1	1	-1	1	1	1	1	1	1	1	1	1	1	1	1	-1	1	1	1	1	1	1	-1	-1	1	1	1	1	1	1	1	1	-1	1	-1	1	1	1	0	1	1	0	1	1	1	1	1	1	0	0	0	1	1	1	1	1	-1	1	-1	1	-1	1	1	1	1	0	1	1	-1	1	1	1	1	1	1	1	1	-1	1	1	-1	1	1	-1	1	1	1	1	1	1	1	0	1	1	1	-1	1	1	1	1	1	1	1	1	0
attractor43	1	1	1	1	1	1	1	1	1	1	-1	1	-1	-1	1	1	1	1	1	1	1	-1	1	1	1	1	1	1	1	-1	1	0	0	1	-1	1	1	1	1	1	-1	-1	1	-1	-1	1	1	1	1	0	1	0	1	1	1	1	1	1	1	1	1	1	1	1	1	1	1	1	0	-1	1	-1	1	1	1	-1	1	1	1	-1	1	1	1	1	1	1	-1	1	1	1	1	-1	1	1	-1	1	-1	1	1	1	1	1	0	0	1	1	-1	-1	1	1	1	1	1	1	1	0
attractor50	1	1	1	1	1	1	1	1	1	1	-1	-1	1	-1	1	-1	1	1	1	1	1	-1	1	1	1	1	1	1	1	-1	-1	0	1	-1	1	1	1	1	1	1	1	1	1	1	1	1	1	1	-1	1	1	1	1	1	1	1	1	1	1	-1	1	1	1	1	1	1	1	-1	1	-1	1	1	1	1	1	-1	1	1	1	1	1	1	1	1	1	1	1	1	1	-1	1	-1	1	1	-1	1	-1	1	1	1	1	1	1	1	1	1	-1	-1	1	1	1	1	1	1	1	1
attractor58	1	1	1	-1	1	1	1	1	1	1	-1	1	1	-1	1	1	1	1	1	1	1	1	1	1	1	1	1	1	1	-1	1	1	1	1	1	1	1	1	1	1	1	1	1	-1	1	1	1	1	-1	0	1	1	0	1	1	1	1	1	1	0	0	1	1	1	1	1	1	1	0	-1	1	-1	1	1	1	1	0	1	1	1	1	1	1	1	1	1	1	1	1	-1	1	1	1	1	1	1	1	1	1	1	1	1	1	1	1	1	-1	1	1	1	1	1	1	1	1	0
attractor63	1	1	1	1	1	1	1	-1	1	1	1	1	1	1	1	1	1	1	1	1	1	1	1	1	1	1	1	1	1	1	-1	0	0	-1	-1	1	1	1	1	1	1	1	1	1	1	-1	1	1	-1	1	1	1	1	1	1	1	1	1	1	-1	-1	1	1	1	1	1	1	0	1	1	1	1	1	1	-1	-1	1	1	1	-1	1	1	1	1	1	1	1	1	1	-1	1	1	1	1	-1	1	-1	1	-1	1	1	1	1	1	1	1	-1	1	-1	1	1	1	1	1	1	1
attractor66	1	1	-1	1	1	1	1	1	1	-1	1	1	1	-1	1	1	1	1	1	1	1	1	1	1	1	-1	-1	-1	1	1	1	1	1	-1	-1	1	1	1	-1	1	1	-1	-1	-1	1	-1	1	1	1	0	1	1	0	1	1	-1	1	1	1	1	1	1	1	1	-1	1	1	-1	1	-1	1	1	1	1	1	1	0	1	1	1	1	1	1	1	1	1	1	1	1	-1	1	-1	1	1	1	1	1	1	1	1	1	1	1	1	1	1	-1	1	1	1	1	1	1	1	1	1
attractor80	1	1	1	-1	1	1	1	-1	1	-1	-1	1	1	-1	-1	1	-1	1	1	1	1	1	1	1	1	1	1	1	1	1	1	0	1	-1	-1	1	1	1	1	1	1	1	-1	1	1	-1	1	1	1	1	1	1	1	1	1	-1	1	1	1	1	1	1	1	1	1	1	1	-1	0	1	-1	1	-1	1	1	1	1	1	-1	1	1	1	1	1	1	1	1	1	1	1	1	1	1	1	1	1	-1	1	-1	-1	1	1	1	-1	1	1	-1	-1	-1	1	1	1	1	1	1	1
attractor83	1	1	1	1	1	1	1	-1	1	-1	-1	1	1	1	1	1	1	1	1	1	1	-1	1	1	-1	1	1	1	1	-1	1	1	1	-1	1	1	1	1	1	1	1	1	1	1	1	-1	1	1	-1	0	1	1	1	1	1	1	1	1	1	1	0	0	1	1	-1	1	1	-1	1	-1	1	1	1	1	1	-1	1	1	1	-1	1	1	1	1	1	1	1	1	1	-1	1	-1	1	1	-1	1	-1	1	1	1	1	1	0	0	1	1	-1	1	1	1	1	1	1	1	1	0
attractor85	1	1	1	-1	1	-1	1	-1	-1	1	1	-1	1	1	1	-1	1	-1	1	1	1	-1	1	1	1	1	1	1	1	1	1	0	1	1	1	1	1	1	1	1	-1	1	-1	-1	1	1	1	1	1	1	1	1	0	1	1	1	1	1	1	1	1	1	1	1	1	-1	1	-1	1	1	1	-1	1	1	1	1	0	1	-1	1	1	1	-1	1	1	1	1	1	1	1	1	-1	1	1	1	1	-1	1	-1	-1	1	1	1	1	1	1	-1	-1	1	1	1	1	1	1	1	1
attractor88	-1	-1	1	1	1	1	1	-1	1	1	-1	-1	1	1	1	1	1	1	1	1	1	1	1	1	-1	1	1	-1	1	1	1	0	1	-1	-1	1	1	1	1	1	1	1	-1	-1	1	-1	1	1	1	0	1	0	1	1	1	1	1	1	1	1	-1	1	1	1	1	-1	1	-1	0	-1	1	-1	-1	1	1	1	1	1	1	1	1	1	1	1	1	1	1	1	1	-1	1	-1	1	1	-1	1	-1	1	1	1	1	1	1	1	1	1	-1	1	1	1	1	1	1	1	1	1
attractor89	1	1	1	1	1	1	1	1	1	-1	-1	1	1	1	1	1	1	1	-1	1	1	-1	1	1	1	1	1	1	1	-1	1	0	1	-1	1	1	1	1	1	1	1	1	-1	-1	1	-1	1	1	-1	0	1	1	0	1	1	1	1	1	1	1	0	0	1	1	-1	1	1	-1	0	-1	1	1	1	1	1	-1	0	1	1	-1	1	1	1	1	1	1	1	1	1	1	1	1	1	1	-1	1	1	1	1	1	1	1	0	0	1	1	-1	1	0	1	1	1	1	1	1	0
attractor93	1	1	1	1	-1	1	1	1	-1	1	-1	1	0	-1	1	1	1	1	1	1	1	-1	1	1	-1	1	1	-1	1	1	1	0	0	-1	1	1	1	1	1	1	-1	1	1	-1	1	1	1	1	1	1	1	1	0	1	1	1	1	1	1	-1	1	1	1	1	-1	1	1	0	1	1	1	1	1	1	-1	1	1	1	1	-1	1	1	1	1	1	1	1	1	1	-1	1	1	1	1	-1	1	-1	1	-1	-1	1	1	1	1	1	1	-1	1	-1	1	1	1	1	1	1	1
attractor96	1	1	1	1	-1	1	1	-1	1	1	-1	1	1	1	1	1	1	1	1	1	1	-1	1	1	-1	1	1	-1	1	-1	-1	1	1	1	1	1	1	1	-1	1	1	1	-1	1	1	-1	1	1	-1	1	1	1	1	1	1	1	1	1	1	1	1	1	1	1	-1	1	1	-1	0	1	1	1	1	1	1	1	1	1	1	1	1	1	1	1	1	1	1	1	1	1	1	1	1	1	-1	1	1	1	-1	1	1	1	1	1	1	1	-1	-1	1	1	1	1	1	1	1	1
attractor103	-1	-1	1	1	-1	-1	1	-1	1	-1	1	1	1	-1	1	-1	1	1	1	1	1	1	1	1	-1	1	1	-1	1	1	-1	1	1	-1	-1	1	1	1	1	1	1	1	-1	-1	1	-1	1	1	-1	0	1	1	0	1	1	1	1	1	1	0	1	1	1	1	1	1	1	1	0	-1	1	1	1	1	1	-1	1	1	1	1	1	1	1	1	1	1	1	1	1	1	1	-1	1	1	1	1	-1	1	1	1	1	1	0	1	1	1	-1	-1	0	1	1	1	1	1	1	0
attractor106	1	1	1	-1	1	1	1	-1	-1	-1	-1	1	-1	1	1	1	1	1	1	1	1	1	1	1	1	1	1	-1	1	-1	1	0	0	1	-1	1	1	1	1	1	1	1	-1	1	1	1	1	1	1	1	1	1	1	1	1	-1	1	1	1	-1	1	1	1	1	1	1	1	1	0	1	1	-1	-1	1	1	1	1	1	1	-1	1	1	1	1	1	1	1	1	1	-1	1	-1	1	1	1	1	1	1	-1	1	1	1	1	1	1	1	-1	1	1	1	1	1	1	1	1	1
attractor110	1	1	-1	-1	-1	1	1	-1	1	1	1	1	1	1	1	1	1	1	1	1	1	1	1	1	1	1	1	1	1	1	1	1	1	-1	-1	1	1	1	1	1	1	-1	-1	1	1	-1	1	1	1	0	1	1	1	1	1	-1	1	1	1	1	1	1	1	1	1	1	1	-1	0	-1	1	1	1	1	-1	-1	1	1	1	1	1	1	1	1	1	1	1	1	1	-1	1	1	1	1	1	1	-1	1	1	1	1	1	1	1	1	1	-1	1	1	1	1	1	1	1	1	1
attractor116	1	-1	1	1	1	-1	1	-1	1	-1	-1	-1	1	1	1	-1	1	1	1	1	1	-1	1	1	1	1	1	-1	1	-1	1	1	1	1	-1	1	1	1	1	1	1	1	1	-1	1	-1	1	1	1	0	1	1	1	1	1	1	1	1	1	-1	1	1	1	1	1	1	1	-1	1	-1	1	1	1	1	1	-1	1	1	1	-1	1	1	1	1	1	1	1	1	1	1	1	-1	1	1	-1	1	1	1	1	1	1	-1	1	-1	1	1	-1	1	-1	1	1	1	1	1	1	1
attractor119	1	1	1	-1	-1	1	1	1	1	-1	1	1	-1	1	1	1	1	1	1	1	1	1	1	1	1	1	1	-1	1	1	1	1	1	-1	-1	1	1	1	1	1	1	1	-1	-1	1	1	1	1	1	1	1	1	1	1	1	-1	1	1	1	1	-1	1	1	1	-1	1	1	1	1	1	1	1	1	1	-1	-1	1	1	1	-1	1	1	1	1	1	1	1	1	1	1	1	1	1	1	-1	1	1	1	1	1	1	1	1	1	1	1	-1	1	-1	1	1	1	1	1	1	1
attractor121	1	1	1	1	-1	1	1	1	-1	1	-1	1	1	-1	-1	-1	1	1	1	1	1	1	1	1	1	1	1	1	1	-1	-1	0	1	1	1	1	1	1	-1	1	1	1	1	-1	1	1	1	1	1	1	1	0	1	1	1	1	1	1	1	1	1	0	1	1	1	1	1	-1	0	1	1	1	-1	1	1	1	1	1	1	-1	1	1	1	1	1	1	1	1	1	1	1	-1	1	1	-1	1	-1	1	-1	-1	1	-1	0	0	1	1	-1	-1	0	1	1	1	1	1	1	0
attractor127	1	1	1	1	1	1	1	-1	1	-1	-1	-1	1	1	1	1	1	1	1	1	1	-1	1	1	1	1	1	-1	1	-1	1	1	1	1	1	1	1	1	-1	1	1	1	1	-1	1	-1	1	1	-1	0	1	1	0	1	1	1	1	1	1	1	-1	1	1	1	1	1	1	-1	1	-1	1	1	-1	1	1	-1	0	1	1	1	1	1	1	1	1	1	1	1	1	1	1	1	1	1	1	1	-1	1	1	1	1	1	1	-1	1	1	-1	1	1	1	1	1	1	1	1	1
attractor129	1	1	1	1	1	1	1	-1	1	-1	1	1	1	-1	1	-1	1	1	1	1	1	1	1	1	-1	-1	1	1	1	-1	-1	1	1	-1	-1	1	1	1	1	1	1	1	-1	1	1	1	1	1	-1	0	1	1	1	1	1	1	1	1	1	0	1	0	1	1	1	1	1	-1	0	-1	1	1	-1	1	1	1	1	1	1	-1	1	1	1	1	1	1	1	1	1	1	1	1	1	-1	-1	1	1	1	1	1	1	-1	1	1	1	1	-1	1	1	1	1	1	1	1	1	0
attractor132	1	1	1	1	1	1	1	-1	1	-1	1	-1	1	-1	1	1	1	1	1	1	1	-1	1	1	-1	1	1	-1	1	1	1	1	1	1	-1	1	1	1	1	1	1	-1	1	-1	1	1	1	1	1	1	1	1	1	1	1	-1	1	1	1	1	-1	1	1	1	-1	1	1	-1	0	1	1	1	-1	1	-1	1	1	1	1	1	1	1	1	1	1	1	1	1	1	-1	1	-1	1	1	-1	1	1	1	1	1	1	1	1	1	1	1	-1	-1	-1	1	1	1	1	1	1	1
attractor139	1	-1	1	-1	1	-1	1	1	1	1	1	1	1	1	1	-1	1	1	1	1	1	1	1	1	1	-1	1	1	1	1	1	0	1	-1	-1	1	1	1	1	1	1	1	1	-1	1	1	1	1	1	1	1	1	1	1	1	1	1	1	1	-1	1	1	1	1	1	1	1	-1	1	1	1	1	1	1	1	-1	1	1	1	-1	1	1	1	1	1	1	1	1	1	-1	1	1	1	1	1	1	1	1	-1	1	1	-1	1	1	1	1	-1	-1	-1	1	1	1	1	1	1	1
attractor146	1	1	1	-1	1	-1	1	-1	1	1	-1	-1	-1	1	1	-1	1	1	-1	-1	-1	-1	1	1	-1	1	1	-1	1	1	-1	0	1	1	-1	-1	1	1	1	1	1	1	1	1	-1	1	1	1	-1	1	1	1	0	1	1	1	1	1	1	1	1	1	1	1	1	1	1	1	0	1	1	-1	1	1	1	-1	0	1	1	1	1	1	1	1	1	1	-1	1	1	-1	-1	-1	1	1	1	1	-1	1	-1	-1	1	-1	0	0	-1	1	-1	1	1	1	1	1	1	1	1	0
attractor148	1	1	1	-1	1	1	1	-1	1	1	1	1	-1	-1	1	1	1	1	1	1	1	-1	1	1	-1	1	1	1	1	-1	-1	1	1	-1	1	1	1	1	1	1	1	1	1	-1	1	-1	1	1	1	1	1	1	1	1	1	-1	1	1	1	1	0	0	1	1	-1	1	1	1	1	-1	1	1	1	1	1	1	1	1	1	-1	1	1	1	1	1	1	1	1	1	1	1	-1	1	1	-1	1	1	1	1	1	1	1	1	0	1	1	-1	-1	0	1	1	1	1	1	1	0
attractor157	1	-1	1	-1	-1	1	1	-1	1	-1	-1	-1	-1	1	1	1	1	1	1	1	1	-1	1	1	1	1	1	-1	1	1	-1	1	1	1	1	1	1	1	1	1	1	-1	-1	-1	-1	-1	1	1	1	1	1	1	0	1	1	-1	1	1	1	0	0	0	1	1	1	1	1	1	0	-1	1	1	1	1	1	-1	0	1	1	1	1	1	1	1	1	1	1	1	1	-1	1	1	1	1	-1	1	-1	1	1	1	1	1	1	1	1	1	-1	1	1	1	1	1	1	1	1	0
attractor159	1	1	1	-1	1	1	1	1	1	1	1	1	-1	1	1	1	1	1	1	1	1	1	1	1	-1	1	1	-1	1	-1	1	1	1	1	1	1	1	1	1	1	-1	1	1	-1	1	1	1	1	1	0	1	1	1	1	1	-1	1	1	1	0	1	1	1	1	1	1	1	1	0	-1	1	-1	1	1	-1	-1	1	1	1	1	1	1	1	1	1	1	-1	1	1	-1	1	1	1	1	1	1	1	1	1	1	1	1	1	1	1	1	-1	1	0	1	1	1	1	1	1	0
attractor163	1	1	1	1	1	1	1	-1	1	-1	-1	1	1	1	1	1	1	1	1	1	1	-1	1	1	1	-1	1	1	1	-1	1	0	1	1	1	1	1	1	-1	1	1	1	1	1	1	-1	1	1	-1	0	1	0	1	1	1	1	1	1	1	1	0	0	1	1	1	1	1	1	0	1	1	1	1	1	1	1	1	1	1	-1	1	1	1	1	1	1	1	1	1	1	1	1	1	1	1	1	1	1	1	1	1	1	1	1	1	1	-1	1	0	1	1	1	1	1	1	0
attractor165	1	1	1	1	-1	1	1	1	-1	-1	1	1	1	1	1	1	1	1	1	1	1	-1	1	1	-1	1	1	-1	1	1	-1	1	1	1	-1	1	1	1	1	1	-1	1	1	-1	1	-1	1	1	-1	1	1	1	1	1	1	-1	1	1	1	0	1	0	1	1	1	1	1	-1	1	1	1	1	1	1	-1	1	1	1	1	-1	1	1	1	1	1	1	1	1	1	1	1	-1	1	1	1	1	1	1	-1	-1	1	1	1	0	1	1	-1	-1	0	1	1	1	1	1	1	0
attractor167	1	1	1	1	1	1	1	-1	1	1	-1	1	1	1	1	1	1	1	1	1	1	1	1	1	-1	1	1	-1	1	1	-1	1	1	-1	-1	1	1	1	-1	1	1	1	-1	1	1	-1	1	1	-1	0	1	1	1	1	1	-1	1	1	1	1	0	0	1	1	1	1	1	-1	0	1	1	-1	1	1	-1	1	1	1	1	-1	1	1	1	1	1	1	-1	1	1	-1	1	-1	1	1	1	1	-1	1	1	1	1	1	1	0	1	1	-1	-1	1	1	-1	1	1	1	1	0
attractor168	1	-1	1	-1	-1	1	1	1	1	1	1	-1	1	1	-1	-1	1	1	-1	1	1	1	1	1	1	-1	1	-1	1	-1	1	1	1	-1	-1	1	1	1	1	1	1	-1	-1	1	1	-1	1	1	-1	0	1	1	0	1	1	1	1	1	1	0	0	0	1	1	1	1	1	1	0	1	1	1	1	1	1	-1	0	1	1	-1	1	1	1	1	1	1	1	1	1	-1	1	-1	1	1	-1	1	-1	1	1	1	1	-1	0	0	1	1	-1	-1	1	1	1	1	1	1	1	0
attractor175	1	1	1	1	1	1	1	1	1	1	1	1	1	1	1	1	1	1	1	1	1	1	1	1	1	1	1	-1	1	-1	1	1	1	-1	-1	1	1	1	1	1	1	-1	-1	-1	1	1	1	1	1	0	1	1	0	1	1	-1	1	1	1	-1	1	1	1	1	-1	1	1	1	0	1	1	1	1	1	-1	-1	0	1	1	1	1	1	1	1	1	1	1	1	1	-1	1	-1	1	1	-1	1	-1	1	1	1	1	1	1	1	1	1	-1	1	-1	1	1	1	1	1	1	1
attractor176	1	1	1	1	1	1	1	-1	1	-1	-1	1	1	1	1	1	1	1	1	1	1	1	1	1	1	1	1	1	1	-1	1	1	1	1	-1	1	1	1	1	1	1	1	1	-1	1	-1	1	1	1	1	1	1	1	1	1	1	1	1	1	0	1	0	1	1	1	1	1	-1	1	1	1	1	-1	1	1	-1	1	1	1	1	1	1	1	1	1	1	1	1	1	1	1	-1	1	1	1	1	1	1	1	1	1	1	1	0	1	1	-1	-1	0	1	1	1	1	1	1	0
attractor179	1	1	1	1	1	-1	1	1	1	-1	-1	1	-1	-1	1	-1	1	1	1	1	1	-1	1	1	1	1	1	-1	1	-1	1	0	1	-1	-1	1	1	1	1	1	1	1	1	-1	1	1	1	1	1	0	1	1	0	1	1	1	1	1	1	-1	1	1	1	1	1	-1	1	1	1	-1	1	-1	1	1	1	1	0	1	1	1	1	1	1	1	1	1	-1	1	1	1	1	1	1	1	1	1	1	1	1	1	1	-1	1	1	1	1	-1	-1	-1	1	1	1	1	1	1	1
attractor189	1	1	1	1	1	-1	1	-1	1	-1	1	-1	1	-1	1	-1	1	1	1	1	1	-1	1	1	-1	1	1	-1	1	1	1	0	1	1	-1	1	1	1	1	1	1	1	1	1	1	-1	1	1	-1	0	1	0	0	0	1	1	1	1	1	1	1	1	0	1	1	1	1	-1	0	0	1	1	1	1	1	-1	0	0	1	1	1	1	1	1	1	1	1	1	1	-1	1	1	1	-1	-1	1	1	1	0	1	1	-1	1	1	1	1	-1	1	1	1	1	1	1	1	1	1
attractor194	1	1	1	1	1	1	1	1	1	-1	1	-1	-1	-1	1	1	1	1	1	1	1	1	1	1	1	1	1	-1	1	-1	-1	1	1	1	1	1	1	1	-1	1	1	1	1	1	1	-1	1	1	-1	0	1	1	1	1	1	-1	1	1	1	1	1	1	1	1	1	1	1	1	0	1	1	1	-1	1	-1	1	1	1	1	1	1	1	1	1	1	1	1	1	1	-1	1	1	1	1	1	1	1	1	1	1	1	1	0	1	1	1	-1	1	1	1	1	1	1	1	1	0
attractor195	1	1	1	1	-1	1	1	1	-1	1	-1	-1	1	-1	1	1	1	1	1	1	1	1	1	1	1	1	1	-1	1	1	1	1	1	-1	-1	1	1	1	1	1	1	1	-1	1	1	1	1	1	1	1	1	1	0	1	1	1	1	1	1	0	0	0	1	1	-1	1	1	-1	0	1	1	1	-1	1	1	-1	0	1	1	-1	1	1	1	1	1	1	1	1	1	-1	1	1	1	1	1	1	1	1	-1	-1	1	1	0	0	1	1	-1	1	0	1	1	1	1	1	1	0
attractor201	1	1	1	1	1	1	1	1	1	-1	1	1	-1	-1	1	1	1	1	1	1	1	-1	1	1	1	1	1	-1	1	1	1	1	1	1	1	1	1	1	1	1	-1	-1	1	1	1	-1	1	1	1	0	1	1	1	1	1	-1	1	1	1	0	1	0	1	1	-1	1	1	1	0	1	1	-1	1	1	-1	1	1	1	1	-1	1	1	1	1	1	1	1	1	1	1	1	-1	1	1	-1	1	-1	1	1	1	1	1	0	0	1	1	-1	-1	0	1	1	1	1	1	1	0
attractor206	1	1	1	1	-1	1	1	1	1	1	1	-1	-1	-1	1	1	1	1	1	1	1	-1	1	1	-1	1	1	1	1	-1	-1	0	1	-1	-1	1	1	1	1	1	1	-1	1	1	1	1	1	1	1	1	1	0	1	1	1	1	1	1	1	-1	-1	1	1	1	1	1	1	1	0	1	1	1	1	1	1	1	1	1	1	-1	1	1	1	1	1	1	1	1	1	-1	1	-1	1	1	-1	1	1	1	1	1	1	1	1	-1	1	1	-1	1	1	1	1	1	1	1	1	1
attractor211	1	1	1	1	-1	1	1	-1	-1	-1	1	-1	1	1	-1	1	1	1	1	1	1	-1	1	1	1	1	1	1	1	1	-1	1	1	1	-1	1	1	1	1	1	1	1	-1	-1	1	-1	1	1	-1	1	1	1	0	1	1	1	1	1	1	1	1	1	1	1	-1	1	1	-1	0	1	1	1	1	1	1	-1	0	1	1	1	1	1	1	1	1	1	1	1	1	-1	1	1	1	1	-1	1	-1	1	-1	-1	1	1	1	1	1	1	-1	1	1	1	1	1	1	1	1	1
attractor213	1	-1	1	-1	-1	1	1	-1	1	-1	-1	1	1	-1	-1	-1	1	1	1	1	1	-1	1	1	1	1	1	1	1	1	1	1	1	1	-1	1	1	1	-1	1	1	1	-1	1	1	1	1	1	-1	1	1	1	1	1	1	1	1	1	1	1	1	1	1	1	1	1	1	1	0	1	1	1	1	1	1	1	1	1	1	1	1	1	1	1	1	1	1	1	1	1	1	-1	1	1	-1	1	-1	1	-1	-1	1	1	0	0	1	1	-1	-1	0	1	1	1	1	1	1	0
attractor215	1	1	1	1	-1	1	1	-1	1	-1	-1	1	1	-1	-1	1	1	1	1	1	1	-1	1	1	1	1	1	1	1	1	1	1	1	1	-1	1	1	1	1	1	1	1	-1	-1	1	1	1	1	1	1	1	1	1	1	1	-1	1	1	1	0	1	1	1	1	-1	1	1	-1	0	1	1	1	1	1	1	1	1	1	1	1	1	1	1	1	1	1	1	1	1	1	1	1	1	1	-1	1	1	1	1	1	1	1	1	0	1	1	-1	-1	1	1	1	1	1	1	1	0
attractor217	1	1	1	-1	-1	1	1	-1	1	-1	-1	1	1	-1	1	1	1	1	1	1	1	1	1	1	-1	1	1	1	1	1	1	1	1	1	1	1	1	1	1	1	1	1	1	-1	1	1	1	1	1	0	1	1	1	1	1	-1	1	1	1	0	0	1	1	1	1	1	1	-1	1	-1	1	1	1	1	-1	-1	1	1	1	-1	1	1	1	1	1	1	1	1	1	-1	1	-1	1	1	-1	1	-1	1	1	1	1	1	1	0	1	1	-1	1	1	1	1	1	1	1	1	0
attractor218	1	1	1	-1	1	1	1	-1	1	1	1	1	-1	-1	1	1	1	1	1	1	1	1	1	1	1	1	-1	-1	1	-1	-1	0	1	1	-1	1	1	1	1	1	-1	1	1	-1	-1	-1	1	1	-1	1	1	0	1	1	1	1	1	1	1	1	1	0	1	1	1	1	1	1	1	1	1	1	1	1	-1	-1	1	1	1	1	1	1	1	1	1	1	1	1	-1	-1	1	1	1	1	1	1	1	1	-1	1	1	1	1	0	1	1	-1	-1	0	1	1	1	1	1	1	0
attractor226	1	-1	1	1	1	1	1	1	1	-1	-1	1	1	1	-1	-1	1	1	1	1	1	1	1	1	1	1	1	1	1	0	1	0	1	1	1	1	1	1	1	1	1	1	0	1	1	1	1	1	-1	1	1	0	0	1	1	1	1	1	1	1	0	1	1	1	1	1	1	-1	0	1	1	1	1	1	1	-1	1	0	1	-1	1	1	1	1	1	1	1	1	1	1	1	-1	1	1	1	1	-1	1	-1	-1	1	-1	0	1	1	1	-1	1	1	1	1	1	1	1	1	0
attractor227	1	1	1	1	1	1	1	-1	-1	-1	1	1	1	-1	1	1	1	1	1	1	1	1	1	1	1	1	-1	-1	1	-1	1	0	1	-1	-1	1	1	1	-1	1	1	1	1	1	1	-1	1	1	1	1	1	1	0	1	1	1	1	1	1	-1	1	1	1	1	-1	1	1	-1	1	1	1	1	1	1	1	1	0	1	1	1	1	1	1	1	1	1	1	1	1	1	1	-1	1	1	1	1	-1	1	-1	1	1	1	1	1	1	1	-1	-1	-1	1	1	1	1	1	1	1
attractor245	1	1	1	-1	-1	1	1	1	-1	1	-1	-1	1	-1	1	1	1	1	1	1	1	-1	1	1	1	1	1	1	1	1	1	1	1	1	1	1	1	1	1	1	1	1	-1	1	1	-1	1	1	-1	1	1	1	0	1	1	-1	1	1	1	-1	1	1	1	1	1	1	1	-1	0	1	1	1	-1	1	1	-1	1	1	1	1	1	1	1	1	1	1	1	1	1	-1	1	1	1	1	-1	1	-1	1	-1	-1	1	1	1	1	1	1	-1	-1	-1	1	1	1	1	1	1	1
attractor247	1	1	1	1	1	1	1	-1	1	-1	1	-1	1	-1	1	1	1	1	1	1	1	1	1	1	-1	-1	1	-1	1	1	1	1	1	-1	-1	-1	1	1	1	1	1	-1	-1	1	1	1	1	1	1	0	1	1	1	1	1	-1	1	1	1	1	0	1	1	1	-1	1	1	-1	0	1	1	-1	1	1	-1	-1	1	1	1	1	1	1	1	1	1	1	1	-1	1	1	-1	1	1	1	-1	1	1	1	1	1	1	1	1	0	-1	1	-1	1	0	-1	1	1	1	1	1	0
attractor250	1	1	1	-1	-1	1	1	-1	1	1	1	-1	-1	-1	1	1	1	1	1	1	1	-1	1	1	-1	1	1	-1	1	-1	1	1	1	-1	1	1	1	1	1	1	1	1	-1	1	1	1	1	1	-1	1	1	1	1	1	1	-1	1	1	1	1	1	1	1	1	1	1	1	1	0	1	1	1	1	1	1	-1	1	1	1	1	1	1	1	1	1	1	1	1	1	1	1	1	1	1	1	1	1	1	1	1	1	1	1	1	1	1	-1	1	-1	1	1	1	1	1	1	1
attractor254	1	-1	-1	-1	1	1	1	-1	1	1	-1	1	1	-1	1	-1	1	1	1	1	1	1	1	1	1	1	-1	1	1	1	1	1	1	-1	1	1	1	1	1	1	1	-1	1	-1	1	1	1	1	-1	1	1	1	0	1	1	1	1	1	1	0	0	0	1	1	1	1	1	-1	1	-1	1	1	1	1	1	1	0	1	1	-1	1	1	1	1	1	1	1	1	1	1	1	1	1	1	1	1	-1	1	1	1	1	1	0	1	1	1	-1	1	0	1	1	1	1	1	1	0
attractor258	1	1	-1	1	1	1	-1	-1	1	-1	-1	-1	1	1	1	1	1	1	1	1	1	-1	1	1	-1	1	1	-1	1	1	1	1	1	-1	1	1	1	1	1	1	1	1	-1	-1	1	1	1	1	-1	1	1	1	1	1	1	-1	1	1	1	1	0	0	1	1	1	1	1	-1	1	-1	1	1	1	1	1	1	1	1	1	1	1	1	1	1	1	1	1	1	1	-1	1	-1	1	1	-1	1	-1	1	1	1	1	1	1	1	1	1	-1	-1	1	1	-1	1	1	1	1	0
attractor261	1	1	-1	-1	1	1	1	1	1	1	1	-1	1	-1	-1	-1	1	1	1	1	1	-1	1	1	1	1	1	1	1	1	-1	1	1	1	1	1	1	1	1	1	1	-1	-1	-1	1	-1	1	1	-1	1	1	1	1	1	1	1	1	1	1	1	-1	1	1	1	1	1	1	1	1	-1	1	-1	1	1	1	1	1	1	1	1	1	1	1	1	1	1	1	1	1	-1	-1	-1	1	1	1	1	-1	1	1	1	1	-1	1	-1	-1	1	-1	-1	-1	1	1	1	-1	1	1	1
attractor262	1	1	1	1	-1	1	1	-1	1	1	-1	-1	1	1	-1	1	1	1	1	1	1	-1	1	1	-1	1	1	-1	1	1	-1	0	1	1	1	1	1	1	1	1	1	1	-1	-1	1	-1	1	1	1	0	1	0	1	1	1	-1	1	1	1	0	0	1	1	1	-1	1	1	-1	0	1	1	1	-1	1	1	1	1	1	1	-1	1	1	1	1	1	1	1	1	1	-1	1	-1	1	1	-1	1	-1	1	1	1	1	1	1	1	1	1	-1	-1	0	1	1	1	1	1	1	0
attractor264	1	1	1	-1	1	-1	1	-1	1	-1	-1	-1	-1	1	1	-1	1	1	1	1	1	-1	1	1	-1	1	1	1	1	-1	1	0	0	1	-1	1	1	1	1	1	1	1	1	1	1	1	1	1	-1	0	1	1	1	1	1	1	1	1	1	1	-1	1	1	1	1	1	1	1	1	1	1	1	1	1	1	1	1	1	1	-1	1	1	1	1	1	1	1	1	1	1	1	1	1	-1	-1	1	1	1	1	1	1	1	1	-1	1	1	-1	-1	1	1	1	1	1	1	1	1
attractor265	1	1	1	-1	1	-1	1	1	1	-1	-1	-1	1	-1	-1	-1	1	1	1	1	1	-1	1	1	1	-1	1	-1	1	-1	-1	1	1	-1	-1	1	1	1	-1	1	1	1	1	1	1	1	1	1	-1	1	1	1	1	1	1	1	1	1	1	1	1	0	1	1	1	1	1	-1	1	1	1	1	1	1	1	1	1	1	1	1	1	1	1	1	1	1	1	1	1	-1	1	1	1	1	1	1	-1	1	-1	-1	1	-1	1	1	1	1	-1	1	1	1	1	1	1	1	1	0
attractor267	1	1	1	-1	-1	1	1	1	1	1	1	-1	1	-1	1	-1	1	1	1	1	1	1	1	1	1	1	1	1	1	-1	1	0	1	-1	-1	1	1	1	1	1	1	1	1	-1	1	-1	1	1	1	1	1	0	1	1	1	1	1	1	1	-1	-1	1	1	1	1	1	1	-1	0	1	1	1	1	1	1	-1	1	1	1	1	1	1	1	1	1	1	1	1	1	1	1	-1	1	1	-1	1	1	1	-1	1	1	1	1	-1	1	1	-1	-1	-1	1	1	1	1	1	1	1
attractor269	1	1	1	1	-1	1	1	-1	1	-1	-1	1	-1	1	1	1	1	1	1	1	1	1	1	1	1	-1	1	1	1	-1	-1	1	1	1	-1	1	1	1	-1	1	1	1	1	-1	-1	-1	1	1	-1	1	1	1	1	1	1	1	1	1	1	1	0	0	1	1	-1	1	1	1	1	1	1	1	-1	1	1	1	1	1	1	-1	1	1	1	1	1	1	1	1	1	-1	1	-1	1	1	-1	1	-1	1	1	1	1	1	1	1	1	1	-1	-1	0	1	1	1	1	1	1	0
attractor272	1	1	1	-1	1	1	1	1	-1	1	-1	1	1	1	1	1	1	1	1	1	1	-1	1	1	1	1	1	1	1	-1	-1	1	1	1	-1	1	1	1	1	1	1	1	-1	-1	1	1	1	1	-1	1	1	1	0	1	1	1	1	1	1	1	1	1	1	1	-1	1	1	-1	0	1	1	1	-1	1	1	-1	1	1	1	1	1	1	1	1	1	1	1	1	1	1	1	-1	1	1	1	1	-1	1	-1	1	1	1	1	1	1	1	-1	-1	-1	1	1	1	1	1	1	1
attractor277	1	1	1	1	-1	1	1	1	1	-1	-1	1	0	-1	1	1	1	1	1	1	1	1	1	1	1	1	1	1	1	-1	-1	0	0	1	-1	1	1	1	1	1	1	1	1	1	1	-1	1	1	1	1	1	1	0	1	1	-1	1	1	1	0	1	1	1	1	1	1	1	0	0	1	1	1	1	1	1	-1	0	1	1	1	1	1	1	1	1	1	1	1	1	-1	1	-1	1	1	-1	1	-1	1	-1	-1	1	1	1	0	1	1	-1	-1	0	1	1	1	1	1	1	0
attractor280	1	1	1	1	-1	1	1	1	1	1	-1	1	1	1	1	1	1	1	1	1	1	1	1	1	-1	1	1	1	1	1	-1	0	0	-1	-1	1	1	1	1	1	1	1	1	-1	1	1	1	1	-1	0	1	0	1	1	1	1	1	1	1	1	0	1	1	1	-1	1	1	0	1	-1	1	1	-1	1	1	-1	1	1	1	1	1	1	1	1	1	1	1	1	1	1	1	1	1	1	1	1	-1	1	1	1	1	1	1	0	1	1	-1	1	1	1	1	1	1	1	1	0
attractor283	1	1	1	1	1	-1	1	-1	1	1	1	-1	1	-1	1	-1	1	1	1	1	1	-1	1	1	-1	1	1	1	1	1	1	1	1	-1	1	1	1	1	1	1	1	-1	-1	-1	1	-1	1	1	-1	1	1	1	0	1	1	1	1	1	1	1	-1	1	1	1	1	1	1	1	0	1	1	1	1	1	-1	1	0	1	1	1	1	1	1	1	1	1	1	1	1	1	1	-1	1	1	-1	1	-1	1	1	1	1	-1	1	1	1	1	-1	1	-1	1	1	1	1	1	1	1
attractor285	1	1	1	-1	1	1	1	-1	1	-1	1	1	-1	-1	-1	1	1	1	1	1	1	1	1	1	-1	1	1	1	1	-1	1	1	1	-1	-1	1	1	1	1	1	-1	1	-1	-1	1	1	1	1	-1	1	1	1	0	1	1	-1	1	1	1	-1	-1	1	1	1	1	1	1	1	0	1	1	-1	1	1	1	-1	0	1	1	-1	1	1	1	1	1	1	1	1	1	1	-1	-1	1	1	1	1	-1	1	-1	-1	1	1	1	-1	-1	1	-1	1	1	1	1	1	-1	1	1	1
attractor292	1	1	1	-1	1	1	1	-1	1	-1	1	-1	1	-1	1	1	1	1	1	1	1	-1	1	1	1	1	1	-1	1	-1	1	1	1	-1	1	1	1	1	1	1	1	-1	-1	-1	1	1	1	1	1	1	1	1	0	1	1	-1	1	1	1	-1	1	1	1	1	1	-1	1	1	0	-1	1	-1	-1	1	-1	1	0	1	1	1	1	1	1	1	1	1	1	1	1	1	1	-1	1	1	1	1	1	1	1	1	1	1	1	1	1	1	-1	-1	1	1	1	1	1	1	1	1
attractor297	1	1	1	-1	1	1	1	-1	1	1	1	1	0	1	-1	1	1	1	1	1	1	1	1	1	1	-1	-1	1	1	-1	-1	0	0	1	1	1	1	1	1	1	1	1	1	1	0	-1	1	1	-1	1	1	0	1	1	1	-1	1	1	1	-1	1	1	1	1	-1	1	1	0	1	1	1	1	1	1	1	-1	1	1	1	1	1	1	1	1	1	1	1	1	1	1	1	1	1	1	1	1	-1	1	-1	-1	1	1	1	-1	-1	1	-1	-1	1	1	1	1	-1	1	1	1
attractor300	1	1	-1	-1	-1	1	1	-1	1	1	1	-1	-1	1	1	1	1	1	1	1	1	1	1	1	-1	1	-1	1	1	1	-1	0	0	-1	-1	1	1	1	-1	1	1	-1	1	1	1	1	1	1	-1	1	1	0	0	1	1	1	1	1	1	-1	-1	1	1	1	-1	1	1	1	1	-1	1	1	1	1	1	1	0	1	1	1	1	1	1	1	1	1	1	1	1	-1	1	1	1	1	1	1	1	1	1	1	1	1	1	-1	1	1	-1	1	1	1	1	1	1	1	1	1
attractor304	1	1	1	-1	-1	1	1	1	1	-1	-1	-1	1	-1	-1	1	1	1	1	1	1	1	1	1	-1	1	-1	-1	1	-1	1	0	0	1	-1	1	1	1	-1	1	1	1	1	-1	1	-1	1	1	-1	1	1	1	1	1	1	1	1	1	1	-1	1	1	1	1	1	1	1	1	1	1	1	1	1	1	1	-1	1	1	1	-1	1	1	1	1	1	1	1	1	-1	1	1	1	1	1	-1	1	-1	1	-1	1	1	1	1	-1	1	1	-1	1	-1	1	1	1	1	1	1	1
attractor315	1	1	-1	-1	-1	1	1	-1	1	-1	1	1	1	-1	1	1	1	1	1	1	1	-1	1	1	-1	1	1	1	1	1	-1	1	1	-1	1	1	1	1	1	1	1	-1	-1	-1	1	1	1	1	-1	1	1	1	0	1	1	1	1	1	1	1	-1	1	1	1	1	1	1	-1	0	1	1	1	-1	1	1	-1	0	1	1	1	1	1	1	1	1	1	1	1	1	1	1	1	1	1	1	1	-1	1	1	1	1	1	1	1	1	1	-1	-1	1	1	1	1	1	1	1	1
attractor317	1	1	1	-1	-1	1	1	1	-1	-1	-1	-1	1	1	1	1	1	-1	1	1	1	-1	1	1	1	1	1	1	1	-1	-1	1	1	1	-1	1	1	1	1	1	1	1	1	-1	1	1	1	1	1	1	1	1	1	1	1	-1	1	1	1	1	1	1	1	1	-1	1	1	-1	0	1	1	1	1	1	-1	-1	1	1	1	-1	1	1	1	1	1	1	1	1	1	1	1	-1	1	1	-1	1	-1	1	-1	-1	1	1	1	1	1	1	-1	-1	1	1	1	1	1	1	1	1
attractor323	1	1	1	1	1	1	1	-1	1	1	-1	-1	1	1	1	1	1	1	1	1	1	-1	1	1	1	1	1	-1	1	-1	1	1	1	-1	-1	1	1	1	1	1	1	1	-1	1	1	-1	1	1	1	0	1	1	1	1	1	1	1	1	1	1	1	1	1	1	1	1	1	-1	0	1	1	1	1	1	-1	1	1	1	1	1	1	1	1	1	1	1	1	1	1	1	1	-1	1	1	1	1	1	1	1	1	1	1	1	0	1	1	-1	-1	1	1	1	1	1	1	1	0
attractor336	1	1	1	1	-1	-1	1	1	1	-1	-1	1	1	1	1	-1	1	1	1	1	1	-1	1	1	1	1	1	1	1	1	-1	0	1	1	1	1	1	1	1	1	1	-1	-1	1	1	-1	1	1	-1	1	1	1	1	1	1	1	1	1	1	0	0	1	1	1	1	1	1	1	0	1	1	1	1	1	-1	1	1	1	1	-1	1	1	1	1	1	1	1	1	1	1	1	1	1	1	-1	1	1	1	1	1	1	1	0	1	1	1	-1	-1	1	1	1	1	1	1	1	0
attractor353	1	1	1	1	1	1	1	1	1	1	1	1	1	1	1	1	1	1	1	1	1	1	1	1	1	1	1	1	1	-1	1	0	0	-1	-1	1	1	1	1	1	-1	1	-1	-1	1	1	1	1	-1	1	1	1	1	1	1	1	1	1	1	-1	1	1	1	1	1	-1	1	1	0	1	1	-1	1	1	1	-1	1	1	1	-1	1	1	1	1	1	1	-1	1	1	1	1	-1	1	1	-1	1	1	1	-1	-1	1	1	1	-1	1	1	-1	-1	-1	1	1	1	1	1	1	1
attractor355	1	1	1	-1	-1	1	1	-1	1	1	-1	1	1	-1	-1	1	1	1	1	1	1	1	1	1	1	1	1	1	1	1	-1	1	1	1	1	1	1	1	-1	1	1	-1	-1	-1	1	1	1	1	-1	0	1	1	0	1	1	-1	1	1	1	0	1	0	1	1	1	1	1	-1	0	1	1	1	1	1	1	-1	0	1	1	-1	1	1	1	1	1	1	1	1	1	-1	1	1	1	1	1	1	-1	1	1	1	1	1	0	1	1	1	-1	1	0	1	1	1	1	1	1	0
attractor357	1	1	1	-1	1	1	1	-1	1	-1	1	-1	1	1	1	1	1	1	1	1	1	1	1	1	-1	1	1	-1	1	-1	1	1	1	1	-1	1	1	1	1	1	1	1	1	-1	1	1	1	1	1	1	1	1	1	1	1	1	1	1	1	-1	1	1	1	1	1	1	1	-1	1	1	1	1	-1	1	1	-1	1	1	1	1	1	1	1	1	1	1	1	1	1	1	1	1	1	1	1	1	-1	1	-1	1	1	1	1	-1	1	1	-1	-1	1	1	1	1	1	1	1	1
attractor362	1	-1	1	1	1	1	1	1	1	1	1	1	1	1	-1	-1	1	1	1	1	1	-1	1	1	1	1	1	-1	1	-1	-1	1	1	-1	-1	1	1	1	1	1	1	1	-1	-1	1	1	1	1	-1	1	1	1	1	1	1	1	1	1	1	1	1	1	1	1	1	1	1	1	0	1	1	1	1	1	1	1	1	1	1	1	1	1	1	1	1	1	1	1	1	1	1	-1	1	1	1	1	1	1	-1	1	1	-1	1	-1	1	1	-1	1	-1	1	1	1	1	1	1	1
attractor364	1	-1	1	1	-1	1	1	-1	-1	1	-1	1	1	-1	1	1	1	1	1	1	1	1	1	1	1	1	1	-1	1	1	1	0	1	-1	-1	1	1	1	1	1	1	1	1	1	1	-1	1	1	-1	1	1	1	1	1	1	-1	1	1	1	1	-1	1	1	1	1	1	1	-1	0	1	1	1	-1	1	1	1	1	1	1	1	1	1	1	1	1	1	1	1	1	1	1	-1	1	1	1	1	-1	1	-1	-1	1	1	1	-1	1	1	-1	1	-1	1	1	1	1	1	1	1
attractor376	1	1	1	-1	1	1	1	1	1	-1	1	1	1	-1	1	1	1	1	-1	1	1	-1	1	1	1	1	1	-1	1	-1	-1	1	1	-1	1	1	1	1	1	1	1	1	-1	1	1	-1	1	1	-1	1	1	1	0	1	1	1	1	1	1	-1	1	1	1	1	-1	-1	1	1	0	1	1	1	-1	1	-1	1	0	1	1	1	1	1	1	1	1	1	1	1	1	1	1	-1	1	1	-1	1	-1	1	1	1	1	1	1	-1	1	1	-1	1	-1	1	1	1	1	1	1	1
attractor379	1	1	1	-1	1	1	1	-1	-1	1	-1	1	1	-1	1	1	1	1	1	1	1	-1	1	1	1	1	1	-1	1	1	-1	1	1	-1	-1	1	1	1	-1	1	1	1	-1	-1	1	1	1	1	1	1	1	1	0	1	1	1	1	1	1	1	0	0	1	1	-1	1	1	-1	0	1	1	1	1	1	1	-1	1	1	1	-1	1	1	1	1	1	1	1	1	1	-1	1	1	1	1	1	1	1	1	-1	-1	1	1	1	1	1	1	-1	1	0	1	1	1	1	1	1	0
attractor385	1	1	1	1	-1	1	1	-1	-1	-1	1	1	-1	-1	1	-1	1	1	1	1	1	1	1	1	-1	1	-1	1	1	-1	-1	1	1	-1	-1	1	1	1	1	1	1	1	1	-1	1	1	1	1	-1	1	1	1	1	1	1	1	1	1	1	-1	1	1	1	1	1	1	1	1	1	1	1	1	1	1	1	1	1	1	1	-1	1	1	1	1	1	1	1	1	1	1	1	1	1	1	1	1	1	1	-1	1	1	-1	1	1	1	1	-1	1	-1	1	1	1	1	1	1	1
attractor390	1	1	1	1	1	1	1	-1	1	-1	-1	1	1	-1	-1	1	1	1	1	1	1	1	1	1	1	1	-1	1	1	1	1	1	1	-1	-1	1	1	1	1	1	1	1	1	1	1	1	1	1	1	1	1	1	0	1	1	-1	1	1	1	-1	-1	1	1	1	-1	-1	1	-1	1	1	1	-1	1	1	1	1	0	1	1	1	1	1	1	1	1	1	-1	1	-1	1	1	1	1	1	1	1	1	1	-1	-1	1	1	1	1	1	1	-1	-1	1	1	1	1	1	1	1	1
attractor395	1	1	1	1	1	1	1	-1	1	-1	-1	1	-1	-1	1	1	1	1	1	1	1	1	1	1	1	1	0	1	1	1	1	0	0	-1	1	1	1	1	1	1	-1	1	-1	1	1	-1	1	1	-1	1	1	0	0	1	1	-1	1	1	1	0	0	1	1	1	1	1	1	1	0	1	1	-1	0	1	1	-1	0	1	1	-1	1	1	1	1	1	1	-1	1	0	-1	1	-1	1	1	1	1	-1	1	-1	1	1	1	0	1	1	1	-1	1	1	1	1	1	1	1	1	0
attractor399	1	1	1	1	1	1	1	-1	1	-1	1	-1	1	1	1	1	1	1	-1	-1	-1	-1	1	1	1	1	1	-1	1	1	-1	0	1	-1	-1	1	1	1	1	1	1	1	-1	1	1	-1	1	1	-1	1	1	1	0	1	1	-1	1	1	1	1	0	1	1	1	-1	1	1	-1	0	1	1	-1	1	1	-1	-1	0	1	1	1	1	1	1	1	1	1	1	1	1	-1	1	-1	1	1	-1	1	1	1	1	1	1	1	1	1	1	1	-1	-1	1	1	-1	1	1	1	1	0
attractor402	1	-1	1	1	1	-1	1	-1	1	-1	-1	-1	-1	1	1	-1	1	1	1	1	1	1	1	1	-1	1	1	1	1	1	1	1	1	-1	1	1	1	1	1	1	1	1	1	-1	-1	1	1	1	1	1	1	1	1	1	1	1	1	1	1	1	1	1	1	1	1	1	1	1	0	-1	1	-1	-1	1	1	1	1	1	1	1	1	1	1	1	1	1	-1	1	1	-1	1	1	1	-1	1	1	1	1	1	1	1	-1	1	-1	1	1	-1	1	-1	1	1	1	1	1	1	1
attractor403	1	-1	1	-1	1	1	1	1	1	1	1	1	1	1	1	-1	1	1	1	1	1	1	1	1	-1	1	1	1	1	-1	1	1	1	1	1	1	1	1	1	1	-1	-1	1	1	1	1	1	1	1	0	1	1	0	1	1	1	1	1	1	0	1	0	1	1	1	1	1	1	0	-1	1	-1	1	1	1	1	0	1	1	-1	1	1	1	1	1	1	1	1	1	-1	1	-1	1	-1	-1	1	-1	1	1	1	1	-1	1	1	1	1	-1	-1	0	1	1	1	1	1	1	0
attractor410	1	1	1	-1	1	1	1	1	1	-1	1	-1	-1	-1	1	1	1	1	1	1	1	1	1	1	-1	1	1	1	1	-1	1	0	1	-1	1	1	1	1	1	1	1	-1	1	-1	1	1	1	1	-1	0	1	0	1	1	1	1	1	1	1	1	1	1	1	1	1	1	1	1	1	1	1	1	1	1	1	-1	1	1	1	-1	1	1	1	1	1	1	1	1	1	-1	1	1	1	1	-1	1	1	1	1	1	1	1	1	-1	1	1	-1	1	1	1	1	1	1	1	1	1
attractor413	1	1	1	-1	-1	1	1	1	1	1	-1	1	1	-1	1	1	1	1	1	1	1	1	1	1	-1	1	1	1	1	-1	1	1	1	-1	1	1	1	1	-1	1	1	1	-1	1	1	1	1	1	-1	0	1	1	1	1	1	1	1	1	1	0	0	0	1	1	-1	1	1	1	0	1	1	1	-1	1	-1	-1	1	1	1	-1	1	1	1	1	1	1	1	1	1	-1	1	1	1	1	1	1	-1	1	1	1	1	1	0	1	1	1	-1	-1	0	1	1	1	1	1	1	0
attractor415	1	1	1	1	-1	1	1	-1	1	-1	1	-1	1	1	1	1	1	1	1	1	1	1	1	1	-1	1	1	-1	1	-1	1	1	1	1	1	1	1	1	1	1	1	1	1	-1	1	1	1	1	1	0	1	1	0	1	1	1	1	1	1	-1	1	1	1	1	1	1	1	-1	1	1	1	1	-1	1	-1	1	0	1	1	-1	1	1	1	1	1	1	1	1	1	1	1	1	1	1	-1	1	1	1	1	1	1	1	1	-1	1	1	-1	1	1	1	1	1	1	1	1	1
attractor417	1	1	1	-1	1	1	1	-1	1	1	1	-1	-1	1	1	1	1	1	1	1	1	1	1	1	-1	1	1	-1	1	1	1	0	0	-1	-1	1	1	1	1	1	1	-1	-1	-1	-1	-1	1	1	1	0	1	0	0	1	1	-1	1	1	1	0	0	1	1	1	1	1	1	1	0	1	1	1	-1	1	1	-1	1	1	1	1	1	1	1	1	1	1	1	-1	1	1	1	-1	1	1	-1	1	1	1	1	1	1	1	1	0	1	1	-1	1	0	1	1	1	1	1	1	0
attractor422	1	1	1	1	1	1	1	-1	1	1	1	-1	-1	1	1	1	1	1	1	1	1	-1	1	1	1	1	1	-1	1	-1	-1	0	1	-1	1	1	1	1	-1	1	1	-1	-1	-1	-1	-1	1	1	1	1	1	1	1	1	1	-1	1	1	1	1	0	0	1	1	-1	1	1	1	0	-1	1	1	-1	1	1	1	1	1	1	1	1	1	1	1	1	1	1	1	1	-1	1	-1	1	1	1	1	1	1	1	1	1	1	1	0	1	1	-1	1	1	1	1	1	1	1	1	0
attractor427	1	1	-1	-1	-1	1	1	-1	1	1	-1	1	1	1	1	1	1	1	1	1	1	1	1	1	-1	1	-1	-1	1	1	1	0	1	1	-1	1	1	1	1	1	1	-1	-1	1	1	1	1	1	1	1	1	1	0	1	1	1	1	1	1	1	1	1	1	1	1	1	1	-1	1	-1	1	1	1	1	-1	1	0	1	1	1	1	1	1	1	1	1	1	1	-1	-1	1	-1	1	1	1	1	1	1	1	1	1	1	1	-1	1	1	-1	-1	1	1	1	1	1	1	1	1
attractor429	1	1	1	-1	1	1	1	1	1	1	1	1	1	-1	1	1	1	1	1	1	1	-1	1	1	-1	-1	1	1	1	-1	-1	1	1	1	1	1	1	1	1	1	1	-1	1	1	1	1	1	1	-1	0	1	1	0	1	1	1	1	1	1	1	0	0	1	1	-1	1	1	-1	1	-1	1	1	1	1	1	1	0	1	1	1	1	1	1	1	1	1	1	1	1	-1	1	1	1	1	1	1	-1	1	1	1	1	1	1	0	1	1	-1	-1	1	1	1	1	1	1	1	0
attractor439	1	1	1	-1	-1	-1	1	1	1	-1	1	1	1	-1	-1	-1	-1	1	-1	1	1	-1	1	1	-1	1	1	1	1	1	1	1	1	1	-1	1	1	1	1	1	1	1	-1	1	1	-1	1	1	1	1	1	1	1	1	1	1	1	1	1	1	1	0	1	1	1	1	1	-1	0	1	-1	1	-1	1	1	-1	1	1	-1	-1	1	1	1	1	1	1	1	1	1	-1	1	1	1	1	1	1	-1	1	1	1	1	-1	0	0	1	1	-1	1	0	1	1	1	1	1	1	0
attractor441	1	1	1	1	-1	1	1	1	1	1	1	-1	1	1	1	1	1	1	1	1	1	1	1	1	-1	1	1	-1	1	-1	1	0	1	-1	-1	1	1	1	1	1	1	-1	1	1	1	1	1	1	-1	0	1	0	1	1	1	-1	1	1	1	1	-1	1	1	1	1	1	1	-1	1	1	1	1	1	1	-1	1	1	1	1	-1	1	1	1	1	1	1	1	1	1	1	1	1	1	1	1	1	1	1	1	1	1	1	1	1	1	1	-1	-1	-1	1	1	1	1	1	1	1
attractor450	1	1	1	1	-1	1	1	1	-1	1	1	1	1	-1	-1	1	1	1	1	1	1	1	1	1	-1	1	1	-1	1	-1	1	1	1	-1	1	1	1	1	1	1	1	1	1	1	1	1	1	1	1	1	1	1	1	1	1	-1	1	1	1	0	1	1	1	1	1	1	1	-1	1	1	1	1	1	1	1	1	1	1	1	-1	1	1	1	1	1	1	1	1	1	1	1	1	1	1	1	1	1	1	-1	-1	1	1	0	1	1	1	-1	-1	0	1	1	1	1	1	1	0
attractor454	1	1	1	-1	1	1	1	1	-1	1	-1	1	1	-1	-1	1	1	1	1	1	1	1	1	1	1	1	1	1	1	-1	1	1	1	1	-1	1	1	1	-1	1	1	1	1	1	1	1	1	1	1	1	1	1	0	1	1	1	1	1	1	1	0	1	1	1	-1	1	1	-1	1	1	1	1	1	1	1	-1	1	1	1	1	1	1	1	1	1	1	1	1	1	-1	1	-1	1	1	1	1	-1	1	-1	-1	1	1	0	0	1	1	-1	-1	0	1	1	1	1	1	1	0
attractor455	-1	1	1	1	-1	1	-1	1	1	1	1	1	1	-1	1	1	1	1	1	1	1	-1	1	1	-1	1	1	-1	1	-1	-1	1	1	-1	1	1	1	1	1	1	1	-1	-1	1	1	-1	1	1	1	1	1	1	0	1	1	1	1	1	1	-1	1	1	1	1	1	-1	1	-1	0	1	1	1	-1	1	1	1	0	1	1	1	1	1	1	1	1	1	1	1	1	1	1	-1	1	1	1	1	1	1	1	1	1	1	1	1	1	1	-1	1	-1	1	1	1	1	1	1	1
attractor460	1	1	1	-1	1	1	1	1	1	-1	1	1	1	-1	1	1	1	1	1	1	1	-1	1	1	1	1	1	1	1	1	1	0	1	1	1	1	1	1	1	1	1	1	-1	1	1	-1	1	1	1	1	1	1	0	1	1	-1	1	1	1	-1	-1	1	1	1	1	1	1	-1	0	1	1	1	1	1	1	1	0	1	1	-1	1	1	1	1	1	1	1	1	1	1	1	1	1	1	-1	1	-1	1	-1	1	1	1	1	1	1	1	-1	-1	1	1	1	1	1	1	1	1
attractor461	1	1	1	1	1	1	1	-1	1	-1	-1	-1	-1	1	1	1	1	1	1	1	1	1	1	1	1	-1	-1	1	1	-1	-1	1	1	1	1	1	1	1	1	1	1	1	1	-1	1	-1	1	1	-1	1	1	1	0	1	1	1	1	1	1	1	1	1	1	1	-1	1	1	1	1	1	1	1	1	1	1	1	0	1	1	-1	1	1	1	1	1	1	1	1	-1	-1	1	1	1	1	-1	1	1	1	-1	1	1	1	1	-1	1	1	-1	-1	1	1	1	1	1	1	1	1
attractor463	1	1	1	-1	1	1	1	1	1	-1	1	1	1	1	-1	1	1	1	1	1	1	1	1	1	-1	1	1	1	1	1	1	1	1	1	-1	1	1	1	1	1	1	-1	-1	1	1	1	1	1	-1	0	1	1	1	1	1	1	1	1	1	0	0	1	1	1	1	1	1	1	0	-1	1	-1	1	1	1	1	1	1	1	1	1	1	1	1	1	1	1	-1	1	1	1	-1	1	1	1	1	-1	1	1	1	1	1	1	1	1	1	-1	1	1	-1	1	1	1	1	1	0
attractor467	1	1	1	1	-1	1	1	-1	1	1	1	1	1	-1	-1	1	1	1	1	1	1	1	1	1	-1	1	1	1	1	1	1	1	1	-1	-1	1	1	1	1	1	1	1	-1	-1	1	-1	1	1	-1	1	1	1	0	1	1	-1	1	1	1	0	0	1	1	1	-1	1	1	-1	0	1	1	1	1	1	1	1	1	1	1	-1	1	1	1	1	1	1	1	1	1	1	1	1	1	1	1	1	1	1	-1	-1	1	1	0	1	1	1	-1	-1	0	1	1	1	1	1	1	0
attractor468	1	1	1	1	-1	-1	1	1	-1	1	-1	-1	1	-1	1	-1	1	1	-1	-1	1	1	1	1	-1	1	1	1	1	-1	-1	1	1	1	-1	1	1	1	1	1	1	1	-1	-1	1	-1	1	1	1	1	1	1	0	1	1	1	1	1	1	-1	1	1	1	1	1	1	1	-1	0	1	1	1	1	1	1	1	0	1	1	-1	1	1	1	1	1	1	1	1	1	1	1	-1	1	1	1	1	-1	1	-1	1	1	-1	1	1	1	1	-1	-1	1	1	1	1	1	1	1	1
attractor470	1	1	1	-1	1	-1	1	1	1	-1	-1	-1	1	-1	-1	-1	1	1	1	1	1	1	1	1	-1	1	1	1	1	-1	1	0	1	1	-1	1	1	1	1	1	1	-1	-1	1	1	-1	1	1	1	0	1	1	1	1	1	1	1	1	1	-1	1	1	1	1	1	1	1	1	0	1	1	-1	-1	1	1	-1	1	1	1	-1	1	1	1	1	1	1	-1	1	1	1	1	-1	1	1	-1	1	1	1	1	1	1	1	1	-1	1	1	-1	-1	-1	1	1	1	1	1	1	1
attractor473	1	1	1	-1	1	1	1	1	1	1	-1	1	1	-1	1	-1	1	1	1	1	1	1	1	1	-1	1	1	1	1	-1	-1	1	1	-1	-1	1	1	1	1	1	-1	1	1	1	1	-1	1	1	1	0	1	1	0	1	1	1	1	1	1	0	1	0	1	1	1	1	1	-1	0	1	1	1	1	1	1	-1	1	1	1	-1	1	1	1	1	1	1	1	1	1	-1	1	-1	1	1	1	1	1	1	1	1	1	-1	0	1	-1	1	-1	1	1	1	1	1	-1	1	1	0
attractor483	1	1	1	-1	-1	1	1	-1	0	1	0	-1	0	-1	0	1	1	1	1	1	1	1	1	1	-1	1	1	-1	1	0	1	0	0	-1	-1	1	1	1	1	1	1	0	0	-1	0	-1	1	1	-1	0	1	0	0	0	1	1	1	1	1	1	1	1	0	1	1	1	1	0	0	0	1	1	1	1	0	1	0	0	1	1	1	1	1	1	1	1	1	0	1	1	1	-1	1	1	1	1	1	1	0	1	1	1	0	0	1	1	-1	1	1	0	1	1	1	1	1	0
attractor485	1	1	1	-1	1	1	1	-1	1	1	1	1	1	1	-1	1	1	1	1	1	1	1	1	1	-1	1	1	-1	1	1	1	1	1	1	-1	1	1	1	-1	1	1	1	-1	-1	1	-1	1	1	-1	0	1	1	0	1	1	1	1	1	1	1	1	1	1	1	-1	1	1	1	0	-1	1	1	1	1	1	-1	0	1	1	1	1	1	1	1	1	1	1	1	1	-1	1	1	1	1	1	1	-1	1	1	1	1	1	1	1	1	1	-1	1	1	1	1	1	1	1	1	0
attractor490	1	-1	1	-1	1	-1	1	1	1	1	1	1	1	-1	1	-1	1	1	1	1	1	-1	1	1	-1	-1	1	1	1	-1	1	1	1	1	1	1	1	1	1	1	1	1	-1	-1	1	-1	1	1	-1	1	1	1	0	1	1	1	1	1	1	0	1	1	1	1	1	1	1	-1	0	-1	1	1	1	1	-1	1	1	1	1	1	1	1	1	1	1	1	1	1	1	1	1	-1	1	1	1	1	1	1	1	1	1	1	1	0	1	1	-1	-1	1	1	1	1	1	1	1	0
attractor493	1	1	1	-1	-1	1	1	1	1	-1	-1	1	1	1	1	1	1	1	1	1	1	-1	1	1	1	1	1	-1	1	1	-1	1	1	-1	-1	1	1	1	1	1	1	-1	-1	-1	1	-1	1	1	-1	0	1	1	1	1	1	-1	1	1	1	0	0	1	1	1	1	1	1	-1	1	1	1	1	1	1	1	-1	1	1	1	1	1	1	1	1	1	1	1	1	1	1	1	1	1	1	1	1	-1	1	1	1	1	1	0	1	1	1	-1	-1	0	1	1	1	1	1	1	0
attractor494	1	1	1	-1	1	1	1	-1	1	1	-1	1	1	-1	1	-1	1	1	1	1	1	1	1	1	1	1	1	1	1	1	1	1	1	1	1	1	1	1	-1	1	1	-1	-1	1	1	-1	1	1	1	0	1	1	1	1	1	1	1	1	1	1	1	1	1	1	1	1	1	-1	1	-1	1	1	-1	1	1	1	1	1	1	-1	1	1	1	1	1	1	1	1	1	1	1	-1	1	1	1	1	1	1	1	1	1	-1	0	1	1	1	-1	-1	0	1	1	1	1	1	1	0
attractor500	1	1	1	1	-1	1	1	-1	1	-1	1	1	1	-1	1	1	1	1	1	1	1	-1	1	1	1	1	1	-1	1	-1	1	1	1	1	1	1	1	1	-1	1	1	1	1	-1	1	1	1	1	-1	0	1	1	1	1	1	1	1	1	1	-1	-1	1	1	1	1	1	1	-1	1	-1	1	1	1	1	1	-1	1	1	1	-1	1	1	1	1	1	1	1	1	1	-1	1	1	1	1	1	1	1	1	1	1	1	1	1	1	1	1	-1	1	-1	1	1	1	1	1	1	1
attractor502	1	-1	1	1	1	-1	1	-1	1	1	-1	1	1	-1	1	-1	1	1	1	1	1	1	1	1	-1	1	1	-1	1	1	-1	1	1	-1	-1	1	1	1	1	1	1	1	1	-1	1	-1	1	1	-1	1	1	1	1	1	1	1	1	1	1	-1	-1	1	1	1	1	1	1	-1	1	1	1	1	-1	1	1	-1	1	1	1	-1	1	1	1	1	1	1	1	1	1	-1	1	-1	1	1	-1	1	1	1	-1	1	1	-1	1	-1	1	1	-1	-1	-1	1	1	1	1	1	1	1
attractor509	1	1	1	-1	-1	1	1	-1	-1	1	-1	-1	1	1	1	1	1	1	1	1	1	-1	1	1	-1	1	1	-1	1	-1	-1	1	1	1	-1	1	1	1	1	1	1	1	-1	-1	1	-1	1	1	1	1	1	1	0	1	1	1	1	1	1	0	1	1	1	1	-1	1	1	-1	0	1	1	1	1	1	1	1	1	1	1	-1	1	1	1	1	1	1	1	1	1	-1	1	1	1	1	-1	1	1	1	-1	-1	1	1	0	0	1	1	-1	-1	1	1	1	1	1	1	1	0
attractor513	1	1	1	1	1	1	1	1	1	-1	-1	1	-1	1	-1	1	1	1	1	1	1	1	1	1	-1	1	1	1	1	1	1	0	0	1	-1	1	1	1	-1	1	1	-1	-1	-1	-1	-1	1	1	-1	0	1	1	0	1	1	-1	1	1	1	0	0	0	1	1	-1	1	1	1	0	1	1	1	-1	1	1	1	0	1	1	-1	1	1	1	1	1	1	1	1	1	1	1	1	1	1	-1	1	1	1	1	1	1	1	0	0	1	1	-1	1	0	1	1	1	1	1	1	0
attractor516	1	1	1	1	1	1	1	1	1	-1	-1	1	-1	-1	1	1	1	1	1	1	1	1	1	1	-1	1	1	-1	1	-1	-1	0	1	1	-1	1	1	1	-1	1	1	1	1	1	-1	-1	1	1	-1	0	1	0	1	1	1	1	1	1	1	0	1	0	1	1	-1	1	1	1	0	-1	1	1	-1	1	1	-1	1	1	1	-1	1	1	1	1	1	1	1	1	1	-1	1	-1	1	1	1	1	-1	1	1	1	1	1	1	0	1	1	-1	1	0	1	1	1	1	1	1	0
attractor522	1	1	-1	1	-1	1	1	-1	1	1	1	1	-1	1	1	1	1	1	1	1	1	1	1	1	1	1	0	-1	1	0	-1	0	1	-1	-1	1	1	1	1	1	1	-1	0	1	1	-1	1	1	1	0	1	0	0	1	1	1	1	1	1	1	1	0	1	1	1	1	1	1	0	1	1	1	1	1	-1	-1	0	1	1	1	1	1	1	1	1	1	1	1	0	-1	1	-1	1	1	-1	1	-1	1	1	1	1	1	1	1	1	1	-1	-1	1	1	1	1	1	1	1	0
attractor523	1	1	1	-1	-1	1	-1	-1	1	1	-1	-1	1	1	1	1	1	1	1	1	1	-1	1	1	1	1	1	-1	1	1	1	1	1	1	-1	1	1	1	1	1	-1	1	1	-1	1	1	1	1	-1	1	1	1	0	1	1	-1	1	1	1	1	1	0	1	1	-1	1	1	-1	1	1	1	1	-1	1	1	-1	0	1	1	-1	1	1	-1	1	1	1	1	1	1	1	1	-1	1	1	-1	1	1	1	-1	1	1	1	0	0	1	1	-1	-1	1	1	1	1	1	1	1	0
attractor532	1	1	1	1	1	1	1	1	1	1	1	1	-1	-1	-1	1	1	1	1	1	1	1	1	1	1	1	1	1	1	-1	-1	1	1	1	-1	1	1	1	1	1	1	1	-1	1	-1	-1	1	1	-1	0	1	1	1	1	1	-1	1	1	1	-1	-1	1	1	1	1	1	1	1	0	1	1	-1	1	1	1	-1	1	1	1	-1	1	1	1	1	1	1	-1	1	1	1	1	1	1	1	1	1	-1	1	1	1	1	1	1	1	1	1	-1	-1	-1	1	1	1	1	1	1	1
attractor534	1	-1	1	1	1	-1	1	-1	1	1	1	-1	-1	-1	1	-1	1	1	1	1	1	1	1	1	-1	1	1	-1	1	1	1	0	1	1	-1	1	1	1	-1	1	1	1	1	1	1	-1	1	1	-1	1	1	1	1	1	1	1	1	1	1	1	-1	1	1	1	1	1	1	1	0	1	1	1	-1	1	1	-1	1	1	1	1	1	1	1	1	1	1	1	1	1	1	1	-1	1	-1	-1	1	1	1	1	1	1	1	1	-1	-1	1	-1	-1	1	1	1	1	-1	1	1	1
attractor535	1	1	1	-1	1	1	1	1	-1	-1	1	1	1	1	1	-1	1	1	-1	-1	1	-1	1	1	-1	1	1	1	1	1	1	1	1	-1	-1	1	1	1	-1	1	1	1	-1	-1	1	1	1	1	-1	1	1	1	0	1	1	1	1	1	1	1	1	0	1	1	1	1	1	1	1	1	1	1	-1	1	1	1	0	1	1	-1	1	1	1	1	1	1	1	1	1	1	1	1	1	1	-1	1	-1	1	-1	-1	1	-1	1	0	1	1	-1	-1	1	1	1	1	1	1	1	0
attractor541	1	1	1	1	1	1	1	1	1	-1	1	-1	1	1	1	1	1	1	1	1	1	1	1	1	1	1	1	1	1	1	1	1	1	1	-1	1	1	1	1	1	1	1	1	1	1	1	1	1	-1	1	1	1	0	1	1	-1	1	1	1	-1	1	1	1	1	1	1	1	-1	0	1	1	1	1	1	-1	1	0	1	1	-1	1	1	-1	-1	1	1	1	1	1	1	1	-1	1	1	-1	1	1	1	-1	1	1	1	1	-1	1	1	-1	-1	1	1	1	1	1	1	1	1
attractor546	1	1	1	1	-1	1	1	1	1	1	-1	1	1	1	-1	-1	1	1	1	1	1	1	1	1	-1	-1	1	1	1	-1	-1	1	1	1	1	1	1	1	1	1	1	1	-1	1	1	1	1	1	-1	1	1	1	1	1	1	1	1	1	1	0	1	0	1	1	1	1	1	1	0	1	1	1	1	1	1	1	1	1	1	1	1	1	1	1	1	1	1	1	1	-1	1	1	1	1	-1	1	-1	1	-1	-1	1	-1	1	0	1	1	-1	1	0	1	1	1	1	1	1	0
attractor547	1	1	1	1	-1	1	1	-1	1	-1	-1	-1	1	1	1	1	1	1	1	1	1	1	1	1	1	1	1	1	1	1	1	0	1	-1	-1	1	1	1	-1	1	1	-1	1	-1	1	-1	1	1	-1	1	1	0	0	1	1	-1	1	1	1	1	1	1	1	1	1	1	1	-1	1	-1	1	1	-1	1	-1	1	0	1	1	1	1	1	1	1	1	1	1	1	1	-1	1	-1	1	1	-1	1	-1	1	1	1	1	1	1	1	1	1	-1	1	-1	1	1	1	1	1	1	1
attractor549	1	1	1	-1	-1	1	1	1	1	1	-1	1	-1	1	1	1	1	1	1	1	1	1	1	1	-1	1	1	1	1	-1	1	1	1	1	-1	1	1	1	1	1	1	1	-1	1	-1	1	1	1	1	1	1	1	0	1	1	-1	1	1	1	1	1	0	1	1	1	1	1	1	0	1	1	1	-1	1	1	1	1	1	1	-1	1	1	1	1	1	1	1	1	1	1	1	1	1	1	-1	1	1	1	-1	1	1	1	0	0	1	1	-1	-1	0	1	1	1	1	1	1	0
attractor550	1	1	1	1	-1	1	1	1	1	-1	1	-1	1	1	1	1	1	1	1	1	1	-1	1	1	-1	1	1	1	1	1	-1	1	1	1	-1	1	1	1	1	1	1	-1	-1	1	1	-1	1	1	-1	0	1	1	0	1	1	-1	1	1	1	1	1	1	1	1	1	-1	1	-1	1	-1	1	1	1	1	1	-1	1	1	1	1	1	1	1	1	1	1	1	1	1	-1	1	-1	1	1	1	1	1	1	1	1	1	1	1	1	1	1	-1	1	-1	1	1	1	1	1	1	1
attractor558	1	1	-1	-1	1	1	1	1	1	1	1	1	1	-1	1	1	1	1	1	1	1	-1	1	1	-1	1	1	-1	1	0	1	0	1	-1	-1	1	1	1	1	1	1	1	0	-1	1	1	1	1	1	1	1	0	0	0	1	1	1	1	1	-1	1	1	0	1	-1	1	1	-1	0	-1	1	1	-1	1	1	1	1	1	1	-1	1	1	1	1	1	1	1	1	1	-1	1	-1	1	1	1	1	-1	1	1	1	1	1	1	-1	1	1	-1	1	-1	1	1	1	1	1	1	1
attractor575	1	1	1	1	1	1	1	1	1	-1	-1	1	1	-1	1	1	1	1	1	1	1	-1	1	1	-1	1	1	-1	1	1	-1	1	1	-1	-1	1	1	1	-1	1	1	-1	-1	1	1	-1	1	1	-1	1	1	1	0	1	1	1	1	1	1	1	-1	1	1	1	-1	1	1	-1	1	-1	1	1	-1	1	-1	-1	1	1	1	-1	1	1	1	1	1	1	1	1	1	-1	1	1	1	1	1	1	1	1	1	1	1	1	1	1	1	1	-1	-1	-1	1	1	1	1	1	1	1
attractor578	1	1	1	1	1	1	1	1	1	-1	1	-1	-1	1	1	1	1	1	1	1	1	1	1	1	1	1	1	-1	1	1	1	1	1	1	-1	1	1	1	1	1	1	1	-1	1	-1	-1	1	1	-1	0	1	1	1	1	1	-1	1	1	1	1	0	0	1	1	-1	1	1	1	1	1	1	1	1	1	-1	1	1	1	1	1	1	1	1	1	1	1	1	1	1	1	1	-1	1	1	1	1	-1	1	1	1	1	1	0	0	1	1	-1	1	1	1	1	1	1	1	1	0
attractor585	1	1	1	1	1	1	1	-1	1	1	-1	1	1	-1	1	1	1	1	1	1	1	1	1	1	-1	1	1	1	1	1	1	0	1	-1	1	1	1	1	1	1	1	-1	1	-1	1	-1	1	1	1	0	1	1	0	1	1	1	1	1	1	1	0	1	1	1	1	1	1	-1	0	-1	1	1	-1	1	1	-1	0	1	1	-1	1	1	1	1	1	1	1	1	1	-1	1	-1	1	1	1	1	-1	1	1	1	1	1	0	1	1	1	-1	-1	0	1	1	1	1	1	1	0
attractor586	1	1	1	-1	1	1	1	-1	1	1	1	-1	-1	-1	1	1	1	1	1	1	1	-1	1	1	1	1	1	-1	1	-1	1	0	0	-1	1	1	1	1	1	1	1	1	1	1	-1	-1	1	1	1	0	1	1	1	1	1	1	1	1	1	1	1	0	1	1	-1	1	1	1	1	-1	1	1	1	1	-1	-1	1	1	1	-1	1	1	1	1	1	1	1	1	1	-1	1	1	1	1	1	1	-1	1	1	1	1	1	0	1	1	1	-1	-1	1	1	1	1	1	1	1	0
attractor589	1	-1	1	-1	-1	-1	1	-1	1	1	-1	-1	-1	1	1	-1	1	1	1	1	1	-1	1	1	-1	1	1	-1	1	-1	1	0	1	1	1	1	1	1	-1	1	1	-1	1	-1	-1	-1	1	1	-1	0	1	1	1	1	1	1	1	1	1	-1	-1	1	1	1	1	1	1	1	1	1	1	1	-1	1	-1	-1	1	1	1	1	1	1	1	1	1	1	1	1	1	1	1	-1	1	1	-1	1	-1	1	1	1	1	-1	1	1	1	1	-1	1	-1	1	1	1	1	1	1	1
attractor594	1	1	1	-1	1	1	1	-1	1	1	1	1	1	1	1	1	1	1	1	1	1	-1	1	1	1	1	1	-1	1	1	-1	0	1	-1	-1	1	1	1	1	1	1	1	1	1	1	-1	1	1	1	1	1	0	1	1	1	-1	1	1	1	1	1	1	1	1	-1	1	1	-1	1	1	1	1	-1	1	1	-1	1	1	1	1	1	1	1	1	1	1	1	1	1	1	1	-1	1	1	1	1	1	1	-1	-1	1	1	1	1	1	1	-1	1	0	1	1	1	1	1	1	0
attractor595	1	1	-1	-1	-1	1	1	1	1	1	1	1	1	1	1	1	1	1	1	1	1	1	1	1	1	1	-1	1	1	1	-1	0	0	-1	-1	1	1	1	1	1	1	1	-1	1	1	-1	1	1	-1	1	1	1	0	1	1	1	1	1	1	0	1	0	1	1	-1	1	1	1	1	1	1	1	1	1	1	-1	0	1	1	-1	1	1	1	1	1	1	1	1	-1	1	1	1	1	1	1	1	-1	1	-1	1	1	1	0	1	1	1	-1	-1	1	1	1	1	1	1	1	0
attractor596	1	-1	1	1	1	1	1	1	1	-1	-1	1	-1	-1	-1	-1	1	1	1	1	1	1	1	1	1	1	1	-1	1	-1	-1	1	1	-1	-1	1	1	1	1	1	1	1	1	1	-1	1	1	1	1	1	1	1	1	1	1	1	1	1	1	-1	1	1	1	1	1	1	1	1	1	1	1	1	-1	1	1	1	1	1	1	-1	1	1	1	1	1	1	1	1	1	1	-1	-1	1	1	-1	1	-1	1	-1	1	1	-1	1	-1	-1	1	-1	-1	-1	1	1	1	1	1	1	1
attractor606	1	-1	1	1	1	-1	1	1	-1	-1	-1	1	1	1	-1	-1	1	1	1	1	1	1	1	1	-1	1	1	-1	1	-1	1	1	1	1	-1	1	1	1	1	1	1	1	-1	1	1	-1	1	1	-1	1	1	1	0	1	1	1	1	1	1	-1	-1	1	1	1	1	1	1	1	0	1	1	-1	-1	1	1	1	0	1	1	-1	1	1	1	1	1	1	1	1	1	1	1	-1	1	1	1	1	-1	1	-1	-1	1	1	1	-1	1	1	-1	-1	1	1	1	1	1	1	1	1
attractor607	1	1	1	-1	-1	1	1	-1	1	1	1	1	-1	1	1	1	1	1	1	1	1	-1	1	1	1	1	1	-1	1	-1	1	1	1	1	-1	1	1	1	1	1	1	-1	1	1	-1	1	1	1	-1	0	1	1	1	1	1	-1	1	1	1	1	0	1	1	1	1	1	1	1	1	1	1	1	-1	1	-1	-1	1	1	1	1	1	1	1	1	1	1	1	-1	1	-1	1	1	1	1	1	1	-1	1	1	1	1	1	0	1	1	1	-1	1	0	1	1	1	1	1	1	0
attractor622	1	1	1	1	-1	1	1	1	-1	-1	1	1	1	-1	1	1	1	1	1	1	1	1	1	1	-1	1	1	-1	1	-1	1	0	1	-1	1	1	1	1	1	1	1	1	1	-1	1	1	1	1	1	1	1	1	0	1	1	1	1	1	1	1	1	1	1	1	-1	-1	1	1	0	1	1	1	-1	1	-1	-1	1	1	1	-1	1	1	1	1	1	1	1	1	1	-1	1	1	1	1	1	1	-1	1	-1	1	1	1	1	1	1	1	-1	-1	-1	1	1	1	1	1	1	1
attractor625	1	1	1	-1	1	1	1	1	1	-1	1	1	1	-1	1	1	1	1	1	1	1	-1	1	1	-1	1	1	1	1	-1	1	0	1	1	-1	1	1	1	1	1	1	1	-1	1	1	1	1	1	1	1	1	1	1	1	1	1	1	1	1	-1	1	1	1	1	-1	1	1	-1	0	-1	1	1	1	1	1	-1	1	1	1	-1	1	1	1	1	1	1	1	1	1	-1	1	-1	1	1	-1	1	-1	1	1	1	1	1	1	-1	1	1	-1	-1	1	1	1	1	1	1	1	1
attractor627	1	1	1	-1	-1	-1	1	1	1	1	-1	-1	-1	-1	-1	-1	1	1	1	1	1	1	1	1	1	-1	1	1	1	-1	1	0	1	-1	-1	1	1	1	1	1	1	1	1	-1	1	-1	1	1	-1	1	1	1	1	1	1	1	1	1	1	-1	-1	1	1	1	1	1	1	1	1	1	1	1	1	1	1	-1	1	1	1	1	1	1	1	1	1	1	1	1	1	1	1	1	1	1	1	1	-1	1	-1	1	1	1	1	1	1	1	-1	-1	1	1	1	1	1	1	1	1
attractor629	1	1	1	-1	1	1	1	-1	1	-1	-1	-1	1	-1	1	1	1	1	1	1	1	1	1	1	-1	1	0	-1	1	1	-1	0	0	1	1	-1	1	1	1	1	-1	-1	1	-1	1	1	1	1	-1	0	1	0	0	1	1	-1	1	1	1	1	-1	1	1	1	-1	1	1	1	0	-1	1	-1	1	1	-1	-1	0	0	1	1	1	1	1	1	1	1	-1	1	0	1	-1	-1	1	1	1	1	-1	1	1	1	1	1	1	-1	-1	1	-1	-1	1	1	1	1	1	1	1	1
attractor631	1	1	1	-1	-1	1	1	1	1	1	-1	1	-1	-1	1	1	1	1	1	1	1	-1	1	1	1	1	1	-1	1	-1	-1	1	1	1	1	1	1	1	-1	1	1	1	-1	-1	-1	1	1	1	1	0	1	1	0	1	1	-1	1	1	1	1	-1	1	1	1	1	-1	1	1	0	1	1	1	-1	1	1	-1	1	1	1	-1	1	1	1	1	1	1	1	1	1	1	1	1	1	1	-1	1	1	1	1	1	1	1	1	1	1	1	-1	-1	-1	1	1	1	1	1	1	1
attractor635	1	1	1	-1	1	1	1	-1	1	1	1	1	1	1	1	1	1	1	1	1	1	1	1	1	-1	1	1	1	1	1	1	0	0	1	1	1	1	1	1	1	1	-1	1	1	1	1	1	1	1	0	1	0	1	1	1	1	1	1	1	-1	1	1	1	1	-1	-1	1	0	1	-1	1	1	-1	1	1	1	1	1	1	1	1	1	1	1	1	1	1	1	1	-1	1	1	1	1	1	1	-1	1	1	1	1	1	1	-1	1	1	-1	-1	1	1	1	1	1	1	1	1
attractor638	1	1	1	1	1	-1	1	1	1	-1	-1	1	-1	-1	1	-1	1	1	1	1	1	-1	1	1	1	1	1	1	1	1	-1	1	1	1	-1	1	1	1	1	1	1	1	1	-1	1	1	1	1	1	0	1	1	0	1	1	1	1	1	1	0	0	0	1	1	1	1	1	1	0	1	1	-1	1	1	1	1	1	1	1	1	1	1	1	1	1	1	-1	1	1	-1	1	-1	1	-1	-1	1	1	1	1	1	1	-1	1	0	-1	1	-1	-1	1	1	1	1	1	1	1	0
attractor646	1	1	1	-1	1	1	1	1	1	1	-1	1	1	-1	1	1	1	1	1	1	1	-1	1	1	-1	1	1	1	1	-1	-1	0	1	-1	-1	1	1	1	1	1	1	1	-1	-1	1	1	1	1	-1	1	1	1	1	1	1	1	1	1	1	-1	1	1	1	1	1	-1	1	1	0	1	1	-1	1	1	-1	-1	1	1	1	-1	1	1	1	1	1	1	1	1	1	1	1	-1	1	1	-1	1	-1	1	1	1	1	1	1	-1	1	1	-1	1	1	1	1	1	1	1	1	1
attractor652	1	1	-1	1	-1	1	1	1	1	-1	1	1	1	1	1	1	1	1	1	1	1	1	1	1	-1	1	1	-1	1	-1	-1	0	0	-1	1	1	1	1	-1	1	1	1	-1	-1	1	1	1	1	1	0	1	1	0	1	1	1	1	1	1	1	1	0	1	1	-1	1	1	0	0	1	1	1	1	1	-1	-1	1	1	1	1	1	1	1	1	1	1	1	1	1	1	1	-1	1	1	1	1	-1	1	1	1	1	1	0	1	1	1	-1	-1	1	1	1	1	1	1	1	0
attractor658	1	1	1	-1	-1	-1	1	-1	1	1	1	1	1	-1	-1	-1	1	1	-1	1	1	1	1	1	1	1	1	1	1	1	-1	0	1	-1	1	1	1	1	1	1	1	1	-1	-1	1	1	1	1	-1	1	1	1	1	1	1	1	1	1	1	1	1	1	1	1	1	1	1	-1	0	1	1	1	-1	1	1	-1	1	1	1	-1	1	1	1	1	1	1	1	1	1	1	1	1	1	1	-1	1	-1	1	1	1	1	1	1	-1	1	1	-1	1	1	1	1	1	1	-1	1	1
attractor661	1	1	1	1	-1	1	1	-1	1	-1	1	-1	-1	1	1	1	1	1	1	1	1	1	1	1	-1	1	1	-1	1	-1	-1	0	0	-1	-1	1	1	1	1	1	1	1	1	1	-1	1	1	1	-1	0	1	1	0	1	1	1	1	1	1	-1	-1	1	1	1	1	1	1	1	1	1	1	1	1	1	1	-1	0	1	1	-1	1	1	1	1	1	1	1	1	1	-1	1	-1	1	1	-1	1	1	1	1	1	1	1	1	-1	1	1	-1	-1	-1	1	1	1	1	1	1	1
attractor667	1	1	1	1	-1	1	1	-1	-1	-1	-1	1	1	-1	1	1	1	1	1	1	1	-1	1	1	1	1	1	-1	1	-1	1	1	1	-1	-1	1	1	1	1	1	1	1	1	1	1	1	1	1	-1	1	1	1	0	1	1	-1	1	1	1	1	-1	1	1	1	-1	1	1	-1	0	1	1	1	-1	1	-1	-1	0	1	1	-1	1	1	1	1	1	1	1	1	1	1	1	-1	1	1	-1	1	-1	1	-1	-1	1	1	1	-1	1	1	-1	-1	-1	1	1	1	1	1	1	1
attractor670	1	-1	1	-1	1	-1	1	1	-1	-1	-1	-1	1	1	1	-1	1	1	1	1	1	1	1	1	1	1	1	-1	1	1	1	0	1	-1	1	1	1	1	1	1	-1	1	-1	1	1	-1	1	1	1	1	1	1	1	1	1	1	1	1	1	-1	-1	1	1	1	1	1	1	-1	1	1	1	1	1	1	1	-1	1	1	1	1	1	1	1	1	1	1	1	1	1	-1	1	-1	1	1	-1	1	1	1	-1	-1	1	1	1	-1	1	1	-1	-1	1	1	1	1	1	1	1	1
attractor671	1	1	1	1	1	1	1	-1	1	-1	1	-1	1	1	1	1	1	1	1	1	1	-1	1	1	-1	1	1	1	1	1	1	0	0	1	1	1	1	1	1	1	-1	-1	1	1	1	-1	1	1	-1	0	1	0	1	1	1	1	1	1	1	-1	1	1	1	1	1	-1	1	1	1	-1	1	-1	1	1	-1	1	1	1	1	-1	1	1	1	1	1	1	1	1	1	-1	1	1	1	1	1	1	1	1	1	1	1	1	1	1	1	1	-1	-1	-1	1	1	1	1	1	1	1
attractor673	1	1	1	-1	1	1	1	-1	-1	-1	-1	-1	1	1	1	-1	1	1	1	1	1	1	1	1	1	1	1	-1	1	-1	-1	1	1	1	1	1	1	1	-1	1	1	1	-1	-1	1	1	1	1	-1	1	1	1	0	1	1	1	1	1	1	1	1	1	1	1	1	1	1	1	0	1	1	1	1	1	1	-1	1	1	1	-1	1	1	1	1	1	1	1	1	1	-1	1	1	1	1	-1	1	-1	1	-1	-1	1	-1	0	1	1	1	-1	-1	0	1	1	1	1	1	1	0
attractor677	1	1	1	1	1	1	1	1	1	-1	1	-1	1	-1	1	1	1	1	1	1	1	-1	1	1	-1	1	1	-1	1	1	1	0	1	-1	-1	1	1	1	1	1	1	1	-1	-1	1	-1	1	1	1	0	1	0	1	1	1	-1	1	1	1	-1	-1	1	1	1	-1	1	1	1	0	-1	1	-1	1	1	1	-1	1	1	1	-1	1	1	1	1	1	1	-1	1	1	1	1	1	1	1	-1	1	-1	1	1	1	1	1	1	-1	1	1	-1	1	-1	1	1	1	1	1	1	1
attractor679	1	-1	1	1	-1	-1	1	-1	1	-1	-1	-1	1	-1	1	-1	1	1	1	1	1	1	1	1	-1	1	1	1	1	-1	-1	0	1	1	-1	1	1	1	-1	1	1	-1	1	1	1	-1	1	1	-1	0	1	0	1	1	1	1	1	1	1	1	-1	1	1	1	1	1	1	-1	1	1	1	1	-1	1	1	-1	1	1	1	-1	1	1	1	1	1	1	1	1	1	1	1	1	1	1	-1	1	-1	1	1	1	1	-1	1	-1	1	1	-1	-1	1	1	1	1	1	1	1	1
attractor680	1	1	1	1	-1	1	1	1	-1	1	1	1	1	-1	1	-1	1	1	1	1	1	1	1	1	-1	1	1	1	1	1	1	1	1	1	1	1	1	1	1	1	1	1	-1	1	1	-1	1	1	-1	1	1	1	1	1	1	1	1	1	1	1	0	0	1	1	1	1	1	-1	0	1	1	1	-1	1	1	1	1	1	1	-1	1	1	1	1	1	1	1	1	1	-1	1	-1	1	1	1	1	-1	1	-1	1	1	1	0	0	1	1	-1	1	0	1	1	1	1	1	1	0
attractor682	1	1	1	-1	1	1	1	1	1	1	-1	1	1	1	1	1	1	1	1	1	1	-1	1	1	-1	1	1	-1	1	1	1	0	0	-1	-1	1	1	1	1	1	1	-1	-1	1	1	1	1	1	-1	1	1	1	0	1	1	1	1	1	1	1	1	1	1	1	-1	1	1	0	1	1	1	-1	1	1	1	1	0	1	1	-1	1	1	1	1	1	1	-1	1	1	1	1	1	1	1	1	1	1	1	1	1	1	1	1	1	1	1	-1	-1	-1	1	1	1	1	1	1	1
attractor683	1	1	-1	1	1	1	1	-1	1	1	-1	1	1	-1	1	1	1	1	1	1	1	1	1	1	1	1	1	1	1	1	1	1	1	1	1	1	1	1	1	1	1	-1	-1	-1	1	1	1	1	-1	0	1	1	1	1	1	-1	1	1	1	0	0	0	1	1	-1	1	1	-1	0	-1	1	-1	-1	1	1	-1	1	1	1	-1	1	1	1	1	1	1	1	1	1	-1	-1	-1	1	1	-1	1	-1	1	1	1	1	1	0	1	-1	1	-1	1	0	1	1	1	1	1	1	0
attractor685	1	1	1	-1	1	1	1	1	1	-1	1	-1	1	1	1	1	1	1	1	1	1	1	1	1	-1	1	1	1	1	-1	1	1	1	-1	1	1	1	1	1	1	-1	1	1	-1	1	-1	1	1	-1	1	1	1	1	1	1	-1	1	1	1	-1	-1	1	1	1	1	1	1	-1	1	1	1	1	1	1	-1	1	1	1	1	1	1	1	1	1	1	1	1	1	1	-1	1	1	1	1	1	1	-1	1	-1	-1	1	1	1	-1	1	1	-1	-1	-1	1	1	1	1	1	1	1
attractor686	1	1	1	-1	1	1	1	1	1	-1	1	1	1	-1	1	1	1	1	1	1	1	-1	1	1	1	1	1	1	1	1	-1	1	1	1	1	1	1	1	1	1	1	1	1	-1	1	-1	1	1	-1	0	1	1	1	1	1	1	1	1	1	-1	-1	1	1	1	-1	-1	1	1	1	1	1	1	-1	1	-1	1	1	1	1	-1	1	1	1	1	1	1	1	1	1	-1	1	1	1	1	1	1	1	1	1	1	1	1	1	1	1	1	-1	-1	-1	1	1	1	1	1	1	1
attractor692	1	1	1	-1	1	1	1	-1	-1	-1	1	1	1	1	1	1	1	1	1	1	1	-1	1	1	-1	1	1	1	1	-1	-1	1	1	1	-1	1	1	1	1	1	1	1	1	1	1	-1	1	1	1	1	1	1	1	1	1	-1	1	1	1	1	1	1	1	1	1	1	1	1	1	1	1	1	-1	1	-1	-1	1	1	1	-1	1	1	1	1	1	1	1	1	1	-1	1	-1	1	1	-1	1	1	1	-1	1	1	1	1	0	1	1	-1	1	0	1	1	1	1	1	1	0
attractor693	1	1	1	1	1	1	1	-1	-1	-1	-1	1	1	1	1	1	1	1	1	1	1	-1	1	1	-1	1	1	1	1	-1	-1	0	0	1	1	1	1	1	1	1	1	1	1	-1	1	-1	1	1	-1	1	1	0	1	1	1	1	1	1	1	1	-1	1	1	1	1	1	1	1	0	1	1	1	1	1	-1	1	1	1	1	-1	1	1	1	1	1	1	1	1	1	-1	1	-1	1	1	-1	1	-1	1	-1	-1	1	1	1	1	1	1	-1	1	1	1	1	1	1	1	1	1
attractor701	1	-1	1	1	1	1	1	1	1	1	1	-1	1	1	1	-1	1	1	1	1	1	-1	1	1	-1	1	1	-1	1	1	1	1	1	-1	-1	1	1	1	1	1	-1	-1	1	-1	1	1	1	1	-1	0	1	1	0	1	1	1	1	1	1	1	1	1	1	1	1	1	1	-1	1	-1	1	1	1	1	1	-1	1	1	1	1	1	1	1	1	1	1	1	1	1	-1	1	1	1	1	1	1	-1	1	1	1	1	1	1	-1	-1	1	-1	-1	-1	1	1	1	-1	1	1	1
attractor705	1	1	1	1	1	1	1	-1	-1	-1	-1	-1	1	-1	1	1	1	1	1	1	1	1	1	1	1	1	1	-1	1	1	1	0	0	-1	-1	1	1	1	1	1	-1	1	-1	-1	1	-1	1	1	1	1	1	1	0	1	1	1	1	1	1	1	1	1	1	1	-1	1	1	1	1	1	1	-1	-1	1	1	-1	1	1	1	1	1	1	1	1	1	1	-1	1	1	-1	1	-1	1	1	1	1	1	1	-1	-1	1	1	1	0	1	1	-1	1	0	1	1	1	1	1	1	0
attractor709	1	1	1	1	-1	1	1	-1	1	1	1	1	-1	-1	1	1	1	1	1	1	1	1	1	1	-1	1	1	1	1	1	1	1	1	-1	-1	1	1	1	1	1	1	1	-1	1	1	1	1	1	-1	0	1	1	0	1	1	1	1	1	1	0	1	1	1	1	-1	1	1	1	0	1	1	1	1	1	-1	-1	0	1	1	1	1	1	1	1	1	1	1	1	1	-1	1	-1	1	1	1	1	1	1	1	1	1	1	0	0	1	1	-1	1	1	1	1	1	1	1	1	0
attractor710	1	1	1	1	-1	1	1	-1	-1	1	-1	-1	1	1	1	1	1	1	1	1	1	-1	1	1	1	1	1	-1	1	-1	-1	0	1	-1	-1	1	1	1	1	1	1	1	1	1	1	-1	1	1	-1	1	1	1	1	1	1	1	1	1	1	1	0	0	1	1	-1	1	1	-1	1	1	1	1	-1	1	1	1	1	1	1	1	1	1	1	1	1	1	1	1	1	-1	1	1	1	1	-1	1	-1	1	-1	1	1	1	0	1	1	1	-1	1	1	1	1	1	1	1	1	0
attractor719	1	1	1	1	-1	1	1	1	-1	-1	1	1	1	-1	1	1	1	1	1	1	1	1	1	1	-1	1	1	1	1	1	1	1	1	-1	1	1	1	1	1	1	1	1	-1	-1	1	-1	1	1	1	1	1	1	0	1	1	-1	1	1	1	-1	-1	1	1	1	1	-1	1	-1	1	1	1	1	1	1	1	-1	1	1	1	-1	1	1	1	1	1	1	1	1	1	1	1	-1	1	1	-1	1	1	1	-1	1	1	1	1	1	1	1	-1	-1	1	1	1	1	1	1	1	1
attractor720	1	1	1	1	1	1	1	1	1	1	1	-1	-1	-1	-1	1	1	1	1	1	1	1	1	1	-1	1	1	1	1	-1	1	1	1	1	-1	1	1	1	1	1	1	1	-1	-1	-1	-1	1	1	-1	0	1	1	0	1	1	1	1	1	1	1	-1	1	1	1	-1	1	1	1	0	-1	1	1	-1	1	1	1	0	1	1	-1	1	1	1	1	1	1	1	1	1	1	1	-1	1	1	-1	1	1	1	1	1	1	1	1	1	1	1	-1	-1	-1	1	1	1	1	1	1	1
attractor743	1	1	1	1	1	1	1	1	-1	-1	1	-1	-1	1	-1	1	1	1	1	1	1	-1	1	1	1	1	1	-1	1	-1	-1	1	1	1	1	1	1	1	1	1	1	1	1	1	1	1	1	1	-1	1	1	1	0	1	1	-1	1	1	1	0	1	1	1	1	1	-1	1	1	1	1	1	-1	-1	1	1	-1	0	1	1	-1	1	1	-1	-1	1	1	1	1	1	1	1	1	1	1	-1	1	-1	1	-1	-1	1	1	0	0	1	1	-1	-1	1	1	1	1	1	1	1	0
attractor744	1	1	1	1	1	1	1	1	-1	-1	1	1	1	1	-1	1	1	1	1	1	1	1	1	1	-1	1	-1	-1	1	-1	-1	1	1	1	1	1	1	1	-1	1	1	1	1	1	1	-1	1	1	1	1	1	1	0	1	1	1	1	1	1	1	0	1	1	1	-1	1	1	1	1	1	1	1	1	1	1	-1	0	1	1	1	1	1	1	1	1	1	1	1	1	-1	1	-1	1	1	-1	1	-1	1	-1	-1	1	1	0	1	1	1	-1	1	1	1	1	1	1	1	1	0
attractor746	1	1	1	1	-1	-1	1	-1	1	1	-1	1	1	1	1	-1	1	1	1	1	1	1	1	1	1	1	-1	1	1	1	1	1	1	-1	1	1	1	1	1	1	1	1	-1	1	1	1	1	1	1	0	1	1	0	1	1	1	1	1	1	0	1	1	1	1	1	1	1	-1	1	1	1	1	1	1	1	1	0	1	1	-1	1	1	1	1	1	1	1	1	1	-1	1	1	1	1	-1	1	-1	1	1	1	1	1	1	0	1	1	-1	-1	1	1	1	1	1	1	1	0
attractor747	1	-1	1	1	1	1	1	-1	1	1	1	-1	0	1	1	-1	1	1	-1	-1	1	1	1	1	-1	1	1	-1	1	-1	1	0	0	-1	1	-1	1	1	1	1	1	1	1	1	1	-1	1	1	-1	1	1	1	0	1	1	1	1	1	1	1	1	1	1	1	1	1	1	0	1	1	1	1	-1	1	-1	-1	0	1	1	-1	1	1	1	1	1	1	1	1	1	1	-1	-1	1	1	1	1	1	1	-1	1	1	-1	1	-1	-1	1	-1	1	1	1	1	1	1	1	1	1
attractor760	1	1	1	-1	1	1	1	-1	1	1	-1	-1	-1	1	-1	1	1	1	1	1	1	-1	1	1	-1	1	1	1	1	-1	1	0	1	1	1	1	1	1	1	1	1	1	1	1	1	1	1	1	1	1	1	0	1	1	1	-1	1	1	1	1	1	1	1	1	-1	1	1	1	0	1	1	1	-1	1	1	1	1	1	1	-1	1	1	1	1	1	1	1	1	1	-1	1	1	1	1	1	1	-1	1	-1	1	1	1	1	1	1	1	-1	1	1	1	1	1	1	1	1	1
attractor764	1	1	1	-1	1	1	1	1	1	-1	-1	1	1	-1	-1	1	1	1	1	1	1	-1	1	1	1	1	1	-1	1	1	1	0	1	1	1	1	1	1	1	1	1	-1	-1	1	1	-1	1	1	1	0	1	1	0	1	1	1	1	1	1	0	1	1	1	1	1	1	1	-1	0	-1	1	-1	1	1	1	-1	1	1	1	-1	1	1	1	1	1	1	1	1	1	1	1	-1	1	1	1	1	-1	1	1	1	1	1	0	0	1	1	-1	1	0	1	1	1	1	1	1	0
attractor765	1	1	1	-1	1	1	1	1	1	1	-1	1	1	-1	1	1	1	1	1	1	1	1	1	1	-1	1	1	1	1	1	1	0	0	-1	-1	1	1	1	1	1	-1	1	1	1	1	-1	1	1	1	0	1	1	1	1	1	-1	1	1	1	0	1	0	1	1	1	1	1	0	0	1	1	1	-1	1	-1	1	1	1	1	-1	1	1	1	1	1	1	1	1	1	-1	1	1	1	1	1	1	1	1	1	1	1	1	1	1	1	1	-1	1	1	1	1	1	1	1	1	0
attractor766	1	1	1	1	-1	1	1	-1	-1	1	-1	1	1	1	1	1	-1	-1	1	1	1	1	1	1	1	1	1	1	1	-1	1	1	1	1	-1	1	1	1	1	1	1	1	-1	-1	1	1	1	1	1	1	-1	1	0	1	1	-1	1	1	1	-1	1	1	1	1	-1	1	1	-1	0	1	-1	1	-1	1	1	1	0	1	-1	-1	1	1	-1	-1	-1	1	1	1	1	1	1	1	1	1	1	1	-1	1	-1	1	1	1	1	1	1	1	-1	-1	-1	1	1	1	1	1	1	1
attractor767	1	1	1	1	1	1	1	-1	1	-1	-1	1	1	-1	1	1	1	1	1	1	1	1	1	1	-1	1	1	-1	1	1	1	0	1	1	1	1	1	1	1	1	1	1	1	1	1	-1	1	1	1	0	1	0	1	1	1	1	1	1	1	-1	-1	1	1	1	-1	1	1	-1	1	1	1	-1	1	1	1	1	1	1	1	-1	1	1	1	1	1	1	-1	1	1	1	1	1	1	1	-1	1	-1	1	1	1	1	1	1	-1	1	1	-1	-1	1	1	1	1	1	1	1	1
attractor768	1	1	1	-1	-1	1	1	1	1	1	1	1	1	-1	1	1	1	1	1	1	1	1	1	1	1	1	1	1	1	-1	-1	1	1	1	-1	1	1	1	-1	1	1	-1	1	1	1	1	1	1	1	0	1	1	0	1	1	-1	1	1	1	0	0	0	1	1	1	1	1	1	1	-1	1	1	1	1	1	1	1	1	1	1	1	1	1	1	1	1	1	1	1	-1	1	-1	1	1	-1	1	1	1	1	1	1	1	0	1	1	1	-1	1	0	1	1	1	1	1	1	0
attractor771	1	1	1	-1	1	1	1	1	1	-1	1	-1	1	-1	1	1	1	1	1	1	1	-1	1	1	1	1	1	-1	1	1	1	1	1	1	1	1	1	1	1	1	-1	1	-1	1	1	1	1	1	1	1	1	1	0	1	1	-1	1	1	1	0	1	1	1	1	1	1	1	-1	0	1	1	-1	-1	1	1	-1	1	1	1	-1	1	1	1	1	1	1	-1	1	1	-1	1	-1	1	1	1	1	1	1	-1	-1	1	1	1	0	1	1	-1	1	1	1	1	1	1	1	1	0
attractor780	1	1	1	1	-1	1	1	-1	-1	-1	1	1	1	1	1	1	1	1	1	1	1	1	1	1	1	1	1	-1	1	-1	-1	1	1	1	-1	1	1	1	1	1	1	1	-1	1	1	1	1	1	-1	1	1	1	1	1	1	-1	1	1	1	0	0	1	1	1	-1	1	1	-1	0	1	1	1	1	1	1	1	1	1	1	1	1	1	1	1	1	1	1	1	1	1	1	1	1	1	-1	1	-1	1	-1	-1	1	1	0	0	1	1	-1	-1	0	1	1	1	1	1	1	0
attractor782	1	1	1	-1	1	-1	1	1	1	1	-1	-1	1	-1	1	-1	1	1	1	1	1	1	1	1	1	1	1	1	1	1	1	0	1	-1	-1	1	1	1	1	1	1	1	1	-1	1	1	1	1	-1	1	1	0	1	1	1	1	1	1	1	-1	-1	1	1	1	1	1	1	-1	1	1	1	1	1	1	1	-1	1	1	1	-1	1	1	1	1	1	1	1	1	1	-1	1	-1	1	1	1	1	1	1	-1	-1	1	-1	1	1	1	1	-1	-1	1	1	1	1	1	1	1	1
attractor784	1	1	1	1	1	-1	1	1	1	-1	-1	1	1	1	1	-1	1	1	1	1	1	1	1	1	1	1	1	-1	1	1	1	1	1	1	1	1	1	1	1	1	-1	1	1	-1	1	-1	1	1	-1	0	1	1	1	1	1	1	1	1	1	1	1	0	1	1	1	1	1	-1	1	1	1	-1	-1	1	1	-1	1	1	1	-1	1	1	1	1	1	1	1	1	1	1	1	-1	1	1	1	1	1	1	1	1	1	1	0	0	1	1	-1	-1	0	1	1	1	1	1	1	0
attractor787	1	-1	1	-1	1	-1	1	-1	1	1	-1	1	-1	1	1	-1	1	1	1	1	1	1	1	1	-1	1	-1	1	1	-1	-1	1	1	-1	1	1	1	1	1	1	-1	1	1	-1	1	-1	1	1	-1	1	1	1	1	1	1	1	1	1	1	0	1	0	1	1	1	1	1	1	1	1	1	-1	1	1	-1	1	1	1	1	1	1	1	1	1	1	1	1	1	1	1	1	-1	1	1	1	1	-1	1	-1	1	1	1	1	1	1	1	-1	1	1	1	1	1	1	1	1	0
attractor794	1	1	1	-1	1	1	1	-1	-1	1	-1	-1	-1	1	1	1	1	1	1	1	1	-1	1	1	1	1	1	1	1	-1	1	1	1	1	-1	1	1	1	1	1	1	1	1	-1	1	-1	1	1	-1	1	1	1	1	1	1	1	1	1	1	1	-1	1	1	1	-1	-1	1	1	1	1	1	-1	1	1	1	-1	1	1	1	1	1	1	1	1	1	1	1	1	1	-1	1	-1	1	1	1	1	1	1	-1	-1	1	1	1	-1	1	1	-1	-1	-1	1	1	1	1	1	1	1
attractor795	1	1	1	1	1	1	1	-1	-1	1	1	1	1	-1	1	-1	1	1	1	1	1	1	1	1	1	1	1	1	1	1	1	0	0	1	-1	1	1	1	1	1	-1	1	-1	-1	1	1	1	1	-1	1	1	0	0	1	1	1	1	1	1	1	-1	1	1	1	1	1	1	1	0	1	1	-1	-1	1	1	-1	1	0	1	1	1	1	1	1	1	1	-1	1	1	1	1	1	1	1	-1	1	1	1	-1	1	1	1	1	-1	-1	1	-1	1	1	1	1	1	-1	1	1	1
attractor805	1	-1	1	-1	1	-1	1	-1	1	1	-1	1	1	-1	1	-1	1	1	-1	-1	-1	-1	1	1	-1	1	1	1	1	-1	1	0	0	-1	-1	1	1	1	1	1	1	1	1	1	1	1	1	1	-1	0	1	1	0	1	1	1	1	1	1	-1	1	1	1	1	1	1	1	1	1	1	1	1	-1	1	1	1	1	1	1	1	1	1	1	1	1	1	1	1	1	-1	1	-1	1	1	-1	1	1	1	1	1	1	-1	1	-1	1	1	-1	1	-1	1	1	1	1	1	1	1
attractor811	1	1	1	1	1	1	1	1	1	1	1	-1	1	1	-1	1	1	1	1	1	1	1	1	1	1	1	1	-1	1	1	-1	1	1	-1	1	1	1	1	-1	1	1	1	-1	-1	1	1	1	1	1	0	1	1	1	1	1	1	1	1	1	1	-1	1	1	1	-1	1	1	1	0	-1	1	1	-1	1	1	1	1	1	1	-1	1	1	1	1	1	1	1	1	1	-1	1	1	1	1	1	1	-1	1	1	1	1	1	1	-1	1	1	-1	-1	1	1	1	1	1	1	1	1
attractor812	1	1	1	1	1	1	1	-1	1	1	1	-1	1	1	1	-1	1	1	1	1	1	1	1	1	1	1	1	1	1	-1	1	0	1	-1	-1	1	1	1	-1	1	1	-1	1	1	1	-1	1	1	-1	0	1	1	0	1	1	1	1	1	1	1	1	1	1	1	1	1	1	-1	1	1	1	1	1	1	1	1	0	1	1	-1	1	1	1	1	1	1	1	1	1	-1	1	-1	1	1	-1	1	-1	1	1	1	1	1	1	-1	1	1	-1	-1	-1	1	1	1	1	1	1	1
attractor814	1	-1	1	1	-1	1	1	1	-1	-1	1	1	1	1	1	1	1	1	1	1	1	1	1	1	-1	1	-1	-1	1	-1	-1	0	1	-1	-1	1	1	1	1	1	-1	1	1	1	1	-1	1	1	1	1	1	0	1	1	1	-1	1	1	1	1	0	1	1	1	-1	1	1	1	1	1	1	1	1	1	-1	1	1	1	1	-1	1	1	1	1	1	1	1	1	1	1	1	1	1	1	-1	1	-1	1	-1	-1	1	1	1	1	1	1	-1	-1	0	1	1	1	1	1	1	0
attractor818	1	1	-1	1	1	1	1	1	1	1	1	1	-1	1	1	1	1	1	1	1	1	-1	1	1	-1	1	1	-1	1	-1	1	1	1	1	1	1	1	1	-1	1	1	1	-1	-1	1	1	1	1	-1	0	1	1	0	1	1	1	1	1	1	1	-1	1	1	1	-1	1	1	1	0	-1	1	1	-1	1	-1	-1	0	1	1	1	1	1	1	1	1	1	1	1	1	-1	1	1	1	1	-1	1	1	1	1	1	1	1	1	-1	1	1	-1	1	-1	1	1	1	1	1	1	1
attractor820	1	1	1	-1	-1	1	1	-1	1	-1	1	1	1	1	1	1	1	-1	1	1	1	1	1	1	1	1	1	1	1	1	-1	0	0	1	-1	1	1	1	1	1	-1	1	1	1	1	1	1	1	-1	1	-1	1	1	1	1	1	1	1	1	1	0	0	1	1	1	1	1	0	0	1	1	1	-1	1	1	-1	1	1	1	-1	1	1	-1	-1	1	1	1	1	1	1	1	1	1	1	1	1	-1	1	-1	-1	1	1	1	0	1	1	-1	-1	0	1	1	1	1	1	1	0
attractor823	1	1	1	1	-1	1	1	1	1	-1	1	-1	-1	1	1	1	1	1	1	1	1	-1	1	1	-1	1	1	-1	1	1	1	1	1	-1	-1	1	1	1	-1	1	1	1	1	-1	-1	-1	1	1	-1	1	1	1	0	1	1	1	1	1	1	1	1	0	1	1	-1	1	1	1	1	1	1	1	1	1	1	1	1	1	1	1	1	1	1	1	1	1	1	1	1	1	1	1	1	1	-1	1	-1	1	-1	1	1	1	1	1	1	1	-1	-1	1	1	1	1	1	1	1	0
attractor824	1	1	1	-1	1	1	1	-1	1	1	-1	-1	1	-1	1	1	1	1	1	1	1	1	1	1	-1	1	1	-1	1	-1	-1	0	0	1	1	1	1	1	-1	1	1	1	1	-1	1	1	1	1	-1	0	1	1	1	1	1	1	1	1	1	-1	-1	1	1	1	1	1	1	1	1	1	1	1	1	1	1	1	1	1	1	-1	1	1	1	1	1	1	1	1	1	-1	1	-1	1	1	-1	1	-1	1	1	1	1	1	1	-1	1	1	-1	-1	1	1	1	1	1	1	1	1
attractor826	1	1	-1	-1	-1	1	1	-1	1	-1	1	1	1	1	1	1	1	1	1	1	1	1	1	1	-1	-1	-1	1	1	1	-1	0	1	-1	1	1	1	1	-1	1	1	1	-1	-1	1	-1	1	1	-1	1	1	1	0	1	1	1	1	1	1	1	1	0	1	1	-1	1	1	-1	1	1	1	1	1	1	1	-1	0	1	1	-1	1	1	1	1	1	1	1	1	-1	-1	1	1	1	1	1	1	1	1	-1	-1	1	1	1	0	1	1	-1	1	0	1	1	1	1	1	1	0
attractor830	1	-1	1	-1	-1	-1	1	-1	1	-1	1	1	1	1	-1	-1	1	1	1	1	1	-1	1	1	-1	1	1	1	1	-1	1	1	1	1	1	1	1	1	-1	1	1	1	-1	1	1	-1	1	1	1	0	1	1	0	1	1	1	1	1	1	0	0	1	1	1	1	1	1	-1	0	-1	1	1	1	1	1	-1	0	1	1	1	1	1	1	1	1	1	1	1	1	-1	1	1	1	1	1	1	-1	1	1	1	1	-1	1	0	1	1	-1	-1	0	1	1	1	1	-1	1	0
attractor844	1	1	1	1	1	1	1	1	-1	-1	-1	1	1	1	1	1	1	1	1	1	1	1	1	1	1	1	-1	1	1	1	-1	0	0	-1	-1	1	1	1	1	1	1	1	1	1	1	1	1	1	1	1	1	1	0	1	1	-1	1	1	1	1	0	0	1	1	1	1	1	1	1	1	1	-1	1	1	1	1	0	1	1	1	1	1	1	1	1	1	-1	1	1	-1	1	-1	1	1	-1	1	-1	1	-1	1	1	1	0	0	-1	1	-1	1	1	1	1	1	1	1	1	0
attractor845	1	1	1	1	1	1	1	-1	-1	-1	1	-1	0	-1	1	1	1	1	1	1	1	-1	1	1	-1	1	1	1	1	1	-1	0	0	1	1	1	1	1	1	1	1	1	1	1	0	-1	1	1	-1	1	1	0	1	1	1	-1	1	1	1	-1	-1	1	1	1	-1	1	1	0	1	1	1	-1	-1	1	1	-1	1	1	1	1	1	1	1	1	1	1	1	1	1	1	1	-1	1	1	-1	1	1	1	-1	1	1	1	1	-1	1	1	-1	1	1	1	1	1	1	1	1	1
attractor848	1	-1	1	1	-1	1	1	1	1	1	-1	-1	1	1	1	1	1	1	1	1	1	1	1	1	-1	-1	1	-1	1	0	-1	0	1	1	1	1	1	1	1	1	1	-1	1	-1	1	1	1	1	-1	0	1	0	0	0	1	1	1	1	1	0	1	0	1	1	-1	1	1	-1	1	-1	1	1	-1	1	-1	-1	0	1	1	1	1	1	1	1	1	1	1	1	1	1	1	1	1	1	1	1	-1	1	1	1	1	1	1	1	1	1	-1	-1	1	1	1	1	1	1	1	0
attractor850	1	1	1	1	1	1	1	1	1	-1	1	-1	1	-1	1	1	1	1	1	1	1	-1	1	1	-1	1	1	-1	1	0	1	0	1	-1	-1	1	1	1	1	1	1	-1	1	-1	1	1	1	1	1	0	1	0	0	0	1	-1	1	1	1	1	1	1	0	1	-1	1	1	1	1	-1	1	-1	-1	1	-1	-1	1	0	1	1	1	1	1	1	1	1	1	1	1	1	1	1	1	1	-1	1	-1	1	1	1	1	1	0	0	1	1	-1	-1	0	1	1	1	1	1	1	0
attractor851	1	1	1	-1	1	1	1	-1	-1	-1	1	1	1	-1	1	1	1	1	1	1	1	-1	1	1	1	1	1	1	1	1	1	1	1	-1	1	1	1	1	1	1	1	1	-1	-1	1	1	1	1	1	1	1	1	1	1	1	-1	1	1	1	1	1	1	1	1	1	1	1	-1	0	1	1	-1	1	1	1	1	1	1	1	-1	1	1	1	1	1	1	-1	1	1	1	1	1	1	1	1	1	-1	1	-1	-1	1	1	0	1	1	1	-1	1	0	1	1	1	1	1	1	0
attractor855	1	1	-1	-1	1	1	1	-1	1	-1	-1	-1	1	-1	1	1	1	1	-1	-1	1	1	1	1	-1	1	-1	-1	1	1	1	1	1	-1	-1	1	1	1	1	1	1	-1	-1	-1	1	1	1	1	1	1	1	1	0	1	1	1	1	1	1	1	1	1	1	1	-1	1	1	-1	1	1	1	-1	1	1	1	-1	0	1	1	-1	1	1	1	1	1	1	-1	1	-1	-1	1	-1	1	1	1	1	-1	1	1	1	1	1	0	0	1	1	-1	1	1	1	1	1	1	1	1	0
attractor861	1	1	1	1	-1	1	1	1	1	1	-1	-1	0	-1	1	1	1	1	1	1	1	-1	1	1	1	1	1	-1	1	-1	1	0	0	-1	-1	1	1	1	1	1	1	1	1	-1	1	-1	1	1	-1	1	1	0	1	1	1	-1	1	1	1	1	-1	1	1	1	1	1	1	0	0	1	1	1	-1	1	1	1	1	1	1	-1	1	1	1	1	1	1	1	1	1	-1	1	-1	1	1	-1	1	-1	1	1	1	1	1	1	1	1	1	-1	1	-1	1	1	1	1	1	1	1
attractor862	1	1	1	1	-1	1	1	1	1	1	1	1	1	1	-1	1	1	1	1	1	1	1	1	1	-1	1	1	1	1	1	1	1	1	-1	-1	1	1	1	1	1	1	-1	-1	-1	1	1	1	1	1	0	1	1	1	1	1	-1	1	1	1	0	0	0	1	1	-1	1	1	-1	0	1	1	1	1	1	1	-1	1	1	1	1	1	1	1	1	1	1	1	-1	1	1	1	-1	1	1	1	1	-1	1	1	1	1	1	0	1	1	1	-1	1	0	-1	1	1	1	1	1	0
attractor864	1	-1	1	-1	1	1	1	-1	1	1	1	1	1	1	1	-1	1	1	1	1	1	1	1	1	1	1	1	1	1	-1	-1	0	1	-1	-1	1	1	1	1	1	1	-1	-1	1	1	1	1	1	-1	0	1	1	1	1	1	1	1	1	1	0	0	0	1	1	1	1	1	-1	0	-1	1	1	1	1	-1	1	1	1	1	-1	1	1	1	1	1	1	1	1	1	1	1	1	1	1	-1	1	-1	1	1	1	1	-1	0	1	1	1	-1	1	0	1	1	1	1	1	1	0
attractor865	1	1	-1	-1	1	-1	1	1	1	-1	-1	1	1	-1	1	-1	1	1	-1	1	1	1	1	1	-1	1	1	-1	1	1	1	0	1	1	1	1	1	1	1	1	1	1	-1	-1	1	1	1	1	1	0	1	1	1	1	1	1	1	1	1	1	1	1	1	1	1	1	1	1	0	1	1	-1	-1	1	-1	1	1	1	1	1	1	1	1	1	1	1	1	1	1	-1	-1	-1	1	1	1	1	-1	1	1	1	1	1	0	0	-1	1	-1	-1	0	1	1	1	-1	-1	1	0
attractor868	1	1	1	-1	-1	1	1	-1	1	-1	1	-1	1	-1	1	1	1	1	1	1	1	1	1	1	-1	1	1	1	1	1	-1	1	1	1	-1	1	1	1	1	1	1	1	1	1	1	1	1	1	-1	0	1	1	1	1	1	1	1	1	1	-1	-1	1	1	1	1	1	1	-1	1	1	1	1	-1	1	1	1	1	1	1	1	1	1	1	1	1	1	1	1	1	-1	1	-1	1	1	-1	1	1	1	1	1	1	1	1	-1	1	1	-1	1	1	1	1	1	1	1	1	1
attractor872	1	1	1	1	1	1	1	1	1	-1	-1	1	1	1	1	1	1	1	1	1	1	1	1	1	1	1	1	-1	1	-1	1	0	0	-1	-1	1	1	1	1	1	1	1	1	1	1	1	1	1	-1	1	1	0	1	1	1	-1	1	1	1	1	1	0	1	1	1	1	1	1	1	1	1	1	-1	1	1	-1	1	1	1	-1	1	1	1	1	1	1	1	1	1	1	1	-1	1	1	-1	1	-1	1	-1	-1	1	1	1	1	1	1	-1	1	1	1	1	1	1	1	1	0
attractor876	1	1	1	-1	-1	1	1	1	1	1	-1	1	1	-1	-1	1	1	1	1	1	1	-1	1	1	1	1	1	-1	1	1	-1	0	0	-1	-1	1	1	1	1	1	1	-1	-1	-1	1	-1	1	1	1	1	1	1	1	1	1	1	1	1	1	-1	1	1	1	1	1	1	1	0	1	-1	1	1	-1	1	1	-1	1	1	1	-1	1	1	1	1	1	1	1	1	1	1	1	-1	1	1	1	1	-1	1	1	1	1	1	1	1	1	1	-1	-1	-1	1	1	1	1	1	1	1
attractor884	1	1	1	-1	-1	1	1	-1	-1	-1	-1	1	0	1	-1	1	1	1	1	1	1	1	1	1	1	1	-1	1	1	-1	1	0	0	-1	1	1	1	1	1	1	1	1	1	1	1	1	1	1	-1	1	1	0	1	1	1	-1	1	1	1	1	0	1	1	1	-1	1	1	0	1	1	1	1	1	1	1	-1	1	1	1	1	1	1	1	1	1	1	1	1	-1	-1	1	1	1	1	-1	1	1	1	-1	1	1	1	0	1	-1	1	-1	1	0	1	1	1	-1	1	1	0
attractor890	1	1	1	1	1	1	1	1	1	-1	1	-1	-1	-1	1	1	1	1	1	1	1	-1	1	1	1	1	1	1	1	1	1	0	1	1	1	1	1	1	1	1	1	1	-1	1	1	1	1	1	-1	0	1	1	0	1	1	1	1	1	1	1	1	1	1	1	-1	1	1	1	0	1	1	1	1	1	-1	1	1	1	1	-1	1	1	1	1	1	1	1	1	1	1	1	-1	1	1	-1	1	1	1	1	1	1	1	1	1	1	1	-1	1	1	1	1	1	1	1	1	1
attractor894	1	-1	1	1	1	-1	1	-1	-1	1	-1	-1	1	1	1	-1	1	1	1	1	1	1	1	1	1	1	-1	1	1	-1	1	1	1	-1	-1	1	1	1	1	1	1	1	1	-1	1	1	1	1	-1	1	1	1	0	1	1	1	1	1	1	-1	-1	1	1	1	1	1	1	-1	1	1	1	1	1	1	-1	-1	0	1	1	-1	1	1	1	1	1	1	1	1	1	1	1	-1	1	-1	-1	1	-1	1	-1	-1	1	1	1	-1	1	1	-1	1	-1	1	1	1	1	1	1	1
attractor901	1	1	1	1	1	1	1	1	1	-1	1	-1	1	1	-1	1	1	1	1	1	1	1	1	1	-1	1	1	1	1	-1	1	1	1	1	1	1	1	1	-1	1	1	1	1	-1	1	-1	1	1	-1	1	1	1	0	1	1	1	1	1	1	1	-1	1	1	1	-1	1	1	-1	1	1	1	1	1	1	1	1	0	1	1	1	1	1	1	1	1	1	1	1	1	1	1	1	1	1	-1	1	-1	1	-1	1	1	1	1	-1	1	1	-1	1	-1	1	1	1	1	1	1	1
attractor903	1	1	1	-1	1	1	1	1	1	1	1	-1	1	1	1	1	1	1	1	1	1	-1	1	1	1	-1	1	-1	1	-1	-1	1	1	1	1	1	1	1	1	1	1	-1	1	-1	1	1	1	1	-1	1	1	1	1	1	1	-1	1	1	1	0	0	1	1	1	-1	1	1	1	1	1	1	1	1	1	1	-1	1	1	1	1	1	1	1	1	1	1	1	1	1	-1	1	1	1	1	-1	1	1	1	1	1	1	1	1	1	1	1	-1	1	0	1	1	1	1	1	1	0
attractor905	1	1	1	-1	1	1	1	-1	1	1	1	1	1	1	1	1	1	1	1	1	1	1	1	1	-1	1	1	1	1	1	1	0	1	-1	1	1	1	1	1	1	1	1	1	-1	1	1	1	1	1	0	1	0	1	1	1	1	1	1	1	1	1	0	1	1	-1	1	1	1	1	-1	1	1	1	1	-1	1	1	1	1	1	1	1	1	1	1	1	1	-1	1	1	1	1	1	1	-1	1	1	1	1	1	1	1	1	0	1	1	-1	1	1	-1	1	1	1	1	1	0
attractor906	1	1	1	-1	1	1	1	1	1	-1	1	-1	1	1	1	1	1	1	1	1	1	1	1	1	1	1	1	1	1	-1	1	0	1	-1	-1	1	1	1	1	1	1	1	1	1	1	-1	1	1	-1	1	1	1	0	1	1	1	1	1	1	1	1	1	1	1	-1	1	1	1	1	1	1	1	-1	1	-1	1	1	1	1	1	1	1	1	1	1	1	1	1	1	-1	-1	1	1	1	-1	1	-1	1	-1	-1	1	1	1	1	-1	1	-1	-1	-1	1	1	1	1	1	1	1
attractor908	1	1	1	1	-1	1	1	-1	1	1	1	1	-1	1	1	1	1	1	1	1	1	1	1	1	1	1	1	1	1	1	1	0	0	1	1	1	1	1	-1	1	1	1	-1	1	1	-1	1	1	-1	0	1	0	1	1	1	1	1	1	1	1	1	1	1	1	-1	1	1	1	0	1	1	1	-1	1	-1	1	1	1	1	1	1	1	1	1	1	1	1	1	1	-1	1	1	1	1	-1	1	-1	1	1	1	1	1	1	0	1	1	-1	-1	0	1	1	1	1	1	1	0
attractor917	1	1	1	1	-1	1	1	1	1	1	1	1	1	-1	1	1	1	1	1	1	1	1	1	1	-1	1	1	1	1	1	-1	1	1	-1	-1	1	1	1	1	1	1	1	-1	-1	1	-1	1	1	1	0	1	1	0	1	1	-1	1	1	1	1	1	1	1	1	1	1	1	1	0	1	1	1	-1	1	1	1	1	1	1	-1	1	1	1	1	1	1	1	1	1	1	1	1	1	1	1	1	1	1	1	1	1	1	0	0	1	1	-1	-1	1	1	1	1	1	1	1	0
attractor922	1	1	1	1	-1	1	1	1	1	1	1	1	1	1	1	1	1	1	1	1	1	1	1	1	-1	1	1	-1	1	1	1	1	1	-1	-1	1	1	1	1	1	1	-1	-1	1	1	-1	1	1	1	0	1	1	0	1	1	-1	1	1	1	-1	1	1	1	1	1	1	1	-1	0	-1	1	1	-1	1	1	1	0	1	1	1	1	1	1	1	1	1	1	1	1	-1	1	-1	1	1	-1	1	-1	1	1	1	1	1	1	1	1	1	-1	1	1	1	1	1	1	1	1	1
attractor926	1	1	1	-1	-1	1	-1	-1	1	1	1	-1	-1	1	1	1	1	1	1	1	1	1	1	1	1	1	1	-1	1	-1	1	1	1	-1	-1	1	1	1	1	1	1	1	1	-1	-1	-1	1	1	1	0	1	1	0	1	1	-1	1	1	1	-1	1	1	1	1	-1	1	1	1	1	-1	1	1	-1	1	-1	1	0	1	1	-1	1	1	1	1	1	1	1	-1	1	1	1	-1	1	1	-1	1	1	1	1	1	1	1	1	1	1	1	-1	1	1	1	1	1	1	1	1	1
attractor936	1	1	-1	1	1	-1	1	-1	-1	1	-1	-1	1	-1	-1	-1	1	1	1	1	1	1	1	1	1	1	-1	-1	1	1	-1	0	1	1	-1	1	1	1	1	1	1	1	1	1	1	1	1	1	1	1	1	0	0	1	1	1	1	1	1	1	1	0	1	1	1	1	1	-1	1	1	1	1	1	1	1	1	0	1	1	1	1	1	1	1	1	1	1	1	-1	1	1	1	1	1	1	1	1	1	-1	-1	1	1	1	1	1	1	-1	1	0	1	1	1	1	-1	1	0
attractor938	1	1	1	1	1	1	1	-1	-1	-1	-1	1	1	1	1	1	1	1	1	1	1	1	1	1	-1	-1	-1	-1	1	1	1	1	1	1	-1	1	1	1	1	1	1	1	-1	1	1	-1	1	1	1	1	1	1	0	1	1	1	1	1	1	0	0	0	1	1	-1	1	1	-1	1	1	1	1	1	1	1	1	0	1	1	1	1	1	1	1	1	1	1	1	1	-1	1	-1	1	1	1	1	1	1	-1	1	1	1	1	1	1	1	-1	-1	0	1	1	1	1	1	1	0
attractor939	1	1	1	1	1	1	1	-1	1	1	1	1	1	-1	1	1	1	1	1	1	1	1	1	1	1	1	1	1	1	1	1	1	1	1	-1	1	1	1	1	1	-1	1	-1	-1	1	-1	1	1	-1	1	1	1	1	1	1	1	1	1	1	0	1	0	1	1	-1	1	1	1	0	1	1	-1	-1	1	1	1	1	1	1	-1	1	1	1	1	1	1	-1	1	1	-1	-1	-1	1	1	1	1	-1	1	-1	-1	1	1	1	0	-1	1	-1	-1	0	1	1	1	-1	1	1	0
attractor942	1	1	1	1	1	1	1	1	1	1	-1	1	1	1	1	1	1	1	1	1	1	-1	1	1	-1	1	1	1	1	1	1	1	1	1	1	1	1	1	1	1	1	1	1	1	1	-1	1	1	1	1	1	1	1	1	1	1	1	1	1	1	0	0	1	1	1	1	1	1	1	1	1	1	1	1	1	1	1	1	1	-1	1	1	1	1	1	1	1	1	1	-1	1	1	1	1	1	1	-1	1	-1	1	1	1	0	0	1	1	-1	1	1	1	1	1	1	1	1	0
attractor944	1	-1	1	1	1	1	1	1	1	-1	-1	1	1	1	1	-1	1	1	1	1	1	1	1	1	1	1	1	-1	1	-1	1	1	1	-1	1	1	1	1	-1	1	1	1	-1	-1	1	-1	1	1	1	0	1	1	1	1	1	1	1	1	1	-1	1	1	1	1	1	1	1	-1	0	-1	1	1	-1	1	1	-1	1	1	1	-1	1	1	1	1	1	1	1	1	1	-1	1	-1	1	1	-1	1	1	1	1	1	1	1	1	-1	1	1	-1	1	-1	1	-1	1	1	1	1	1
attractor945	1	1	1	1	1	1	1	-1	1	1	-1	1	1	-1	1	1	1	1	1	1	1	-1	1	1	1	1	1	1	1	-1	-1	0	0	-1	-1	1	1	1	1	1	1	1	1	-1	1	1	1	1	-1	0	1	1	1	1	1	1	1	1	1	1	1	1	1	1	-1	1	1	0	1	1	1	1	1	1	1	-1	1	1	1	1	1	1	1	1	1	1	1	1	1	1	1	-1	1	1	1	1	1	1	1	1	1	1	1	1	1	1	-1	1	-1	1	1	1	1	1	1	1
attractor952	1	1	1	-1	1	1	1	-1	-1	1	1	1	1	-1	-1	1	1	1	1	1	1	1	1	1	-1	-1	1	1	1	1	-1	1	1	-1	1	1	1	1	1	1	1	1	-1	1	1	1	1	1	1	1	1	1	1	1	1	-1	1	1	1	0	0	1	1	1	-1	1	1	-1	0	1	1	1	-1	1	1	-1	1	1	1	1	1	1	1	1	1	1	1	1	1	-1	1	1	1	1	-1	1	-1	1	-1	-1	1	1	1	1	1	1	-1	1	1	1	1	1	1	1	1	0
attractor954	1	1	1	1	1	1	1	-1	-1	1	-1	1	1	-1	-1	1	1	1	1	1	1	1	1	1	-1	1	-1	1	1	-1	-1	1	1	1	-1	1	1	1	-1	1	1	1	1	-1	1	1	1	1	-1	1	1	1	0	1	1	1	1	1	1	1	0	0	1	1	-1	1	1	1	1	1	1	1	1	1	1	-1	0	1	1	-1	1	1	1	1	1	1	1	1	-1	-1	1	1	1	1	1	1	-1	1	-1	1	1	1	1	1	1	1	-1	-1	0	1	1	1	1	1	1	0
attractor956	1	1	-1	-1	1	1	1	-1	1	1	1	1	-1	-1	1	1	1	1	1	1	1	-1	1	1	1	1	1	1	1	1	-1	1	1	1	-1	-1	1	1	1	1	1	-1	-1	1	1	-1	1	1	-1	1	1	1	0	1	1	-1	1	1	1	1	1	1	1	1	-1	1	1	1	0	-1	1	-1	-1	1	-1	-1	0	1	1	-1	1	1	1	1	1	1	-1	1	1	-1	-1	-1	1	1	-1	1	-1	1	1	1	1	1	1	1	-1	1	-1	-1	1	1	1	1	1	1	1	1
attractor957	1	1	1	1	1	1	1	-1	-1	1	1	-1	1	-1	1	1	1	1	1	1	1	-1	1	1	1	1	1	1	1	1	-1	1	1	-1	1	1	1	1	1	1	1	1	1	1	1	1	1	1	1	1	1	1	0	1	1	-1	1	1	1	1	-1	1	1	1	-1	1	1	-1	1	1	1	1	-1	1	-1	-1	0	1	1	-1	1	1	1	1	1	1	1	1	1	-1	1	1	1	1	1	1	-1	1	-1	1	1	1	1	1	1	1	-1	-1	-1	1	1	1	1	1	1	1
attractor964	1	1	1	-1	-1	1	1	1	1	-1	1	1	1	-1	1	1	1	1	1	1	1	-1	1	1	-1	1	1	-1	1	-1	-1	1	1	-1	1	1	1	1	-1	1	1	-1	1	1	1	-1	1	1	1	1	1	1	0	1	1	1	1	1	1	1	0	1	1	1	-1	1	1	-1	1	1	1	1	-1	1	-1	-1	1	1	1	1	1	1	1	1	1	1	1	1	1	-1	1	-1	1	1	1	1	-1	1	1	1	1	1	1	0	1	1	-1	1	1	1	1	1	1	1	1	0
attractor965	1	1	1	-1	-1	1	1	-1	1	1	1	1	1	-1	1	1	1	1	1	1	1	-1	1	1	1	1	1	1	1	1	1	1	1	1	-1	1	1	1	1	1	1	-1	1	-1	1	1	1	1	-1	0	1	1	0	1	1	1	1	1	1	1	1	1	1	1	-1	1	1	-1	0	-1	1	1	1	1	1	1	0	1	1	-1	1	1	1	1	1	1	1	1	1	1	1	-1	1	1	-1	1	-1	1	1	1	1	1	1	1	1	1	-1	1	1	1	1	1	1	1	1	1
attractor972	1	1	1	1	1	1	1	-1	1	-1	-1	-1	0	1	1	1	1	1	1	1	1	1	1	1	-1	1	1	-1	1	-1	1	0	0	1	1	1	1	1	1	1	-1	1	1	1	1	1	1	1	-1	1	1	1	1	1	1	1	1	1	1	1	1	1	1	1	-1	1	1	0	1	1	1	1	1	1	1	-1	1	1	1	1	1	1	1	1	1	1	1	1	1	-1	1	1	1	1	1	1	1	1	1	1	1	1	1	1	1	1	-1	-1	1	1	1	1	1	1	1	1
attractor976	1	1	1	-1	-1	1	1	1	1	1	-1	1	1	-1	1	1	1	1	1	1	1	1	1	1	1	1	1	1	1	1	-1	1	1	1	1	1	1	1	1	1	1	-1	-1	1	1	-1	1	1	1	0	1	1	1	1	1	-1	1	1	1	0	0	1	1	1	-1	1	1	-1	1	-1	1	1	-1	1	1	-1	1	1	1	1	1	1	1	1	1	1	1	1	1	1	1	-1	1	1	-1	1	-1	1	1	1	1	1	0	1	1	1	-1	-1	0	1	1	1	1	1	1	0
attractor983	1	1	1	1	1	1	1	1	1	1	1	1	1	1	1	1	1	1	1	1	1	-1	1	1	-1	1	1	1	1	-1	1	1	1	1	1	1	1	1	1	1	1	-1	1	-1	1	-1	1	1	-1	0	1	1	1	1	1	1	1	1	1	1	-1	1	1	1	1	1	1	-1	1	-1	1	1	-1	1	1	-1	1	1	1	-1	1	1	1	1	1	1	1	1	1	-1	1	-1	1	1	1	1	1	1	1	1	1	1	1	-1	1	1	-1	1	1	1	1	1	1	1	1	1
attractor988	1	-1	1	1	-1	1	1	-1	1	-1	-1	-1	1	-1	1	1	1	1	1	1	1	-1	1	1	-1	1	1	-1	1	1	-1	1	1	-1	1	1	1	1	-1	1	1	1	-1	1	1	-1	1	1	1	1	1	1	1	1	1	-1	1	1	1	1	-1	1	1	1	-1	1	1	-1	1	1	1	1	1	1	1	1	1	1	1	1	1	1	1	1	1	1	1	1	1	-1	1	1	1	1	1	1	-1	1	1	1	1	1	1	-1	1	1	-1	1	-1	1	1	1	1	1	1	1
attractor989	1	1	-1	-1	1	-1	1	1	1	1	-1	1	1	1	1	-1	1	1	1	1	1	1	1	1	-1	1	0	-1	1	1	-1	0	1	-1	1	1	1	1	-1	1	1	-1	-1	-1	1	-1	1	1	-1	0	1	0	0	0	1	1	1	1	1	1	0	1	1	1	1	1	1	-1	0	1	1	1	1	1	1	1	0	1	1	-1	1	1	1	1	1	1	1	1	0	1	1	1	1	1	-1	1	-1	1	1	1	1	1	1	1	1	1	-1	-1	1	1	1	1	1	1	1	0
attractor994	1	1	1	1	-1	1	1	1	1	1	-1	1	1	-1	1	1	1	1	-1	1	1	-1	1	1	-1	1	1	-1	1	1	-1	1	1	1	1	1	1	1	1	1	1	1	-1	1	1	-1	1	1	1	0	1	1	0	1	1	1	1	1	1	-1	-1	1	1	1	1	1	1	-1	1	-1	1	1	1	1	-1	-1	1	1	1	-1	1	1	1	1	1	1	1	1	1	-1	1	1	1	1	-1	1	1	1	1	1	1	1	1	1	1	1	-1	1	1	1	1	1	1	1	1	1