gene	Ones	NegOnes	Zeros
ADAM9	0.793	0.207	0.0	
ANXA1	0.962	0.038	0.0	
ATF3	0.923	0.077	0.0	
AURKA	1.0	0.0	0.0	
BACE1	0.595	0.403	0.002	
BGN	0.827	0.173	0.0	
BIRC6	0.642	0.358	0.0	
BUB1	0.998	0.002	0.0	
CABLES2	0.869	0.126	0.005	
CCNG2	0.5	0.5	0.0	
CD55	0.482	0.518	0.0	
CDC20	0.75	0.25	0.0	
CHEK2	0.691	0.268	0.041	
CKAP5	0.995	0.005	0.0	
COL13A1	0.973	0.027	0.0	
CTNNB1	0.671	0.329	0.0	
CXXC5	0.678	0.322	0.0	
DNAJB2	0.523	0.477	0.0	
EGFR	0.932	0.068	0.0	
ERBB2	0.968	0.032	0.0	
ERBB3	0.98	0.02	0.0	
EVL	0.599	0.392	0.009	
FBLN1	0.554	0.446	0.0	
FDPS	1.0	0.0	0.0	
FGF13	0.989	0.011	0.0	
FN1	0.973	0.027	0.0	
FOS	0.874	0.115	0.011	
FOXM1	0.926	0.074	0.0	
FYN	0.473	0.527	0.0	
GSK3B	0.48	0.453	0.068	
GSN	0.536	0.464	0.0	
HDAC3	0.498	0.0	0.502	
HIPK2	0.788	0.0	0.212	
HMGA2	0.993	0.007	0.0	
HMGB2	1.0	0.0	0.0	
HMGCR	0.998	0.002	0.0	
HUWE1	0.466	0.534	0.0	
ICAM1	1.0	0.0	0.0	
IGF1R	0.779	0.221	0.0	
IL4R	1.0	0.0	0.0	
IL7R	0.874	0.126	0.0	
ITGB8	0.624	0.374	0.002	
JUN	0.818	0.169	0.014	
KAT2A	0.998	0.002	0.0	
LATS2	0.815	0.167	0.018	
LIMK2	0.998	0.002	0.0	
LRP1	0.489	0.511	0.0	
LTBP3	0.532	0.468	0.0	
MAD2L2	0.804	0.196	0.0	
MAPK1	0.541	0.0	0.459	
MAPK13	0.507	0.493	0.0	
MAPK14	0.757	0.0	0.243	
MAPK6	0.511	0.0	0.489	
MAPKAPK2	0.973	0.0	0.027	
MAPT	0.489	0.511	0.0	
MEX3B	0.685	0.315	0.0	
MOCOS	0.482	0.518	0.0	
MVD	1.0	0.0	0.0	
MVK	1.0	0.0	0.0	
NDC80	0.516	0.207	0.277	
NUF2	0.514	0.241	0.245	
PAG1	0.773	0.0	0.227	
PIAS1	1.0	0.0	0.0	
PIAS3	0.493	0.507	0.0	
PKIA	0.633	0.367	0.0	
PLK1	0.953	0.047	0.0	
PMVK	1.0	0.0	0.0	
PPM1D	0.482	0.435	0.083	
PRPF4	0.516	0.0	0.484	
PTPRA	0.658	0.34	0.002	
RASGRF1	0.667	0.333	0.0	
RELA	0.824	0.169	0.007	
RFWD2	0.572	0.421	0.007	
RHOA	1.0	0.0	0.0	
RHOD	0.532	0.468	0.0	
ROCK1	0.998	0.002	0.0	
RPS6KA1	0.752	0.0	0.248	
RPS6KA5	0.953	0.0	0.047	
RRM2B	0.7	0.3	0.0	
S100A2	0.995	0.005	0.0	
SELPLG	1.0	0.0	0.0	
SERPINA1	1.0	0.0	0.0	
SH3YL1	0.532	0.468	0.0	
SHC1	0.446	0.554	0.0	
SKIL	0.655	0.345	0.0	
SMAD2	1.0	0.0	0.0	
SMAD4	0.923	0.077	0.0	
SNAI1	0.959	0.041	0.0	
SNAP29	0.939	0.056	0.005	
SNRPA	0.993	0.007	0.0	
SREBF2	0.973	0.027	0.0	
SRPK1	0.998	0.002	0.0	
STAT3	1.0	0.0	0.0	
STX6	0.741	0.259	0.0	
TACC1	0.854	0.146	0.0	
TAF12	0.516	0.484	0.0	
TAF1B	0.998	0.002	0.0	
TBL1X	0.466	0.534	0.0	
TCF3	0.752	0.243	0.005	
TGFA	0.874	0.124	0.002	
TGFB1	1.0	0.0	0.0	
TNIK	0.822	0.178	0.0	
TNK2	0.725	0.0	0.275	
TOP2A	0.563	0.225	0.212	
TP53	0.941	0.059	0.0	
TP53:SMAD2	1.0	0.0	0.0	
TP63	0.0	1.0	0.0	
TPR	0.998	0.002	0.0	
TPX2	0.493	0.273	0.234	
TRIM33	0.982	0.018	0.0	
TRIOBP	0.8	0.2	0.0	
UBE2I	1.0	0.0	0.0	
VDR	0.975	0.025	0.0	
VIM	0.998	0.002	0.0	
WNT5A	1.0	0.0	0.0	
ZBTB17	0.498	0.0	0.502	
