ADAM9	0.988	0.012	0.0
ANXA1	0.881	0.119	0.0
ATF3	0.925	0.074	0.001
AURKA	0.486	0.514	0.0
BACE1	0.608	0.389	0.003
BGN	0.85	0.15	0.0
BIRC6	0.985	0.015	0.0
BUB1	0.49	0.509	0.0
CABLES2	0.771	0.215	0.014
CCNG2	0.501	0.499	0.0
CD55	0.527	0.473	0.0
CDC20	0.638	0.362	0.0
CHEK2	0.687	0.252	0.061
CKAP5	0.507	0.493	0.0
COL13A1	0.795	0.203	0.002
CTNNB1	0.709	0.291	0.0
CXXC5	0.992	0.008	0.0
DNAJB2	0.992	0.008	0.0
EGFR	0.917	0.083	0.0
ERBB2	0.958	0.042	0.0
ERBB3	0.98	0.02	0.0
EVL	0.552	0.44	0.008
FBLN1	1.0	0.0	0.0
FDPS	0.999	0.001	0.0
FGF13	0.504	0.496	0.0
FN1	0.916	0.084	0.0
FOS	0.885	0.098	0.017
FOXM1	0.53	0.47	0.0
FYN	1.0	0.0	0.0
GSK3B	0.545	0.398	0.057
GSN	0.535	0.465	0.0
HDAC3	0.507	0.0	0.493
HIPK2	0.754	0.0	0.246
HMGA2	0.514	0.486	0.0
HMGB2	0.483	0.517	0.0
HMGCR	0.982	0.018	0.0
HUWE1	1.0	0.0	0.0
ICAM1	0.998	0.002	0.0
IGF1R	0.776	0.224	0.0
IL4R	1.0	0.0	0.0
IL7R	0.881	0.119	0.0
ITGB8	0.711	0.275	0.014
JUN	0.482	0.491	0.027
KAT2A	0.493	0.507	0.0
LATS2	0.845	0.124	0.03
LIMK2	0.508	0.492	0.0
LRP1	1.0	0.0	0.0
LTBP3	1.0	0.0	0.0
MAD2L2	0.509	0.491	0.0
MAPK1	0.579	0.0	0.421
MAPK13	0.991	0.009	0.0
MAPK14	0.761	0.0	0.239
MAPK6	0.486	0.0	0.513
MAPKAPK2	0.931	0.0	0.069
MAPT	1.0	0.0	0.0
MEX3B	0.645	0.355	0.0
MOCOS	1.0	0.0	0.0
MVD	0.998	0.002	0.0
MVK	0.991	0.009	0.0
NDC80	0.499	0.25	0.251
NUF2	0.506	0.248	0.245
PAG1	0.752	0.0	0.248
PIAS1	0.967	0.0	0.033
PIAS3	1.0	0.0	0.0
PKIA	0.644	0.356	0.0
PLK1	0.897	0.103	0.0
PMVK	0.996	0.004	0.0
PPM1D	0.5	0.377	0.123
PRPF4	0.45	0.0	0.55
PTPRA	0.712	0.274	0.013
RASGRF1	0.993	0.007	0.0
RELA	0.778	0.215	0.007
RFWD2	0.549	0.443	0.008
RHOA	1.0	0.0	0.0
RHOD	0.701	0.297	0.003
ROCK1	0.489	0.511	0.0
RPS6KA1	0.745	0.0	0.255
RPS6KA5	0.946	0.0	0.054
RRM2B	0.992	0.007	0.0
S100A2	0.493	0.507	0.0
SELPLG	1.0	0.0	0.0
SERPINA1	1.0	0.0	0.0
SH3YL1	0.992	0.008	0.0
SHC1	0.991	0.008	0.0
SKIL	0.992	0.008	0.0
SMAD2	0.999	0.0	0.0
SMAD4	0.887	0.11	0.004
SNAI1	0.945	0.055	0.0
SNAP29	0.943	0.049	0.008
SNRPA	0.503	0.497	0.0
SREBF2	0.965	0.035	0.0
SRPK1	0.487	0.513	0.0
STAT3	0.999	0.0	0.0
STX6	0.971	0.029	0.0
TACC1	0.507	0.493	0.0
TAF12	1.0	0.0	0.0
TAF1B	0.495	0.505	0.0
TBL1X	1.0	0.0	0.0
TCF3	0.551	0.422	0.028
TGFA	0.776	0.21	0.014
TGFB1	0.999	0.001	0.0
TNIK	0.856	0.144	0.0
TNK2	0.751	0.0	0.249
TOP2A	0.502	0.251	0.247
TP53	0.929	0.071	0.0
TP53:SMAD2	0.998	0.001	0.0
TP63	0.001	0.998	0.0
TPR	0.495	0.505	0.0
TPX2	0.5	0.249	0.25
TRIM33	0.972	0.028	0.0
TRIOBP	0.988	0.012	0.0
UBE2I	0.986	0.0	0.014
VDR	0.963	0.037	0.0
VIM	0.983	0.017	0.0
WNT5A	0.997	0.003	0.0
ZBTB17	0.503	0.0	0.497
ADAM9_DAC	0.296	0.691	0.013
ANXA1_DAC	0.725	0.273	0.002
ATF3_DAC	0.642	0.351	0.007
AURKA_DAC	0.957	0.02	0.023
BACE1_DAC	0.023	0.97	0.006
BGN_DAC	0.132	0.86	0.008
BIRC6_DAC	0.32	0.671	0.009
BUB1_DAC	0.957	0.019	0.025
CABLES2_DAC	0.759	0.174	0.067
CCNG2_DAC	0.339	0.644	0.016
CD55_DAC	0.665	0.332	0.003
CDC20_DAC	0.978	0.019	0.003
CHEK2_DAC	0.75	0.188	0.062
CKAP5_DAC	0.944	0.043	0.013
COL13A1_DAC	0.757	0.227	0.016
CTNNB1_DAC	0.262	0.736	0.002
CXXC5_DAC	0.061	0.928	0.011
DNAJB2_DAC	0.041	0.946	0.013
EGFR_DAC	0.605	0.391	0.004
ERBB2_DAC	0.308	0.686	0.006
ERBB3_DAC	0.131	0.859	0.01
EVL_DAC	0.35	0.643	0.007
FBLN1_DAC	0.025	0.951	0.024
FDPS_DAC	0.07	0.924	0.006
FGF13_DAC	0.447	0.54	0.014
FN1_DAC	0.083	0.914	0.003
FOS_DAC	0.283	0.702	0.015
FOXM1_DAC	0.92	0.08	0.001
FYN_DAC	0.524	0.45	0.026
GSK3B_DAC	0.227	0.66	0.113
GSN_DAC	0.161	0.834	0.004
HDAC3_DAC	0.0	0.507	0.493
HIPK2_DAC	0.0	0.754	0.246
HMGA2_DAC	0.44	0.548	0.012
HMGB2_DAC	0.956	0.019	0.025
HMGCR_DAC	0.169	0.823	0.008
HUWE1_DAC	0.526	0.448	0.025
ICAM1_DAC	0.819	0.176	0.005
IGF1R_DAC	0.075	0.919	0.006
IL4R_DAC	0.768	0.22	0.012
IL7R_DAC	0.926	0.069	0.005
ITGB8_DAC	0.179	0.754	0.067
JUN_DAC	0.68	0.299	0.022
KAT2A_DAC	0.956	0.019	0.025
LATS2_DAC	0.373	0.597	0.03
LIMK2_DAC	0.444	0.544	0.012
LRP1_DAC	0.024	0.952	0.024
LTBP3_DAC	0.022	0.953	0.025
MAD2L2_DAC	0.929	0.06	0.011
MAPK1_DAC	0.0	0.579	0.421
MAPK13_DAC	0.543	0.443	0.013
MAPK14_DAC	0.484	0.262	0.254
MAPK6_DAC	0.0	0.486	0.513
MAPKAPK2_DAC	0.14	0.721	0.139
MAPT_DAC	0.022	0.955	0.024
MEX3B_DAC	0.364	0.627	0.009
MOCOS_DAC	0.529	0.445	0.026
MVD_DAC	0.14	0.851	0.008
MVK_DAC	0.582	0.409	0.009
NDC80_DAC	0.754	0.0	0.246
NUF2_DAC	0.748	0.0	0.252
PAG1_DAC	0.498	0.253	0.249
PIAS1_DAC	0.067	0.868	0.065
PIAS3_DAC	0.023	0.951	0.026
PKIA_DAC	0.366	0.626	0.008
PLK1_DAC	0.874	0.123	0.004
PMVK_DAC	0.287	0.705	0.009
PPM1D_DAC	0.377	0.5	0.123
PRPF4_DAC	0.55	0.0	0.45
PTPRA_DAC	0.18	0.754	0.066
RASGRF1_DAC	0.558	0.432	0.01
RELA_DAC	0.94	0.052	0.008
RFWD2_DAC	0.35	0.642	0.007
RHOA_DAC	0.483	0.516	0.001
RHOD_DAC	0.23	0.754	0.016
ROCK1_DAC	0.453	0.52	0.027
RPS6KA1_DAC	0.499	0.243	0.258
RPS6KA5_DAC	0.587	0.277	0.136
RRM2B_DAC	0.059	0.93	0.011
S100A2_DAC	0.45	0.524	0.027
SELPLG_DAC	0.769	0.22	0.011
SERPINA1_DAC	0.765	0.222	0.012
SH3YL1_DAC	0.041	0.946	0.013
SHC1_DAC	0.042	0.945	0.013
SKIL_DAC	0.058	0.931	0.01
SMAD2_DAC	0.187	0.809	0.004
SMAD4_DAC	0.472	0.521	0.007
SNAI1_DAC	0.665	0.332	0.003
SNAP29_DAC	0.14	0.852	0.007
SNRPA_DAC	0.946	0.041	0.012
SREBF2_DAC	0.339	0.652	0.009
SRPK1_DAC	0.957	0.019	0.025
STAT3_DAC	0.55	0.449	0.002
STX6_DAC	0.042	0.952	0.006
TACC1_DAC	0.429	0.56	0.011
TAF12_DAC	0.023	0.952	0.025
TAF1B_DAC	0.955	0.019	0.025
TBL1X_DAC	0.526	0.448	0.025
TCF3_DAC	0.535	0.412	0.054
TGFA_DAC	0.753	0.179	0.068
TGFB1_DAC	0.378	0.618	0.004
TNIK_DAC	0.625	0.366	0.009
TNK2_DAC	0.0	0.751	0.249
TOP2A_DAC	0.75	0.0	0.25
TP53_DAC	0.683	0.312	0.005
TP53:SMAD2_DAC	0.303	0.691	0.005
TP63_DAC	0.688	0.301	0.011
TPR_DAC	0.447	0.525	0.027
TPX2_DAC	0.753	0.0	0.247
TRIM33_DAC	0.834	0.162	0.004
TRIOBP_DAC	0.293	0.693	0.013
UBE2I_DAC	0.455	0.506	0.038
VDR_DAC	0.335	0.657	0.009
VIM_DAC	0.242	0.751	0.006
WNT5A_DAC	0.133	0.865	0.002
ZBTB17_DAC	0.0	0.503	0.497
