apoptosis Clusters: 
{0, 1, 2, 3, 4, 5, 8, 9, 10, 11, 12, 14}

Cluster Number_of_attrs Percent_of_attrs Percent_of_cluster
8 3266 15.82 43.44
11 2941 14.24 29.82
0 2609 12.64 35.86
4 2135 10.34 26.64
10 1802 8.73 27.77
3 1715 8.31 23.85
2 1477 7.15 23.27
12 1291 6.25 20.91
9 1248 6.04 22.33
14 1057 5.12 18.25
5 809 3.92 16.51
1 297 1.44 5.55


leukemia Clusters: 
{0, 1, 2, 3, 4, 5, 6, 7, 9, 10, 11, 12, 13, 14}

Cluster Number_of_attrs Percent_of_attrs Percent_of_cluster
6 241 56.97 4.18
7 77 18.2 1.45
9 17 4.02 0.3
3 17 4.02 0.24
5 16 3.78 0.33
4 12 2.84 0.15
14 11 2.6 0.19
10 11 2.6 0.17
0 7 1.65 0.1
2 4 0.95 0.06
1 4 0.95 0.07
13 3 0.71 0.04
11 2 0.47 0.02
12 1 0.24 0.02


Unique Apop Clusters:
[8]
Unique Leuk Clusters:
[6, 7, 13]