ADAM9	12.61122305	12.57029723	12.59126617	12.5620578
ARID3A	6.33771284	6.46256193	6.44157367	6.52328473
FGF13	3.00987819	3.10568611	2.95043689	3.16202414
KLHL12	8.77377653	8.85159291	8.85565328	8.87093308
MEX3B	4.92738677	5.12127165	4.72995804	4.93022487
NMT2	9.65300019	9.65894605	9.72081263	9.69680955
PAG1	9.15013242	9.23986025	9.30423676	9.18961837
RFWD2	8.94021202	8.97746135	8.95689957	9.00917447
SH3YL1	6.97993139	6.74865522	7.15218381	6.66482374
SKIL	9.2880175	9.00465439	9.41503211	8.7784494
STX6	9.73951034	9.63436671	9.83488934	9.61040654
TRIM33	10.30129323	10.26024313	10.3189487	10.32928844
CTNNB1	12.17006454	12.15239972	12.21129594	12.16066965
FOS	4.62183994	4.57400723	4.61901798	4.37055545
FOXM1	10.02164228	10.93597817	9.95200219	10.91678859
JUN	9.81710333	10.21395766	9.80478766	10.16384211
RELA	10.73675295	10.53768567	10.65865677	10.67072988
SNAI1	4.57236446	4.37059965	4.51695118	4.54677495
STAT3	11.16121217	10.91066701	11.16668464	10.91759214
TCF3	10.19490836	10.60056882	10.24625873	10.54881364
ZBTB17	7.70546597	7.76036154	7.78558574	7.68416989