ADAM9	12.61122305	12.57029723	12.59126617	12.5620578
ARID3A	6.33771284	6.46256193	6.44157367	6.52328473
AURKA	10.07625999	11.02582441	10.15813787	11.02671988
BIRC6	9.76773104	9.67955329	9.75564932	9.68661224
BUB1	10.00518402	11.00037269	10.00685052	10.92700709
CABLES2	8.39778191	8.63202306	8.49740539	8.62751277
CKAP5	11.98959295	12.4180547	11.97429651	12.42422611
COL13A1	8.15579664	8.67591491	8.18360183	8.55843161
CXXC5	9.06058798	8.49593559	9.08672367	8.43771471
DNAJB2	8.39513716	8.05278941	8.45120016	8.08149924
EVL	7.97648286	8.00211513	7.9729007	8.03989987
FBLN1	9.73703171	9.71477583	9.73276639	9.70995695
FGF13	3.00987819	3.10568611	2.95043689	3.16202414
FYN	9.02970921	8.67696827	8.9919091	8.59806028
HMGA2	10.15414979	10.44031877	10.12957795	10.42903337
HMGB2	10.22086237	10.98643031	10.23233193	10.96574341
HUWE1	12.20578702	11.93633774	12.20364458	11.94959744
ITGB8	6.34814248	6.10791965	6.29809289	6.11185924
KAT2A	9.44558308	9.60000287	9.45639646	9.6453253
KLHL12	8.77377653	8.85159291	8.85565328	8.87093308
LIMK2	7.76645969	8.06550382	7.62149722	8.13127136
LRP1	10.67985237	9.39141131	10.67754902	9.40065456
LTBP3	9.78036592	9.36910579	9.76141542	9.284823
MAD2L2	8.50951978	8.67585363	8.46922819	8.77190986
MAPK13	9.89275611	9.10362803	9.90663837	9.08906608
MAPT	4.66456332	4.52147547	4.64260227	4.49505556
MEX3B	4.92738677	5.12127165	4.72995804	4.93022487
MOCOS	9.32645004	8.57788754	9.17644178	8.53344322
NMT2	9.65300019	9.65894605	9.72081263	9.69680955
PAG1	9.15013242	9.23986025	9.30423676	9.18961837
PIAS3	10.24354568	10.10997313	10.23908586	10.15555486
PKIA	5.65494007	5.89125805	5.34298079	5.82278875
PTPRA	10.91843635	10.73143336	10.89294707	10.77021842
RASGRF1	7.12270635	6.51918939	7.14474432	6.42009375
RFWD2	8.94021202	8.97746135	8.95689957	9.00917447
RHOD	8.21457978	7.81714488	8.18894909	7.89902454
ROCK1	10.63405411	10.73857501	10.64207224	10.73016452
RRM2B	9.56644764	9.48425572	9.58132795	9.47455738
S100A2	9.38994054	9.56179399	9.40208909	9.55370322
SELPLG	7.68369483	6.48248357	7.54967119	6.34371131
SH3YL1	6.97993139	6.74865522	7.15218381	6.66482374
SHC1	12.55026297	12.1101596	12.555828	12.11190504
SKIL	9.2880175	9.00465439	9.41503211	8.7784494
SNAP29	9.45329029	9.4612066	9.46507202	9.38818545
SNRPA	10.12556361	10.41144302	10.11868186	10.41470817
SRPK1	11.87608559	12.22525628	11.921514	12.26711277
STX6	9.73951034	9.63436671	9.83488934	9.61040654
TACC1	10.56340241	10.8187512	10.50536345	10.82101978
TAF12	7.15977846	6.59399321	7.16454653	6.61137625
TAF1B	8.78935208	9.06723578	8.8529473	9.09869806
TBL1X	10.01154219	9.69345637	10.00111721	9.71179022
TGFA	9.32585269	9.4901994	9.39043472	9.47736127
TNK2	8.51793913	8.54859576	8.59566871	8.48196314
TPR	11.68570337	11.89113192	11.69653166	11.89382698
TRIM33	10.30129323	10.26024313	10.3189487	10.32928844
TRIOBP	10.06868671	9.6814374	9.93770481	9.67818635
CTNNB1	12.17006454	12.15239972	12.21129594	12.16066965
FOS	4.62183994	4.57400723	4.61901798	4.37055545
FOXM1	10.02164228	10.93597817	9.95200219	10.91678859
JUN	9.81710333	10.21395766	9.80478766	10.16384211
RELA	10.73675295	10.53768567	10.65865677	10.67072988
SNAI1	4.57236446	4.37059965	4.51695118	4.54677495
STAT3	11.16121217	10.91066701	11.16668464	10.91759214
TCF3	10.19490836	10.60056882	10.24625873	10.54881364
ZBTB17	7.70546597	7.76036154	7.78558574	7.68416989