0.000000000000000000e+00 0.000000000000000000e+00 0.000000000000000000e+00 1.554233222232400194e-02 3.051169005886836608e-02 3.167020602100562021e-02 3.245273740528221984e-02 3.103894270887447640e-02 3.208154509060529014e-02 3.069163868323265820e-02 3.089566374691002718e-02 3.080685730986284718e-02 3.091902875714093793e-02 3.089958071287570579e-02 3.091502921088343583e-02 3.090919902069808739e-02 3.091213359932783178e-02 3.091136611320923627e-02
0.000000000000000000e+00 0.000000000000000000e+00 0.000000000000000000e+00 0.000000000000000000e+00 1.524171530603324505e-02 5.404336928955661128e-04 -5.022798689891295760e-04 -7.772928059063547584e-03 -7.201955044428294712e-03 -8.649398776619750262e-03 -9.197623269861432069e-03 -9.783549608319173571e-03 -9.868521396950914737e-03 -9.975101004631880056e-03 -1.000947243099668468e-02 -1.005951303648189646e-02 -1.008162212764647514e-02 -1.010349440006293696e-02
0.000000000000000000e+00 0.000000000000000000e+00 0.000000000000000000e+00 -1.699930272397941547e-02 2.584610207978518467e-02 8.176682553083586963e-03 1.758213797103330700e-02 1.540104095973581638e-02 1.835214099889433126e-02 1.791427486086102569e-02 1.874650895750789789e-02 1.880387994920763167e-02 1.891630546060898282e-02 1.887813031568549849e-02 1.895074708462600108e-02 1.897952679678612323e-02 1.900792316494272563e-02 1.901223390325069984e-02
0.000000000000000000e+00 0.000000000000000000e+00 0.000000000000000000e+00 -2.004149514459185530e-02 -1.008443662767834464e-03 -4.949885217122160230e-02 -3.668730417655075710e-02 -4.206386817164130265e-02 -4.253774957938984136e-02 -4.520958949807832306e-02 -4.507274623271694675e-02 -4.555766745148699670e-02 -4.561820759902134037e-02 -4.575111418475714259e-02 -4.575492633240925422e-02 -4.583270003257244873e-02 -4.586407080417918142e-02 -4.589093996411306581e-02
0.000000000000000000e+00 0.000000000000000000e+00 0.000000000000000000e+00 2.395004499957978372e-02 8.492096200625399082e-04 -7.892566698126760342e-04 -1.221397808942005329e-02 -1.131678055492424569e-02 -1.359121895140989744e-02 -1.445267063315156843e-02 -1.537336504914995142e-02 -1.550688533348563124e-02 -1.567435902976876613e-02 -1.572836851568345032e-02 -1.580699974117961634e-02 -1.584174082626482738e-02 -1.587610978658847080e-02 -1.589168355876257113e-02
0.000000000000000000e+00 0.000000000000000000e+00 0.000000000000000000e+00 0.000000000000000000e+00 0.000000000000000000e+00 0.000000000000000000e+00 0.000000000000000000e+00 0.000000000000000000e+00 0.000000000000000000e+00 0.000000000000000000e+00 0.000000000000000000e+00 0.000000000000000000e+00 0.000000000000000000e+00 0.000000000000000000e+00 0.000000000000000000e+00 0.000000000000000000e+00 0.000000000000000000e+00 0.000000000000000000e+00
0.000000000000000000e+00 0.000000000000000000e+00 0.000000000000000000e+00 0.000000000000000000e+00 0.000000000000000000e+00 0.000000000000000000e+00 0.000000000000000000e+00 0.000000000000000000e+00 0.000000000000000000e+00 0.000000000000000000e+00 0.000000000000000000e+00 0.000000000000000000e+00 0.000000000000000000e+00 0.000000000000000000e+00 0.000000000000000000e+00 0.000000000000000000e+00 0.000000000000000000e+00 0.000000000000000000e+00
0.000000000000000000e+00 0.000000000000000000e+00 1.262278204369975398e-01 4.589692741213859117e-02 3.827606975912196258e-02 7.441634694613212531e-02 6.230084252151026070e-02 5.374507191948489637e-02 5.018445219220259851e-02 5.178664194634920170e-02 5.288327084945085993e-02 5.307049777700787591e-02 5.296955539503657440e-02 5.285159596526458475e-02 5.279311779926849219e-02 5.277855815570621500e-02 5.279634043858214693e-02 5.281046745724598396e-02
0.000000000000000000e+00 0.000000000000000000e+00 2.338268590217984222e-01 2.338268590217983459e-02 -5.393944062056914290e-02 1.565047324990494204e-02 4.121944028393859788e-02 1.820736995330830485e-02 9.752195418045705652e-03 1.736185249978204614e-02 2.015781904495362806e-02 1.764144915429920191e-02 1.671687581886823967e-02 1.754899182075610881e-02 1.785473076247062404e-02 1.757956571492756345e-02 1.747846362069818346e-02 1.756945550550461851e-02
0.000000000000000000e+00 0.000000000000000000e+00 0.000000000000000000e+00 1.522788342162293695e-01 1.522788342162293383e-02 -1.956707351361410344e-02 1.633997951619773487e-02 3.025460226337461922e-02 2.113924859771667414e-02 1.621244703045740879e-02 1.926158220756695252e-02 2.034079972046511434e-02 1.922134858794879997e-02 1.887987829742348092e-02 1.929259233074246890e-02 1.941971585923142271e-02 1.927443076594340457e-02 1.922486657915342678e-02
0.000000000000000000e+00 0.000000000000000000e+00 0.000000000000000000e+00 -2.540285884338873423e-02 -6.327441847121905230e-03 3.494936185077590542e-03 7.961297324880971943e-03 8.848828473024351882e-03 8.227389110530872532e-03 8.418851406584555719e-03 7.621477869165094697e-03 7.327866502361494137e-03 7.300895469789259531e-03 7.271941437409993290e-03 7.222211538303343822e-03 7.192870088889622739e-03 7.188127157631442506e-03 7.185781491845207383e-03
0.000000000000000000e+00 0.000000000000000000e+00 9.056075308874146634e-02 9.056075308874146634e-02 1.625255061957120994e-01 1.453852673946938456e-01 1.278800329475094089e-01 1.194742805970759048e-01 1.218849055347785426e-01 1.243201199298461096e-01 1.251574714394590171e-01 1.248903068388532572e-01 1.244757306338927089e-01 1.243329192131649441e-01 1.243417252602626588e-01 1.243866763135434289e-01 1.244147378980869773e-01 1.244151059997334191e-01
0.000000000000000000e+00 0.000000000000000000e+00 0.000000000000000000e+00 0.000000000000000000e+00 -4.448924591495741101e-04 1.457732530742049393e-02 2.186526338991967577e-02 1.411034306174565461e-02 1.157349593905915471e-02 9.176791542232502069e-03 8.480189708369362256e-03 8.807933511727343220e-03 8.785595820549590290e-03 8.640307950789754068e-03 8.492424527569538556e-03 8.458731054703908653e-03 8.451422026655650011e-03 8.447346101353659514e-03
0.000000000000000000e+00 0.000000000000000000e+00 0.000000000000000000e+00 6.457368530781089355e-02 8.950409376916471094e-02 9.943184740539010025e-02 9.204226636571839759e-02 8.875292582570892819e-02 8.689232050953409059e-02 8.637026692683905105e-02 8.721835814841404078e-02 8.757271498401153487e-02 8.750616045820704125e-02 8.731059108183535089e-02 8.728637474397568652e-02 8.729816904125144161e-02 8.731288344387554134e-02 8.731747990696425710e-02
0.000000000000000000e+00 0.000000000000000000e+00 0.000000000000000000e+00 1.554233222232400194e-02 3.051169005886836608e-02 3.167020602100562021e-02 3.245273740528221984e-02 3.103894270887447640e-02 3.208154509060529014e-02 3.069163868323265820e-02 3.089566374691002718e-02 3.080685730986284718e-02 3.091902875714093793e-02 3.089958071287570579e-02 3.091502921088343583e-02 3.090919902069808739e-02 3.091213359932783178e-02 3.091136611320923627e-02
0.000000000000000000e+00 0.000000000000000000e+00 8.925654780539885036e-02 5.686226740413135444e-02 3.911269579876855418e-02 3.983308666205256227e-02 4.540029241218765388e-02 3.833148381443304831e-02 3.559680112966123744e-02 3.441531003245203169e-02 3.512680368052707724e-02 3.552559381447530085e-02 3.570535169572239959e-02 3.569387663155152574e-02 3.566633426489027037e-02 3.564341765777674642e-02 3.564774926958330648e-02 3.565678967098964702e-02
0.000000000000000000e+00 0.000000000000000000e+00 2.392831029010619170e-01 2.392831029010618685e-02 -3.074668970989381453e-02 2.567580071189489235e-02 4.754052093896458248e-02 3.321712451696372942e-02 2.547540274414253694e-02 3.026665643411720688e-02 3.196248314910736521e-02 3.020343540019792758e-02 2.966686660463305203e-02 3.031538414163462841e-02 3.051513949506328913e-02 3.028684599579822834e-02 3.020896339005781084e-02 3.027609436774797089e-02
0.000000000000000000e+00 0.000000000000000000e+00 1.811215061774829604e-01 2.710912640970281617e-01 2.813018744523874681e-01 2.734430797900568311e-01 2.665918573634795674e-01 2.657130293308229696e-01 2.668606933690647054e-01 2.677415042581019478e-01 2.679780821024710935e-01 2.677643443840193038e-01 2.676133812981370541e-01 2.675726208744825252e-01 2.675921462193261990e-01 2.676113668805485957e-01 2.676173546722506180e-01 2.676133600788038192e-01
0.000000000000000000e+00 0.000000000000000000e+00 0.000000000000000000e+00 1.288702108712483085e-01 1.288702108712483085e-01 1.288702108712483085e-01 1.288702108712483085e-01 1.288702108712483085e-01 1.288702108712483085e-01 1.288702108712483085e-01 1.288702108712483085e-01 1.288702108712483085e-01 1.288702108712483085e-01 1.288702108712483085e-01 1.288702108712483085e-01 1.288702108712483085e-01 1.288702108712483085e-01 1.288702108712483085e-01
0.000000000000000000e+00 0.000000000000000000e+00 7.394254526319743448e-02 7.394254526319741540e-03 7.394254526319751948e-03 1.460924494810844285e-02 1.839397519747765219e-02 2.034256975540723114e-02 1.857955923258605008e-02 1.798997279756071183e-02 1.770875260848932264e-02 1.772904707323528020e-02 1.784625035285790362e-02 1.790637302219073163e-02 1.788993829666025992e-02 1.785621586845841449e-02 1.784982323913975044e-02 1.785261323805033273e-02
0.000000000000000000e+00 0.000000000000000000e+00 1.030645838047674623e-01 5.668552109262209315e-02 3.896553409665811513e-02 3.299633049636701426e-02 3.649504292184106019e-02 3.250376435573211487e-02 3.016103777143825868e-02 2.908738065062133060e-02 2.963626005751936535e-02 2.999342421026533756e-02 3.004429115549740736e-02 2.998790545874591498e-02 2.994453500133929455e-02 2.992193235734532525e-02 2.991895591309763278e-02 2.992404234344918715e-02
0.000000000000000000e+00 0.000000000000000000e+00 0.000000000000000000e+00 1.099008850985948305e-02 2.893873846409547937e-02 2.276474330024677237e-02 4.113459028828360398e-02 3.542762316093001768e-02 3.814033012874186446e-02 3.733163303001039990e-02 3.845759720734660131e-02 3.834452214726677410e-02 3.860201077100788858e-02 3.861050279758893033e-02 3.867025953306556241e-02 3.866753763853567061e-02 3.869818858110589399e-02 3.870917224395805517e-02
0.000000000000000000e+00 4.435193518440699867e-01 4.435193518440699173e-02 1.757497084278733177e-02 5.165286427790674595e-02 3.121127410485745671e-02 2.374852099964672517e-02 2.208955815490474053e-02 2.460697570555593280e-02 2.531628864201256740e-02 2.489312085856787080e-02 2.488335349765746773e-02 2.500410188842377285e-02 2.498299930875820529e-02 2.492047337797641607e-02 2.492492239093208051e-02 2.493833232498077548e-02 2.494076942514057704e-02
0.000000000000000000e+00 0.000000000000000000e+00 0.000000000000000000e+00 3.842167357104581127e-02 7.658413886227270762e-02 5.470131736889433105e-02 4.582896408238108787e-02 5.029301498862935593e-02 5.125072436128695619e-02 5.037678729464551558e-02 5.030308831101014400e-02 5.056490357925790685e-02 5.048778530638726308e-02 5.035020594952526601e-02 5.036104196385955689e-02 5.038879841250840097e-02 5.039194879859621584e-02 5.038471758530421035e-02
1.000000000000000000e+00 9.999999999999997780e-02 9.999999999999997780e-02 9.999999999999997780e-02 9.999999999999997780e-02 9.999999999999997780e-02 9.999999999999997780e-02 9.999999999999997780e-02 9.999999999999997780e-02 9.999999999999997780e-02 9.999999999999997780e-02 9.999999999999997780e-02 9.999999999999997780e-02 9.999999999999997780e-02 9.999999999999997780e-02 9.999999999999997780e-02 9.999999999999997780e-02 9.999999999999997780e-02
0.000000000000000000e+00 0.000000000000000000e+00 0.000000000000000000e+00 4.104531147960083920e-02 5.037178507079190931e-02 5.120513106129283981e-02 5.262471596445007088e-02 5.198293738231555411e-02 5.127878195697424535e-02 5.043388223526276692e-02 5.082650282076134340e-02 5.091778042954551303e-02 5.093419483636933004e-02 5.088734743901760643e-02 5.089601324158561646e-02 5.089390338528493318e-02 5.089577933439367458e-02 5.089703719099036849e-02
0.000000000000000000e+00 0.000000000000000000e+00 0.000000000000000000e+00 0.000000000000000000e+00 1.272383881433909042e-02 2.902742081401861463e-02 1.507939945356598366e-02 1.971405295471980595e-02 1.971235130458406579e-02 2.014836204380474408e-02 1.893367752718354974e-02 1.937112971645545481e-02 1.930612696559266123e-02 1.935841357961861145e-02 1.930091904348974971e-02 1.933426128736365907e-02 1.932771798706363342e-02 1.932971591017088736e-02
0.000000000000000000e+00 0.000000000000000000e+00 0.000000000000000000e+00 8.973369692393358063e-03 4.582166491237514572e-02 3.019208350011218234e-02 2.871218517382697136e-02 3.222867476931477737e-02 3.333272031408239522e-02 3.162270710034541937e-02 3.145727593972881542e-02 3.160700380354389272e-02 3.165546149059775966e-02 3.159949207542292471e-02 3.161972911179750101e-02 3.163151050196684466e-02 3.163001965264972126e-02 3.162441680652257336e-02
0.000000000000000000e+00 2.598076211353316234e-01 2.598076211353315956e-02 2.598076211353315956e-02 5.133165436814565719e-02 6.462984094297205551e-02 7.147650431993469999e-02 6.528191677442445051e-02 6.321032120529232468e-02 6.222221418141589411e-02 6.229352166196169827e-02 6.270533200957179032e-02 6.291658153635056039e-02 6.285883579702165880e-02 6.274034726218906399e-02 6.271788585231780067e-02 6.272768890923649532e-02 6.273749163638724091e-02
0.000000000000000000e+00 0.000000000000000000e+00 0.000000000000000000e+00 3.327414536843883303e-02 5.534144168820944593e-02 6.820287632254254384e-02 5.574483437299868754e-02 5.200061634494886759e-02 5.036514922512721343e-02 5.082172261348404801e-02 5.146585536428601587e-02 5.183790557482405303e-02 5.172056978504546709e-02 5.151024514529245479e-02 5.146374277633979089e-02 5.148340621890089980e-02 5.150156253398221334e-02 5.150628403656265508e-02
0.000000000000000000e+00 0.000000000000000000e+00 2.110278299809773828e-01 2.110278299809773689e-02 -8.474764398094182700e-04 4.162024017226777228e-02 4.820043540353256134e-02 4.014196373367119597e-02 3.891327325586792230e-02 4.021111413730583950e-02 3.985252096390636684e-02 3.935005814391340923e-02 3.956500276707233810e-02 3.970585343265868594e-02 3.967682788799093557e-02 3.961891671312830349e-02 3.962630212348192127e-02 3.963572576980527867e-02
0.000000000000000000e+00 0.000000000000000000e+00 1.691987046846993303e-01 1.691987046846992956e-02 -2.174119279290456785e-02 1.815553279577526366e-02 3.361622473708292258e-02 2.348805399746297512e-02 1.801383003384156647e-02 2.140175800840772927e-02 2.260088857829457842e-02 2.135705398660978083e-02 2.097764255269276082e-02 2.143621370082497354e-02 2.157746206581269421e-02 2.141603418438155909e-02 2.136096286572603323e-02 2.140843163527842916e-02
0.000000000000000000e+00 0.000000000000000000e+00 1.040410210804700308e-01 6.890292873214667879e-02 1.072485906704143260e-01 9.184301161249976142e-02 8.832696075533309765e-02 8.989117626777937131e-02 8.991665363252501764e-02 8.882140907176570843e-02 8.873264409186890078e-02 8.892160248260966293e-02 8.901547119772050543e-02 8.899137301093430763e-02 8.901094606878096060e-02 8.901426388296974912e-02 8.901955578331584296e-02 8.901770543298855032e-02
0.000000000000000000e+00 0.000000000000000000e+00 0.000000000000000000e+00 8.591347391416555290e-02 6.545099199715036231e-02 4.455276837920733174e-02 3.451775326264808208e-02 3.739562268845302018e-02 4.030284767531640971e-02 4.130250061612732171e-02 4.098355227052798838e-02 4.048861995390672791e-02 4.031812780685382902e-02 4.032864070469551615e-02 4.038230449115651211e-02 4.041580517180343862e-02 4.041624462153172587e-02 4.040413996964158788e-02
0.000000000000000000e+00 0.000000000000000000e+00 1.280722452368193431e-01 1.280722452368193431e-01 1.525236485707795742e-01 1.466999241213796656e-01 1.407521854097994740e-01 1.378961700387701939e-01 1.387152260362396194e-01 1.395426367728533346e-01 1.398271429874916594e-01 1.397363686969683993e-01 1.395955084902351651e-01 1.395469855745278265e-01 1.395499775977067924e-01 1.395652505790844766e-01 1.395747850399454149e-01 1.395749101095306866e-01
0.000000000000000000e+00 0.000000000000000000e+00 5.727564927611034779e-02 1.124398084943147025e-01 1.167091004499223039e-01 1.195928371036144300e-01 1.143828076163045243e-01 1.182249419560067460e-01 1.131029441260446439e-01 1.138548047749848857e-01 1.135275407409250953e-01 1.139409080773834820e-01 1.138692393376790485e-01 1.139261691948637162e-01 1.139046841356401440e-01 1.139154984647875318e-01 1.139126701720239859e-01 1.139229198803030779e-01
0.000000000000000000e+00 0.000000000000000000e+00 1.030645838047674623e-01 4.817480451157601928e-02 2.178460758980531320e-02 2.000721691420239562e-02 1.460396558126819851e-02 1.088449716401258816e-02 9.132369075331792443e-03 9.073591083089246195e-03 9.216824101133083008e-03 9.171115965736052408e-03 9.152051994844994168e-03 9.173106835062993028e-03 9.175939080959075525e-03 9.162450001232362237e-03 9.158527654052898287e-03 9.160202678749996413e-03
0.000000000000000000e+00 0.000000000000000000e+00 0.000000000000000000e+00 0.000000000000000000e+00 3.489145908616327063e-02 3.489145908616326196e-03 -1.401222271430413663e-04 6.881513719104605416e-03 7.969486868007941149e-03 6.637094668404131155e-03 6.433942299639803207e-03 6.648528034701966030e-03 6.589238039446965525e-03 6.506160556597036237e-03 6.541699620451394033e-03 6.564987948043104517e-03 6.560188848301996140e-03 6.550613782356744762e-03
0.000000000000000000e+00 0.000000000000000000e+00 0.000000000000000000e+00 0.000000000000000000e+00 0.000000000000000000e+00 0.000000000000000000e+00 0.000000000000000000e+00 0.000000000000000000e+00 0.000000000000000000e+00 0.000000000000000000e+00 0.000000000000000000e+00 0.000000000000000000e+00 0.000000000000000000e+00 0.000000000000000000e+00 0.000000000000000000e+00 0.000000000000000000e+00 0.000000000000000000e+00 0.000000000000000000e+00
1.000000000000000000e+00 1.000000000000000000e+00 1.000000000000000000e+00 1.000000000000000000e+00 1.000000000000000000e+00 1.000000000000000000e+00 1.000000000000000000e+00 1.000000000000000000e+00 1.000000000000000000e+00 1.000000000000000000e+00 1.000000000000000000e+00 1.000000000000000000e+00 1.000000000000000000e+00 1.000000000000000000e+00 1.000000000000000000e+00 1.000000000000000000e+00 1.000000000000000000e+00 1.000000000000000000e+00
0.000000000000000000e+00 3.181980515339463689e-01 3.181980515339463689e-01 3.789480515339463951e-01 3.644788918105178466e-01 3.497016161755174823e-01 3.426057889372888798e-01 3.446407499236450178e-01 3.466964684262910379e-01 3.474033297995715586e-01 3.471777992615500685e-01 3.468278292642387739e-01 3.467072731109185901e-01 3.467147068522724029e-01 3.467526528795831231e-01 3.467763414380429232e-01 3.467766521759257925e-01 3.467680928944903984e-01
0.000000000000000000e+00 3.181980515339463689e-01 3.181980515339463689e-01 3.514721969023852366e-01 3.215254660707902445e-01 3.215254660707902445e-01 3.247722117605951753e-01 3.264753403728112846e-01 3.273522079238796456e-01 3.265588531886100543e-01 3.262935392928487111e-01 3.261669902077665717e-01 3.261761227169022725e-01 3.262288641927324484e-01 3.262559193939322255e-01 3.262485237674435101e-01 3.262333486747526767e-01 3.262304719915592455e-01
0.000000000000000000e+00 0.000000000000000000e+00 0.000000000000000000e+00 0.000000000000000000e+00 2.467198732531902111e-02 -1.973758986025522105e-02 -2.319560236286518154e-03 4.955138254914150109e-03 1.255909692899141424e-03 -3.786157388453588154e-04 3.256630471731969509e-04 6.066834513921826435e-04 4.281975681233338659e-04 4.071848385674360269e-04 4.851849379542586905e-04 4.790353505732568361e-04 4.608212736763957662e-04 4.571048079896747394e-04
0.000000000000000000e+00 0.000000000000000000e+00 0.000000000000000000e+00 1.554233222232400194e-02 3.051169005886836608e-02 3.167020602100562021e-02 3.245273740528221984e-02 3.103894270887447640e-02 3.208154509060529014e-02 3.069163868323265820e-02 3.089566374691002718e-02 3.080685730986284718e-02 3.091902875714093793e-02 3.089958071287570579e-02 3.091502921088343583e-02 3.090919902069808739e-02 3.091213359932783178e-02 3.091136611320923627e-02
0.000000000000000000e+00 0.000000000000000000e+00 1.653405576378645381e-01 1.259604928276093216e-01 8.574184272292799391e-02 6.642944712670316443e-02 7.196790941897342198e-02 7.756286651484135819e-02 7.948669949641930244e-02 7.887288311912142580e-02 7.792038543168165743e-02 7.759227314169597767e-02 7.761250522302549915e-02 7.771578122822214718e-02 7.778025331818726185e-02 7.778109903958367599e-02 7.775780362615961061e-02 7.774536955954935991e-02
0.000000000000000000e+00 0.000000000000000000e+00 2.863782463805517597e-01 2.863782463805517597e-01 2.863782463805517597e-01 2.863782463805517597e-01 2.863782463805517597e-01 2.863782463805517597e-01 2.863782463805517597e-01 2.863782463805517597e-01 2.863782463805517597e-01 2.863782463805517597e-01 2.863782463805517597e-01 2.863782463805517597e-01 2.863782463805517597e-01 2.863782463805517597e-01 2.863782463805517597e-01 2.863782463805517597e-01
0.000000000000000000e+00 0.000000000000000000e+00 0.000000000000000000e+00 7.440325093703904769e-02 7.906595060373623751e-02 7.563693036333463127e-02 8.362349515907559205e-02 8.440006443443617834e-02 8.775386564626412589e-02 8.776996007945367384e-02 8.810510198281769345e-02 8.845117530479539025e-02 8.872898962999171968e-02 8.880679370071120626e-02 8.885633967609789241e-02 8.887883414253795744e-02 8.890308694682491630e-02 8.891545554117570582e-02
0.000000000000000000e+00 0.000000000000000000e+00 0.000000000000000000e+00 0.000000000000000000e+00 1.159831897841234749e-01 1.159831897841234749e-01 1.159831897841234749e-01 1.159831897841234749e-01 1.159831897841234749e-01 1.159831897841234749e-01 1.159831897841234749e-01 1.159831897841234749e-01 1.159831897841234749e-01 1.159831897841234749e-01 1.159831897841234749e-01 1.159831897841234749e-01 1.159831897841234749e-01 1.159831897841234749e-01
0.000000000000000000e+00 -2.598076211353316234e-01 -2.598076211353315956e-02 3.732758688076007192e-02 -2.771106636174572660e-02 -3.612782724448814625e-02 -2.355117816436034725e-02 -2.185592053530096418e-02 -2.414741922488653630e-02 -2.437773298804293137e-02 -2.382244571235199102e-02 -2.400713281661947737e-02 -2.417579822911056220e-02 -2.411453856766680032e-02 -2.406308272179906796e-02 -2.407349231503762635e-02 -2.409045129994484211e-02 -2.408860410592978882e-02
0.000000000000000000e+00 4.500000000000000111e-01 4.500000000000000111e-01 4.500000000000000111e-01 4.500000000000000111e-01 4.500000000000000111e-01 4.500000000000000111e-01 4.500000000000000111e-01 4.500000000000000111e-01 4.500000000000000111e-01 4.500000000000000111e-01 4.500000000000000111e-01 4.500000000000000111e-01 4.500000000000000111e-01 4.500000000000000111e-01 4.500000000000000111e-01 4.500000000000000111e-01 4.500000000000000111e-01
0.000000000000000000e+00 0.000000000000000000e+00 0.000000000000000000e+00 1.096532770014179009e-01 1.096532770014178870e-02 -4.403616755902500378e-04 2.162651118047611079e-02 2.504568091975802394e-02 2.085837621069173975e-02 2.021992991039233203e-02 2.089430781442946916e-02 2.070797733575689345e-02 2.044688999581425332e-02 2.055857849825175679e-02 2.063176665097438828e-02 2.061668453554981947e-02 2.058659300639339301e-02 2.059043057818355643e-02
1.000000000000000000e+00 9.999999999999997780e-02 9.999999999999997780e-02 9.999999999999997780e-02 9.999999999999997780e-02 9.999999999999997780e-02 9.999999999999997780e-02 9.999999999999997780e-02 9.999999999999997780e-02 9.999999999999997780e-02 9.999999999999997780e-02 9.999999999999997780e-02 9.999999999999997780e-02 9.999999999999997780e-02 9.999999999999997780e-02 9.999999999999997780e-02 9.999999999999997780e-02 9.999999999999997780e-02
0.000000000000000000e+00 0.000000000000000000e+00 0.000000000000000000e+00 0.000000000000000000e+00 0.000000000000000000e+00 0.000000000000000000e+00 0.000000000000000000e+00 0.000000000000000000e+00 0.000000000000000000e+00 0.000000000000000000e+00 0.000000000000000000e+00 0.000000000000000000e+00 0.000000000000000000e+00 0.000000000000000000e+00 0.000000000000000000e+00 0.000000000000000000e+00 0.000000000000000000e+00 0.000000000000000000e+00
0.000000000000000000e+00 0.000000000000000000e+00 0.000000000000000000e+00 0.000000000000000000e+00 0.000000000000000000e+00 0.000000000000000000e+00 0.000000000000000000e+00 0.000000000000000000e+00 0.000000000000000000e+00 0.000000000000000000e+00 0.000000000000000000e+00 0.000000000000000000e+00 0.000000000000000000e+00 0.000000000000000000e+00 0.000000000000000000e+00 0.000000000000000000e+00 0.000000000000000000e+00 0.000000000000000000e+00
0.000000000000000000e+00 0.000000000000000000e+00 0.000000000000000000e+00 7.753657574702947641e-02 2.982095389447356887e-02 8.175809540501913220e-03 1.761912889685620862e-02 2.272446281098942228e-02 2.121659476090699548e-02 2.033599828210866725e-02 2.056223331960827308e-02 2.049486539505007698e-02 2.029107551903886961e-02 2.031205160098791332e-02 2.036977333766168408e-02 2.037553656582539313e-02 2.035589888499314201e-02 2.035302347608385423e-02
0.000000000000000000e+00 4.499999999999999001e-01 4.499999999999997752e-02 -1.038065018740780832e-01 3.011934981259218116e-02 7.932684981259216506e-02 3.504009981259217227e-02 1.876810883266174027e-02 3.341290071459913219e-02 3.879374083959913344e-02 3.395098472709912746e-02 3.217164251344373921e-02 3.377305050573359280e-02 3.436144537340234811e-02 3.383188999250047457e-02 3.363731892143725227e-02 3.381243288539414332e-02 3.387677386417372455e-02
0.000000000000000000e+00 0.000000000000000000e+00 0.000000000000000000e+00 1.554233222232400194e-02 3.051169005886836608e-02 3.167020602100562021e-02 3.245273740528221984e-02 3.103894270887447640e-02 3.208154509060529014e-02 3.069163868323265820e-02 3.089566374691002718e-02 3.080685730986284718e-02 3.091902875714093793e-02 3.089958071287570579e-02 3.091502921088343583e-02 3.090919902069808739e-02 3.091213359932783178e-02 3.091136611320923627e-02
0.000000000000000000e+00 0.000000000000000000e+00 7.394254526319743448e-02 7.394254526319743448e-02 9.377018706375013501e-02 9.590795145670287514e-02 9.289968885541835530e-02 9.153828800202361282e-02 9.149170886155616467e-02 9.235249124904811036e-02 9.200606676541249473e-02 9.202862179945564547e-02 9.191466655268408503e-02 9.192786625566969072e-02 9.192244803331575675e-02 9.193694203383721841e-02 9.194030460872321120e-02 9.194145505071987801e-02
0.000000000000000000e+00 0.000000000000000000e+00 0.000000000000000000e+00 0.000000000000000000e+00 -5.662441772485200635e-03 -1.332524998612829095e-02 -1.164936804439819021e-02 -1.727941698575580567e-02 -1.535215891494264712e-02 -1.632464651848358761e-02 -1.587050505750685347e-02 -1.623934524848745856e-02 -1.619190712065806878e-02 -1.628622528010253631e-02 -1.628581305558601117e-02 -1.630609121065230288e-02 -1.630438733526631476e-02 -1.631402923678509920e-02
0.000000000000000000e+00 0.000000000000000000e+00 0.000000000000000000e+00 2.498001805406602278e-17 3.122502256758252847e-18 -7.806255641895631925e-18 3.122502256758252847e-18 1.249000902703301139e-17 3.122502256758252847e-18 0.000000000000000000e+00 3.122502256758252847e-18 3.122502256758252847e-18 3.122502256758252847e-18 4.683753385137379463e-18 4.683753385137379463e-18 3.122502256758252847e-18 0.000000000000000000e+00 1.561251128379126423e-18
