0.000000000000000000e+00 0.000000000000000000e+00 0.000000000000000000e+00 0.000000000000000000e+00 1.947785283953577286e-03 1.726564988187764783e-03 -3.482501844971442901e-03 -2.027937953139660569e-03 -1.963245780401549987e-03 -2.552187096525294734e-03 -2.912907013203932041e-03 -2.967448645369106814e-03 -2.998599247717646972e-03 -3.054706603142230952e-03 -3.071423187737015378e-03 -3.082304235106997359e-03 -3.090126715929076770e-03 -3.096266971430682718e-03 -3.099206597650757192e-03
0.000000000000000000e+00 0.000000000000000000e+00 0.000000000000000000e+00 7.081538956566622856e-02 7.908585519858467305e-02 9.257376732007822906e-02 9.470431706431843566e-02 9.984659606930301745e-02 1.056572811294551328e-01 1.086221650699633334e-01 1.100941035388089684e-01 1.110018411251691844e-01 1.116073873624372215e-01 1.119310808421937753e-01 1.121163778701763369e-01 1.122358739958136259e-01 1.123134536833887975e-01 1.123583495603672766e-01 1.123856142277108727e-01
0.000000000000000000e+00 0.000000000000000000e+00 -1.112756492761103749e-01 -1.121214322374591149e-01 -1.217583858789442058e-01 -1.280638991674696858e-01 -1.371727971163320403e-01 -1.429295261486077939e-01 -1.454983401080147953e-01 -1.472234626955583603e-01 -1.478262573873806440e-01 -1.482604897642101627e-01 -1.485357286862722670e-01 -1.487471975440567695e-01 -1.488643598097104948e-01 -1.489348671048865702e-01 -1.489761789441348683e-01 -1.490033470549192995e-01 -1.490187745631426086e-01
0.000000000000000000e+00 0.000000000000000000e+00 -2.062616460750565928e-02 1.174065788654464482e-01 1.051002528311612977e-01 9.701440660931194560e-02 1.135663273985691446e-01 1.301313031308013735e-01 1.347052980274151546e-01 1.359349111724001413e-01 1.380807009395162432e-01 1.390382123922294377e-01 1.394572711521131214e-01 1.397643226569539598e-01 1.400176368113979775e-01 1.401531007181751054e-01 1.402250340677493878e-01 1.402696746103441194e-01 1.403014383778722063e-01
0.000000000000000000e+00 0.000000000000000000e+00 1.112756492761103749e-01 1.242714322374591229e-01 1.454656414044731561e-01 1.488134773418232082e-01 1.568937892422183344e-01 1.660243999297137119e-01 1.706832655736346960e-01 1.729961937354349000e-01 1.744225657417753927e-01 1.753740898544292326e-01 1.758827250867886216e-01 1.761738912757223607e-01 1.763616613218637885e-01 1.764835660400121131e-01 1.765541131045872125e-01 1.765969553960660132e-01 1.766231191602538886e-01
0.000000000000000000e+00 0.000000000000000000e+00 0.000000000000000000e+00 0.000000000000000000e+00 0.000000000000000000e+00 0.000000000000000000e+00 0.000000000000000000e+00 0.000000000000000000e+00 0.000000000000000000e+00 0.000000000000000000e+00 0.000000000000000000e+00 0.000000000000000000e+00 0.000000000000000000e+00 0.000000000000000000e+00 0.000000000000000000e+00 0.000000000000000000e+00 0.000000000000000000e+00 0.000000000000000000e+00 0.000000000000000000e+00
1.000000000000000000e+00 1.000000000000000000e+00 1.000000000000000000e+00 1.000000000000000000e+00 1.000000000000000000e+00 1.000000000000000000e+00 1.000000000000000000e+00 1.000000000000000000e+00 1.000000000000000000e+00 1.000000000000000000e+00 1.000000000000000000e+00 1.000000000000000000e+00 1.000000000000000000e+00 1.000000000000000000e+00 1.000000000000000000e+00 1.000000000000000000e+00 1.000000000000000000e+00 1.000000000000000000e+00 1.000000000000000000e+00
0.000000000000000000e+00 0.000000000000000000e+00 1.262278204369975398e-01 2.896873994459783427e-02 2.134788229158121955e-02 6.943845205656734576e-02 7.486266498742907838e-02 6.474593470658671079e-02 6.416403417868903059e-02 6.488614929703544199e-02 6.473611108980717455e-02 6.465286123554771225e-02 6.465583104344163612e-02 6.466876464198105523e-02 6.467045633391473036e-02 6.465503450654920548e-02 6.465196477993051527e-02 6.465502060727544575e-02 6.465414144483190573e-02
0.000000000000000000e+00 0.000000000000000000e+00 2.338268590217984222e-01 2.338268590217983459e-02 -5.393944062056914290e-02 1.565047324990494204e-02 4.121944028393859788e-02 1.820736995330830485e-02 9.752195418045705652e-03 1.736185249978204614e-02 2.015781904495362806e-02 1.764144915429920191e-02 1.671687581886823967e-02 1.754899182075610881e-02 1.785473076247062404e-02 1.757956571492756345e-02 1.747846362069818346e-02 1.756945550550461851e-02 1.760288805878110208e-02
0.000000000000000000e+00 0.000000000000000000e+00 1.811215061774829327e-01 2.863435927372922074e-01 1.916437148334638463e-01 1.568487578982268038e-01 1.881642191399401642e-01 1.996702543052553125e-01 1.893148226564716763e-01 1.855099941156035104e-01 1.889343398023848319e-01 1.901925247477120606e-01 1.890601582969175798e-01 1.886441002959736435e-01 1.890185524968232000e-01 1.891561350205946679e-01 1.890323107492003218e-01 1.889868148067971043e-01 1.890277611549600334e-01
0.000000000000000000e+00 2.846049894151541082e-01 2.539898671014066966e-01 2.468120082580179953e-01 2.723495343020924664e-01 2.866809912428681106e-01 2.898804393190419493e-01 2.871749848034649277e-01 2.881075805004060797e-01 2.888118712696986501e-01 2.889754000320075011e-01 2.891632559182899520e-01 2.893895081380508660e-01 2.895572444111096377e-01 2.896155550274076562e-01 2.896477392996733013e-01 2.896773081638844283e-01 2.896937382960671492e-01 2.897016677683997288e-01
0.000000000000000000e+00 0.000000000000000000e+00 0.000000000000000000e+00 0.000000000000000000e+00 6.473080736994837880e-02 6.899440346005542013e-02 4.963398014401959601e-02 4.584144175569612734e-02 4.711365151017312541e-02 4.685582382735097029e-02 4.672986953437555796e-02 4.680224724130159497e-02 4.677805605126190286e-02 4.675005004106854573e-02 4.674157788874942071e-02 4.673944664840675584e-02 4.674009860548034717e-02 4.673848865727543017e-02 4.673717055547698535e-02
0.000000000000000000e+00 0.000000000000000000e+00 0.000000000000000000e+00 6.075000000000000538e-02 6.780851214846302100e-02 9.525026411055520503e-02 1.044728824320490801e-01 1.049509665065313513e-01 1.053477262100926126e-01 1.065415434022003172e-01 1.074657260588085250e-01 1.081005579621899942e-01 1.086316743860258338e-01 1.088688215258132724e-01 1.089694065028681269e-01 1.090537853770045945e-01 1.091036406857685132e-01 1.091316461305517072e-01 1.091487076550422958e-01
0.000000000000000000e+00 0.000000000000000000e+00 0.000000000000000000e+00 1.358411296331122654e-02 2.847447907413814400e-02 3.198427722407288371e-02 2.883691577928446798e-02 2.609090115882672575e-02 2.514459427238151593e-02 2.426329717822481996e-02 2.397601220502413796e-02 2.406811209721027023e-02 2.405445001367005620e-02 2.395642325353609242e-02 2.393537204860580331e-02 2.393630267521958122e-02 2.392935916775803737e-02 2.392234623071419833e-02 2.392013648024286440e-02
0.000000000000000000e+00 0.000000000000000000e+00 0.000000000000000000e+00 0.000000000000000000e+00 1.947785283953577286e-03 1.726564988187764783e-03 -3.482501844971442901e-03 -2.027937953139660569e-03 -1.963245780401549987e-03 -2.552187096525294734e-03 -2.912907013203932041e-03 -2.967448645369106814e-03 -2.998599247717646972e-03 -3.054706603142230952e-03 -3.071423187737015378e-03 -3.082304235106997359e-03 -3.090126715929076770e-03 -3.096266971430682718e-03 -3.099206597650757192e-03
0.000000000000000000e+00 0.000000000000000000e+00 2.522042518698917185e-02 3.501718871867706088e-03 -3.024578027796334320e-02 -2.133966492697967482e-02 -9.138667570498427636e-03 -9.528910515122850436e-03 -1.153309645852523303e-02 -1.204247805547822847e-02 -1.219063525009867616e-02 -1.232858455414635734e-02 -1.242962167970909637e-02 -1.249220662901331241e-02 -1.252571775517054634e-02 -1.255244362341402867e-02 -1.257012043252860554e-02 -1.257882892293435764e-02 -1.258322654239084348e-02
0.000000000000000000e+00 2.846049894151541082e-01 4.499455470530185908e-01 3.011390451789405232e-01 2.464640451789405218e-01 2.956715451789405646e-01 3.137515351566410593e-01 2.974795441767106308e-01 2.915008329267106402e-01 2.968816730517105928e-01 2.988587199557721785e-01 2.970793777421167903e-01 2.964256056669292705e-01 2.970140005345980327e-01 2.972301906135570992e-01 2.970356195424939116e-01 2.969641295660721547e-01 2.970284705448517637e-01 2.970521109299859019e-01
0.000000000000000000e+00 -2.012461179749810702e-01 -4.678513875986104603e-02 9.841666199261293879e-03 2.616773236726606389e-02 1.821252700911409755e-02 1.395309028661306273e-02 1.406737592052047410e-02 1.361479369504818571e-02 1.323100867148546862e-02 1.334477620323296955e-02 1.339775308954209605e-02 1.336232306869035956e-02 1.335265529746002856e-02 1.336272240199294983e-02 1.336652160998184555e-02 1.336626691198032450e-02 1.336646275998573836e-02 1.336745181502813767e-02
0.000000000000000000e+00 0.000000000000000000e+00 -2.024999999999999578e-01 -2.024999999999999578e-01 -2.024999999999999578e-01 -2.209528124999999565e-01 -2.209528124999999565e-01 -2.209528124999999565e-01 -2.226343250390624695e-01 -2.226343250390624695e-01 -2.226343250390624695e-01 -2.227875528691845575e-01 -2.227875528691845575e-01 -2.227875528691845575e-01 -2.228015157552044045e-01 -2.228015157552044045e-01 -2.228015157552044045e-01 -2.228027881231929574e-01 -2.228027881231929574e-01
0.000000000000000000e+00 2.846049894151541082e-01 2.846049894151541082e-01 2.846049894151541082e-01 2.846049894151541082e-01 2.846049894151541082e-01 2.846049894151541082e-01 2.846049894151541082e-01 2.846049894151541082e-01 2.846049894151541082e-01 2.846049894151541082e-01 2.846049894151541082e-01 2.846049894151541082e-01 2.846049894151541082e-01 2.846049894151541082e-01 2.846049894151541082e-01 2.846049894151541082e-01 2.846049894151541082e-01 2.846049894151541082e-01
0.000000000000000000e+00 2.323790007724450546e-01 3.354435845772125169e-01 3.024109406031389446e-01 2.604532683769155699e-01 2.774997300560672620e-01 2.983191061458975168e-01 2.978599405467551864e-01 2.948054582137695778e-01 2.947995959064317328e-01 2.950197605643927190e-01 2.949344460734750761e-01 2.948845696497741642e-01 2.949034784228687367e-01 2.949180135941504854e-01 2.949085849378365043e-01 2.949010515474587146e-01 2.949022231433358621e-01 2.949031110773286946e-01
0.000000000000000000e+00 0.000000000000000000e+00 0.000000000000000000e+00 7.578536795856379363e-03 -4.176063941734736024e-02 -3.739543287977040165e-02 -3.810786975382989689e-02 -4.316090179174331826e-02 -4.920151823954377335e-02 -5.129855567531552141e-02 -5.200541189244284324e-02 -5.283239215411181938e-02 -5.320623112857327669e-02 -5.339987704016221914e-02 -5.352451537722953401e-02 -5.362528300306312196e-02 -5.368058694982329876e-02 -5.371135876641864454e-02 -5.372983937873272026e-02
0.000000000000000000e+00 4.435193518440699867e-01 1.017857768555879144e-01 7.500881251396826488e-02 1.604147377956054443e-01 1.739692004396927727e-01 1.634168326202516397e-01 1.662683885819601637e-01 1.671632267477658473e-01 1.669689003318088893e-01 1.668389964533491254e-01 1.667559920767819615e-01 1.668326668018612624e-01 1.668747664051185298e-01 1.668315171287791665e-01 1.668234826283314653e-01 1.668333780381977827e-01 1.668323674104432441e-01 1.668293689811529701e-01
0.000000000000000000e+00 2.323790007724450546e-01 2.323790007724450546e-01 2.480645833245851140e-01 2.641339427314069455e-01 2.488951879310651316e-01 2.469893052876129536e-01 2.487868148672812696e-01 2.487945252691832199e-01 2.477352535411462553e-01 2.476891354737662809e-01 2.478647591827635166e-01 2.478452550641177532e-01 2.477717144651853109e-01 2.477654597551925408e-01 2.477753581715683440e-01 2.477724961832754313e-01 2.477677478321399507e-01 2.477673764105319809e-01
1.000000000000000000e+00 9.999999999999997780e-02 9.999999999999997780e-02 9.999999999999997780e-02 9.999999999999997780e-02 9.999999999999997780e-02 9.999999999999997780e-02 9.999999999999997780e-02 9.999999999999997780e-02 9.999999999999997780e-02 9.999999999999997780e-02 9.999999999999997780e-02 9.999999999999997780e-02 9.999999999999997780e-02 9.999999999999997780e-02 9.999999999999997780e-02 9.999999999999997780e-02 9.999999999999997780e-02 9.999999999999997780e-02
0.000000000000000000e+00 -2.012461179749810702e-01 -2.012461179749810702e-01 -1.876620050116698524e-01 -1.727716389008429332e-01 -1.860793978278638683e-01 -1.903344740303049010e-01 -1.880505031248503600e-01 -1.880114796345608297e-01 -1.892233065186133822e-01 -1.894436058948771595e-01 -1.893187821174613372e-01 -1.893512484808612395e-01 -1.894429901854585152e-01 -1.894567652155030035e-01 -1.894536334591493121e-01 -1.894600232541273355e-01 -1.894672055745875439e-01 -1.894689970482456021e-01
0.000000000000000000e+00 0.000000000000000000e+00 -3.952395295441559625e-02 -4.553917374090567238e-02 -3.251070589593334226e-02 -2.405277686589321270e-02 -3.749566353179112355e-02 -3.752904028792969360e-02 -3.510664326329371310e-02 -3.533374635931618712e-02 -3.627879749278321853e-02 -3.621702074226834656e-02 -3.613808546405965216e-02 -3.618403937362577732e-02 -3.624224948978480715e-02 -3.623806762958931005e-02 -3.623806704642504317e-02 -3.624272359083508671e-02 -3.624726949406019416e-02
0.000000000000000000e+00 0.000000000000000000e+00 -3.952395295441559625e-02 -2.383837040227555423e-02 -3.976589813016502203e-03 -1.883691820210121187e-02 -2.679844048494771022e-02 -2.302339602767006915e-02 -2.176231226984068692e-02 -2.328362265380780685e-02 -2.374971996939850838e-02 -2.360130514969860371e-02 -2.362165668746382674e-02 -2.373150132428890335e-02 -2.375940762648853788e-02 -2.375763317512598338e-02 -2.376417917117052553e-02 -2.377350577816779442e-02 -2.377682087027907162e-02
1.000000000000000000e+00 1.000000000000000000e+00 1.000000000000000000e+00 1.000000000000000000e+00 1.000000000000000000e+00 1.000000000000000000e+00 1.000000000000000000e+00 1.000000000000000000e+00 1.000000000000000000e+00 1.000000000000000000e+00 1.000000000000000000e+00 1.000000000000000000e+00 1.000000000000000000e+00 1.000000000000000000e+00 1.000000000000000000e+00 1.000000000000000000e+00 1.000000000000000000e+00 1.000000000000000000e+00 1.000000000000000000e+00
0.000000000000000000e+00 2.846049894151541082e-01 2.846049894151541082e-01 2.846049894151541082e-01 2.846049894151541082e-01 3.083886067193684077e-01 3.099551519528815913e-01 3.028416782035960875e-01 3.014482106213995927e-01 3.019156503330386321e-01 3.018209183933668882e-01 3.017746398310614531e-01 3.018012330986696856e-01 3.017923446878895133e-01 3.017820546226837597e-01 3.017789417551530184e-01 3.017781586874491717e-01 3.017783982317738811e-01 3.017778066990317032e-01
0.000000000000000000e+00 1.643167672515498390e-01 3.326538488202541166e-01 1.476850161865533861e-01 1.231670138075198206e-01 1.626700000883121722e-01 1.707904220459983136e-01 1.583354011118857374e-01 1.581275902937876177e-01 1.604654464731323782e-01 1.601838437395796122e-01 1.594392888674147080e-01 1.594368033663116913e-01 1.595495422630838767e-01 1.595218367783892144e-01 1.594744176947139325e-01 1.594722458986186642e-01 1.594764507232818707e-01 1.594725970801655346e-01
0.000000000000000000e+00 2.012461179749810702e-01 3.181595474858802675e-01 2.129374609260709650e-01 1.742763976646964919e-01 2.090713545999335343e-01 2.218558381169503380e-01 2.103498029516352175e-01 2.061222156840039066e-01 2.099270442248721003e-01 2.113250274974578791e-01 2.100668425521306504e-01 2.096045558844151779e-01 2.100206138853591420e-01 2.101734833562163562e-01 2.100359008324448606e-01 2.099853497853301498e-01 2.100308457277333674e-01 2.100475620043716074e-01
0.000000000000000000e+00 1.799999999999999933e-01 1.227243507238896386e-01 1.410355252408605486e-01 1.594033217115124468e-01 1.411358455344776941e-01 1.311674020292970810e-01 1.329509153092215124e-01 1.343180649053757614e-01 1.329068683711035204e-01 1.325175692773921110e-01 1.326441327738142051e-01 1.325678982737539535e-01 1.324332493602130290e-01 1.323905460799000844e-01 1.323819575027337381e-01 1.323696030390072165e-01 1.323571554957505558e-01 1.323521734817304785e-01
0.000000000000000000e+00 0.000000000000000000e+00 0.000000000000000000e+00 9.275812542429072438e-02 9.784812206366597098e-02 7.473512366211465530e-02 7.161817019579062860e-02 7.313696870250042947e-02 7.282916702256461705e-02 7.280734774294801703e-02 7.289375421233051933e-02 7.286487411360582922e-02 7.284315374944790034e-02 7.283303946424797559e-02 7.283049513172852596e-02 7.283234089130943834e-02 7.283041889148125780e-02 7.282884530580788218e-02 7.282889393245257914e-02
0.000000000000000000e+00 0.000000000000000000e+00 0.000000000000000000e+00 0.000000000000000000e+00 8.060872804079648526e-03 9.509511243752216333e-03 2.931436578326227557e-03 3.732354734302117819e-04 8.054931063561091486e-04 7.178912124960094105e-04 5.594022947860145768e-04 5.839940070900258382e-04 5.757745868981732152e-04 5.557164351969040572e-04 5.528378591646332428e-04 5.521137294348702710e-04 5.513745523476081727e-04 5.508275416068539191e-04 5.503796912729396439e-04
0.000000000000000000e+00 0.000000000000000000e+00 0.000000000000000000e+00 7.177858843388739557e-03 6.362631379981354210e-03 -1.283350216832300494e-02 -7.473232542983983956e-03 -7.234832916489349758e-03 -9.405163326623292019e-03 -1.073446623554696021e-02 -1.093545971259747736e-02 -1.105025400146822379e-02 -1.125701738582650727e-02 -1.131862031791221364e-02 -1.135871848619256219e-02 -1.138754541265543825e-02 -1.141017310556181885e-02 -1.142100603577946016e-02 -1.142705870552897414e-02
0.000000000000000000e+00 0.000000000000000000e+00 1.030645838047674623e-01 6.152122324964785088e-02 4.003481369814658464e-02 5.198674630429339638e-02 5.952793923831271178e-02 5.984660175968205958e-02 6.062632757133614575e-02 6.112075872683361832e-02 6.125726695505537972e-02 6.127723634730763286e-02 6.126528509644493109e-02 6.127871152248312581e-02 6.129342777015039240e-02 6.128878464118750480e-02 6.128521159748640673e-02 6.128619826285892219e-02 6.128632593819759861e-02
0.000000000000000000e+00 0.000000000000000000e+00 0.000000000000000000e+00 2.716822592662245309e-02 5.500117286432270464e-02 2.441832293104178805e-02 2.036450274552589063e-02 2.689594852555301022e-02 2.823858362029159699e-02 2.617926351365414128e-02 2.614490395710662371e-02 2.653144640147661257e-02 2.648488604847864733e-02 2.636178093072291326e-02 2.636136997658453107e-02 2.638001028864432260e-02 2.637542944835528230e-02 2.636758915061773387e-02 2.636723006464026728e-02
0.000000000000000000e+00 0.000000000000000000e+00 0.000000000000000000e+00 0.000000000000000000e+00 0.000000000000000000e+00 0.000000000000000000e+00 0.000000000000000000e+00 0.000000000000000000e+00 0.000000000000000000e+00 0.000000000000000000e+00 0.000000000000000000e+00 0.000000000000000000e+00 0.000000000000000000e+00 0.000000000000000000e+00 0.000000000000000000e+00 0.000000000000000000e+00 0.000000000000000000e+00 0.000000000000000000e+00 0.000000000000000000e+00
0.000000000000000000e+00 0.000000000000000000e+00 -1.431891231902758521e-01 -1.431891231902758521e-01 -1.431891231902758521e-01 -1.562372320409897153e-01 -1.562372320409897153e-01 -1.562372320409897153e-01 -1.574262409600110380e-01 -1.574262409600110380e-01 -1.574262409600110380e-01 -1.575345893977568579e-01 -1.575345893977568579e-01 -1.575345893977568579e-01 -1.575444626491464273e-01 -1.575444626491464273e-01 -1.575444626491464273e-01 -1.575453623491792909e-01 -1.575453623491792909e-01
0.000000000000000000e+00 0.000000000000000000e+00 0.000000000000000000e+00 2.002739949766826552e-02 2.362657063758724987e-02 7.283212734296479370e-03 9.273109891158558271e-04 2.001263712466364638e-03 1.783615057323137453e-03 1.389846175456560659e-03 1.450944775895324354e-03 1.430523462245750308e-03 1.380688583682371240e-03 1.373536704030638980e-03 1.371737589252551527e-03 1.369901089014186838e-03 1.368542029902243594e-03 1.367429336801823060e-03 1.367177438234618101e-03
0.000000000000000000e+00 0.000000000000000000e+00 1.280722452368193154e-01 8.250974523681933737e-02 8.250974523681933737e-02 8.250974523681933737e-02 7.835786242431934390e-02 7.835786242431934390e-02 7.835786242431934390e-02 7.797952210303027432e-02 7.797952210303027432e-02 7.797952210303027432e-02 7.794504584125280799e-02 7.794504584125280799e-02 7.794504584125280799e-02 7.794190419189835073e-02 7.794190419189835073e-02 7.794190419189835073e-02 7.794161790910091037e-02
0.000000000000000000e+00 0.000000000000000000e+00 0.000000000000000000e+00 1.921083678552290563e-02 2.160194919860548846e-02 -1.773617034527587635e-02 -1.139847569914939065e-03 6.058417400694776807e-03 2.851217139034982386e-03 5.406101848640078528e-04 1.826857600264128858e-03 2.122050671784549754e-03 1.843133425177852181e-03 1.785715788819376140e-03 1.863768817568832101e-03 1.877211038241950779e-03 1.862109273055215621e-03 1.859480574267194505e-03 1.864216197064565974e-03
0.000000000000000000e+00 0.000000000000000000e+00 0.000000000000000000e+00 0.000000000000000000e+00 1.947785283953577286e-03 1.726564988187764783e-03 -3.482501844971442901e-03 -2.027937953139660569e-03 -1.963245780401549987e-03 -2.552187096525294734e-03 -2.912907013203932041e-03 -2.967448645369106814e-03 -2.998599247717646972e-03 -3.054706603142230952e-03 -3.071423187737015378e-03 -3.082304235106997359e-03 -3.090126715929076770e-03 -3.096266971430682718e-03 -3.099206597650757192e-03
0.000000000000000000e+00 0.000000000000000000e+00 1.785130956107977007e-01 1.883087987105230010e-01 1.438278125474728719e-01 1.378292328046938076e-01 1.407521618936728447e-01 1.401597972844463025e-01 1.401178060612457421e-01 1.402840953891048015e-01 1.402285156131950483e-01 1.401867147528834678e-01 1.401672498019406465e-01 1.401623532317239629e-01 1.401659053976936076e-01 1.401622065072996859e-01 1.401591781402592995e-01 1.401592717222806539e-01 1.401591997631286002e-01
0.000000000000000000e+00 -4.499999999999999001e-01 -4.499999999999999001e-01 -4.499999999999999001e-01 -4.910062499999998664e-01 -4.910062499999998664e-01 -4.910062499999998664e-01 -4.947429445312498952e-01 -4.947429445312498952e-01 -4.947429445312498952e-01 -4.950834508204101092e-01 -4.950834508204101092e-01 -4.950834508204101092e-01 -4.951144794560097817e-01 -4.951144794560097817e-01 -4.951144794560097817e-01 -4.951173069404287697e-01 -4.951173069404287697e-01 -4.951173069404287697e-01
0.000000000000000000e+00 0.000000000000000000e+00 -1.169134295108992111e-01 -1.169134295108992111e-01 -1.537101853165542820e-01 -1.680770459990890142e-01 -1.751519368125540321e-01 -1.778217229840248492e-01 -1.810281820845471845e-01 -1.840280949580152536e-01 -1.857453762399039199e-01 -1.867069000079725760e-01 -1.871949367834769007e-01 -1.875189330189656056e-01 -1.877120227675003195e-01 -1.878133209029659301e-01 -1.878786772254503468e-01 -1.879220701598523224e-01 -1.879472408184959253e-01
0.000000000000000000e+00 0.000000000000000000e+00 0.000000000000000000e+00 -1.822499999999999676e-01 -1.822499999999999676e-01 -1.822499999999999676e-01 -1.988575312499999692e-01 -1.988575312499999692e-01 -1.988575312499999692e-01 -2.003708925351562198e-01 -2.003708925351562198e-01 -2.003708925351562198e-01 -2.005087975822661128e-01 -2.005087975822661128e-01 -2.005087975822661128e-01 -2.005213641796839696e-01 -2.005213641796839696e-01 -2.005213641796839696e-01 -2.005225093108736756e-01
0.000000000000000000e+00 -2.598076211353316234e-01 6.283822101634740920e-02 1.133393454869586897e-01 5.518082887242541784e-02 4.490101830892378326e-02 5.936550616230283628e-02 6.263731312612973168e-02 5.845224386478214268e-02 5.838223655800413997e-02 5.932159148717985886e-02 5.928037660571174733e-02 5.903249524083921396e-02 5.903812585770059490e-02 5.908996523983372356e-02 5.908435895662014770e-02 5.906951816677975808e-02 5.907012155877239962e-02 5.907279358590740437e-02
0.000000000000000000e+00 0.000000000000000000e+00 0.000000000000000000e+00 -6.443510543562414039e-02 -6.443510543562414039e-02 -6.443510543562414039e-02 -7.030675441844537465e-02 -7.030675441844537465e-02 -7.030675441844537465e-02 -7.084180843200496569e-02 -7.084180843200496569e-02 -7.084180843200496569e-02 -7.089056522899059298e-02 -7.089056522899059298e-02 -7.089056522899059298e-02 -7.089500819211588811e-02 -7.089500819211588811e-02 -7.089500819211588811e-02 -7.089541305713067953e-02
0.000000000000000000e+00 0.000000000000000000e+00 8.538149682454626577e-02 1.728520102470049447e-01 7.673938546552276641e-02 6.399945771934854866e-02 8.452581150605714688e-02 8.874530652894024874e-02 8.227348780877515033e-02 8.216550614018264254e-02 8.338029184520683035e-02 8.323396677258772247e-02 8.284708471230395332e-02 8.284579320804615066e-02 8.290437405720575692e-02 8.288997786506391297e-02 8.286533818641172999e-02 8.286420968805752185e-02 8.286639457904360073e-02
1.000000000000000000e+00 9.999999999999997780e-02 9.999999999999997780e-02 9.999999999999997780e-02 9.999999999999997780e-02 9.999999999999997780e-02 9.999999999999997780e-02 9.999999999999997780e-02 9.999999999999997780e-02 9.999999999999997780e-02 9.999999999999997780e-02 9.999999999999997780e-02 9.999999999999997780e-02 9.999999999999997780e-02 9.999999999999997780e-02 9.999999999999997780e-02 9.999999999999997780e-02 9.999999999999997780e-02 9.999999999999997780e-02
0.000000000000000000e+00 0.000000000000000000e+00 0.000000000000000000e+00 0.000000000000000000e+00 0.000000000000000000e+00 0.000000000000000000e+00 0.000000000000000000e+00 0.000000000000000000e+00 0.000000000000000000e+00 0.000000000000000000e+00 0.000000000000000000e+00 0.000000000000000000e+00 0.000000000000000000e+00 0.000000000000000000e+00 0.000000000000000000e+00 0.000000000000000000e+00 0.000000000000000000e+00 0.000000000000000000e+00 0.000000000000000000e+00
0.000000000000000000e+00 0.000000000000000000e+00 0.000000000000000000e+00 0.000000000000000000e+00 0.000000000000000000e+00 0.000000000000000000e+00 0.000000000000000000e+00 0.000000000000000000e+00 0.000000000000000000e+00 0.000000000000000000e+00 0.000000000000000000e+00 0.000000000000000000e+00 0.000000000000000000e+00 0.000000000000000000e+00 0.000000000000000000e+00 0.000000000000000000e+00 0.000000000000000000e+00 0.000000000000000000e+00 0.000000000000000000e+00
1.000000000000000000e+00 1.000000000000000000e+00 1.000000000000000000e+00 1.000000000000000000e+00 1.000000000000000000e+00 1.000000000000000000e+00 1.000000000000000000e+00 1.000000000000000000e+00 1.000000000000000000e+00 1.000000000000000000e+00 1.000000000000000000e+00 1.000000000000000000e+00 1.000000000000000000e+00 1.000000000000000000e+00 1.000000000000000000e+00 1.000000000000000000e+00 1.000000000000000000e+00 1.000000000000000000e+00 1.000000000000000000e+00
0.000000000000000000e+00 4.499999999999999001e-01 4.499999999999997752e-02 -1.038065018740780832e-01 3.011934981259218116e-02 7.932684981259216506e-02 3.504009981259217227e-02 1.876810883266174027e-02 3.341290071459913219e-02 3.879374083959913344e-02 3.395098472709912746e-02 3.217164251344373921e-02 3.377305050573359280e-02 3.436144537340234811e-02 3.383188999250047457e-02 3.363731892143725227e-02 3.381243288539414332e-02 3.387677386417372455e-02 3.381886698327210561e-02
0.000000000000000000e+00 0.000000000000000000e+00 0.000000000000000000e+00 0.000000000000000000e+00 1.947785283953577286e-03 1.726564988187764783e-03 -3.482501844971442901e-03 -2.027937953139660569e-03 -1.963245780401549987e-03 -2.552187096525294734e-03 -2.912907013203932041e-03 -2.967448645369106814e-03 -2.998599247717646972e-03 -3.054706603142230952e-03 -3.071423187737015378e-03 -3.082304235106997359e-03 -3.090126715929076770e-03 -3.096266971430682718e-03 -3.099206597650757192e-03
0.000000000000000000e+00 0.000000000000000000e+00 0.000000000000000000e+00 0.000000000000000000e+00 4.653947083338719898e-03 6.205980887570361655e-03 2.326846181931136424e-03 -1.064065281216106280e-03 -2.800603204973592278e-04 -3.068678754649549261e-04 -6.147623517103437173e-04 -7.331012803800776622e-04 -7.578866401219135247e-04 -7.809126815462278000e-04 -8.031897869344233835e-04 -8.097499288037240516e-04 -8.141746449825599564e-04 -8.173646247615042526e-04 -8.198792652027340425e-04
0.000000000000000000e+00 0.000000000000000000e+00 0.000000000000000000e+00 0.000000000000000000e+00 -2.273561038756914243e-03 1.223175491411968713e-02 1.095586086362006738e-02 1.196236908375968543e-02 1.325690602607109032e-02 1.505924534343495123e-02 1.577798860188536767e-02 1.604494407353210250e-02 1.630133894016265114e-02 1.641823149814716082e-02 1.648486434996487143e-02 1.652479997786433438e-02 1.655668627159119499e-02 1.657446797290625107e-02 1.658463401430453760e-02
0.000000000000000000e+00 0.000000000000000000e+00 2.498001805406602278e-17 4.996003610813204555e-17 2.498001805406602278e-17 3.747002708109903570e-17 2.498001805406602278e-17 0.000000000000000000e+00 0.000000000000000000e+00 0.000000000000000000e+00 2.498001805406602278e-17 0.000000000000000000e+00 0.000000000000000000e+00 2.498001805406602278e-17 2.498001805406602278e-17 2.498001805406602278e-17 4.996003610813204555e-17 2.498001805406602278e-17 0.000000000000000000e+00
