0.000000000000000000e+00 0.000000000000000000e+00 0.000000000000000000e+00 0.000000000000000000e+00 1.097706436269614214e-02 7.002443238106127385e-03 1.137786915541572682e-03 1.627027340025813786e-03 1.783282949892388888e-03 9.503902641375990131e-04 8.149577420566223637e-04 7.051044058016477274e-04 6.611397049958805082e-04 5.771092616851954517e-04 5.576124212960931453e-04 5.375994555729404160e-04 5.282446503501434009e-04 5.191330024780873610e-04 5.154323468396119568e-04
0.000000000000000000e+00 0.000000000000000000e+00 0.000000000000000000e+00 7.081538956566622856e-02 1.110290347522859544e-01 1.316522253410565280e-01 1.414887138967852453e-01 1.492770380386880535e-01 1.565277403251891519e-01 1.599075180204719560e-01 1.621156756173655067e-01 1.633677565469116855e-01 1.642326753302943976e-01 1.647039824375501060e-01 1.650011596200512132e-01 1.651744967548179066e-01 1.652894554433613494e-01 1.653548362110354997e-01 1.653962461713858467e-01
0.000000000000000000e+00 0.000000000000000000e+00 -1.112756492761103749e-01 -1.744652964043072185e-01 -1.812036782665570889e-01 -1.969066926225294112e-01 -2.069207568697780664e-01 -2.136295866676690136e-01 -2.155453423973223703e-01 -2.184264198195990936e-01 -2.194586663787957692e-01 -2.202264393721182767e-01 -2.206138257216097298e-01 -2.209407829276018032e-01 -2.210971775769882408e-01 -2.212057476692051439e-01 -2.212642017472963296e-01 -2.213065825009221388e-01 -2.213289109220414885e-01
0.000000000000000000e+00 0.000000000000000000e+00 6.037383539249433634e-02 2.124361904067543494e-01 2.443219911572870884e-01 2.388401409269816367e-01 2.637917462006123537e-01 2.787387974471473573e-01 2.848082084702136529e-01 2.865988177668890580e-01 2.898705539665398234e-01 2.912723677295024904e-01 2.920557285717406137e-01 2.924841025592213595e-01 2.928511200749155940e-01 2.930404657632935672e-01 2.931566924984427835e-01 2.932213834482552128e-01 2.932691977832330155e-01
0.000000000000000000e+00 0.000000000000000000e+00 1.112756492761103749e-01 1.744652964043072185e-01 2.068715139932456037e-01 2.223280645728447913e-01 2.345662352724411925e-01 2.459596147283294731e-01 2.512704230110794912e-01 2.547402079237284234e-01 2.567076632923427915e-01 2.580667520410217519e-01 2.588073397111593787e-01 2.592743086021825905e-01 2.595466816320158854e-01 2.597273217836278403e-01 2.598300577484757845e-01 2.598951272235255350e-01 2.599336835273956536e-01
0.000000000000000000e+00 0.000000000000000000e+00 0.000000000000000000e+00 0.000000000000000000e+00 0.000000000000000000e+00 0.000000000000000000e+00 0.000000000000000000e+00 0.000000000000000000e+00 0.000000000000000000e+00 0.000000000000000000e+00 0.000000000000000000e+00 0.000000000000000000e+00 0.000000000000000000e+00 0.000000000000000000e+00 0.000000000000000000e+00 0.000000000000000000e+00 0.000000000000000000e+00 0.000000000000000000e+00 0.000000000000000000e+00
1.000000000000000000e+00 1.000000000000000000e+00 1.000000000000000000e+00 1.000000000000000000e+00 1.000000000000000000e+00 1.000000000000000000e+00 1.000000000000000000e+00 1.000000000000000000e+00 1.000000000000000000e+00 1.000000000000000000e+00 1.000000000000000000e+00 1.000000000000000000e+00 1.000000000000000000e+00 1.000000000000000000e+00 1.000000000000000000e+00 1.000000000000000000e+00 1.000000000000000000e+00 1.000000000000000000e+00 1.000000000000000000e+00
0.000000000000000000e+00 3.674234614174767266e-01 4.936512818544742665e-01 3.963922013620745366e-01 3.887713437090579149e-01 4.109011483281403421e-01 4.155028920278583948e-01 4.122954498863359296e-01 4.127925861932172369e-01 4.131802616836199871e-01 4.132519848983833843e-01 4.131873769518266681e-01 4.131386102268599370e-01 4.131583139758283063e-01 4.131735106216924414e-01 4.131599475589496362e-01 4.131573661788098262e-01 4.131599171266642778e-01 4.131595272691286902e-01
0.000000000000000000e+00 0.000000000000000000e+00 2.338268590217984222e-01 2.338268590217983459e-02 -5.393944062056914290e-02 1.565047324990494204e-02 4.121944028393859788e-02 1.820736995330830485e-02 9.752195418045705652e-03 1.736185249978204614e-02 2.015781904495362806e-02 1.764144915429920191e-02 1.671687581886823967e-02 1.754899182075610881e-02 1.785473076247062404e-02 1.757956571492756345e-02 1.747846362069818346e-02 1.756945550550461851e-02 1.760288805878110208e-02
0.000000000000000000e+00 0.000000000000000000e+00 0.000000000000000000e+00 1.522788342162293695e-01 6.943392208370648133e-02 3.463896514846943886e-02 6.595442639018277153e-02 7.827626896879447127e-02 6.732267397737735914e-02 6.328716607674700345e-02 6.680632884607962119e-02 6.809000285172368827e-02 6.690495474024171774e-02 6.648013751498886570e-02 6.685805041097532542e-02 6.699476814346402853e-02 6.686690709521012077e-02 6.682081715198064098e-02 6.686167635162966472e-02
0.000000000000000000e+00 2.846049894151541082e-01 2.539898671014066966e-01 2.519595364606249110e-01 2.754305417485215512e-01 2.901197644412957799e-01 2.947137686664563772e-01 2.925619427220452207e-01 2.938357754774412189e-01 2.954635073537450474e-01 2.959613683952108110e-01 2.962265039047787818e-01 2.965184829759041074e-01 2.967372492909938764e-01 2.968253031590835644e-01 2.968746295433755122e-01 2.969164489383044891e-01 2.969409417875019663e-01 2.969532593105738694e-01
1.000000000000000000e+00 1.000000000000000000e+00 1.000000000000000000e+00 1.000000000000000000e+00 1.000000000000000000e+00 1.000000000000000000e+00 1.000000000000000000e+00 1.000000000000000000e+00 1.000000000000000000e+00 1.000000000000000000e+00 1.000000000000000000e+00 1.000000000000000000e+00 1.000000000000000000e+00 1.000000000000000000e+00 1.000000000000000000e+00 1.000000000000000000e+00 1.000000000000000000e+00 1.000000000000000000e+00 1.000000000000000000e+00
0.000000000000000000e+00 0.000000000000000000e+00 1.350000000000000366e-01 1.957500000000000628e-01 1.957500000000000628e-01 2.300802664537771047e-01 2.348325196019187544e-01 2.358912934484163337e-01 2.409931773631014684e-01 2.439434244012907149e-01 2.448573355153459419e-01 2.457311295732769463e-01 2.464120087789483660e-01 2.467413731311132175e-01 2.468975778488054773e-01 2.470275927021162998e-01 2.471035928772926937e-01 2.471466050607896703e-01 2.471716215585876286e-01
0.000000000000000000e+00 2.598076211353316234e-01 2.598076211353316234e-01 2.598076211353316234e-01 2.827418828597613176e-01 2.659261069421558488e-01 2.594411685547590718e-01 2.621066993549633350e-01 2.628232566831871786e-01 2.613422515162915349e-01 2.610960091562327112e-01 2.611932974214833392e-01 2.611689861081827879e-01 2.610555028331958960e-01 2.610388040753857664e-01 2.610363541260556919e-01 2.610284596041108074e-01 2.610185891585557472e-01 2.610161794817152381e-01
0.000000000000000000e+00 0.000000000000000000e+00 0.000000000000000000e+00 0.000000000000000000e+00 1.097706436269614214e-02 7.002443238106127385e-03 1.137786915541572682e-03 1.627027340025813786e-03 1.783282949892388888e-03 9.503902641375990131e-04 8.149577420566223637e-04 7.051044058016477274e-04 6.611397049958805082e-04 5.771092616851954517e-04 5.576124212960931453e-04 5.375994555729404160e-04 5.282446503501434009e-04 5.191330024780873610e-04 5.154323468396119568e-04
0.000000000000000000e+00 0.000000000000000000e+00 1.421338546978883899e-01 1.204151483827669150e-01 9.002409492672060198e-02 9.597900103092794899e-02 1.000371826497435390e-01 9.844441370169937366e-02 9.833762895805467363e-02 9.806688601757317103e-02 9.780700364156562354e-02 9.761719570916702060e-02 9.748051646448316343e-02 9.737122112947087238e-02 9.732926563425257915e-02 9.729469204053553533e-02 9.727277514991919394e-02 9.725979236451970378e-02 9.725296718136078322e-02
0.000000000000000000e+00 0.000000000000000000e+00 2.392831029010619170e-01 1.091048825550382934e-01 5.442988255503828504e-02 1.036373825550382932e-01 1.229992902084815626e-01 1.057873762155881053e-01 9.944618732210452894e-02 1.049760181183141267e-01 1.069931172165892869e-01 1.051309937595643756e-01 1.044634578912507356e-01 1.050572907166948816e-01 1.052721219072531300e-01 1.050712076533198841e-01 1.049987842946486089e-01 1.050629883327501291e-01 1.050861874511304916e-01
0.000000000000000000e+00 -2.012461179749810702e-01 -4.678513875986104603e-02 -1.445833380073870827e-02 -1.213274823030546269e-02 -1.761320360560255857e-02 -1.842707063604109158e-02 -1.720423258184447524e-02 -1.758409695956170832e-02 -1.815550487051885431e-02 -1.814241598186058790e-02 -1.810510127107593792e-02 -1.812068847530874313e-02 -1.812950392383284870e-02 -1.812325416916360857e-02 -1.812045296511573256e-02 -1.811963718115260080e-02 -1.811943797443920506e-02 -1.811855478400339545e-02
0.000000000000000000e+00 0.000000000000000000e+00 -2.024999999999999578e-01 -2.024999999999999578e-01 -2.024999999999999578e-01 -2.209528124999999565e-01 -2.209528124999999565e-01 -2.209528124999999565e-01 -2.226343250390624695e-01 -2.226343250390624695e-01 -2.226343250390624695e-01 -2.227875528691845575e-01 -2.227875528691845575e-01 -2.227875528691845575e-01 -2.228015157552044045e-01 -2.228015157552044045e-01 -2.228015157552044045e-01 -2.228027881231929574e-01 -2.228027881231929574e-01
0.000000000000000000e+00 0.000000000000000000e+00 7.394254526319743448e-02 9.257082679125185065e-02 9.257082679125185065e-02 9.257082679125185065e-02 9.385274446699463924e-02 9.291282145403163828e-02 9.255034381054803860e-02 9.269933448175762813e-02 9.273938667597125818e-02 9.265660543260173521e-02 9.264284163947558715e-02 9.264827959725099871e-02 9.264692070885009734e-02 9.264057752598008066e-02 9.263964414373053458e-02 9.263950720305248743e-02 9.263906593629867015e-02
0.000000000000000000e+00 2.323790007724450546e-01 4.704435845772124702e-01 4.374109406031389535e-01 3.954532683769155788e-01 4.107220962871536707e-01 4.226104136979149106e-01 4.216823367545447510e-01 4.209097573554339555e-01 4.214089526105279093e-01 4.216099554407458094e-01 4.215835560651138292e-01 4.215199997255565378e-01 4.215181697303313491e-01 4.215378173593699040e-01 4.215323267692388520e-01 4.215252356937202460e-01 4.215263700742953312e-01 4.215269890350409887e-01
0.000000000000000000e+00 0.000000000000000000e+00 0.000000000000000000e+00 -2.218276357895923590e-02 -7.029208376120821278e-02 -8.481815659288183262e-02 -8.695093446130476578e-02 -9.577279441708134999e-02 -1.011542023227325615e-01 -1.039731903956908343e-01 -1.047268675162782853e-01 -1.060066581946007003e-01 -1.065528051977236851e-01 -1.069000488462088228e-01 -1.070712298475210572e-01 -1.072202319973127732e-01 -1.072964168917508038e-01 -1.073455642290866985e-01 -1.073719499604859628e-01
0.000000000000000000e+00 4.435193518440699867e-01 1.017857768555879144e-01 7.500881251396826488e-02 1.527650200370964106e-01 1.689338992586953136e-01 1.576640963360072811e-01 1.594108552663510703e-01 1.607730080915682758e-01 1.610250177801922644e-01 1.607980085956749183e-01 1.606266597902062110e-01 1.606958917070776538e-01 1.607492872778839288e-01 1.607016315330893064e-01 1.606925614878133290e-01 1.607015246049381396e-01 1.607001547851876211e-01 1.606963891208545714e-01
0.000000000000000000e+00 2.323790007724450546e-01 2.323790007724450546e-01 2.323790007724450546e-01 2.525235940682602487e-01 2.354011571391451396e-01 2.312989561983990472e-01 2.340943829576870028e-01 2.348315778719478053e-01 2.336023312247175188e-01 2.333961870420663276e-01 2.335719497075874618e-01 2.335692604528755434e-01 2.334867362532167256e-01 2.334787106946300816e-01 2.334874362279672488e-01 2.334837214185408183e-01 2.334775846220959739e-01 2.334769387414800390e-01
1.000000000000000000e+00 9.999999999999997780e-02 9.999999999999997780e-02 9.999999999999997780e-02 9.999999999999997780e-02 9.999999999999997780e-02 9.999999999999997780e-02 9.999999999999997780e-02 9.999999999999997780e-02 9.999999999999997780e-02 9.999999999999997780e-02 9.999999999999997780e-02 9.999999999999997780e-02 9.999999999999997780e-02 9.999999999999997780e-02 9.999999999999997780e-02 9.999999999999997780e-02 9.999999999999997780e-02 9.999999999999997780e-02
0.000000000000000000e+00 -2.012461179749810702e-01 -2.012461179749810702e-01 -2.012461179749810702e-01 -1.783118562505513482e-01 -1.951276321681568726e-01 -2.016125705555536496e-01 -1.989470397553493586e-01 -1.982304824271255428e-01 -1.997114875940212142e-01 -1.999577299540800102e-01 -1.998604416888293267e-01 -1.998847530021299612e-01 -1.999982362771167976e-01 -2.000149350349269828e-01 -2.000173849842569740e-01 -2.000252795062018862e-01 -2.000351499517570020e-01 -2.000375596285974833e-01
0.000000000000000000e+00 0.000000000000000000e+00 -3.952395295441559625e-02 -4.553917374090567238e-02 -4.332904049834312987e-02 -2.587633868299884371e-02 -4.218633879730035452e-02 -4.239229012323334628e-02 -4.059236319138464361e-02 -4.023123370024846157e-02 -4.151668355421292422e-02 -4.135964037535976023e-02 -4.132984392198213452e-02 -4.134530566351847514e-02 -4.143209927870141612e-02 -4.142395749329588761e-02 -4.142980288071775041e-02 -4.143334857224412193e-02 -4.144056164803006787e-02
0.000000000000000000e+00 0.000000000000000000e+00 -3.952395295441559625e-02 -3.952395295441559625e-02 -1.304174859388595488e-02 -2.573366876220620214e-02 -3.521185763565034404e-02 -3.290100216358599061e-02 -3.120410080764586189e-02 -3.286282575553453600e-02 -3.337647546167831630e-02 -3.324485737161605309e-02 -3.324435542011807548e-02 -3.337943026648097777e-02 -3.341882220982636542e-02 -3.342338855768617334e-02 -3.343136170846829069e-02 -3.344401978406032899e-02 -3.344867314079763565e-02
0.000000000000000000e+00 2.598076211353316234e-01 3.252607306058802883e-01 3.252607306058802883e-01 3.252607306058802883e-01 3.297649301927429444e-01 3.264623773636639581e-01 3.251887607477765840e-01 3.257122606045983471e-01 3.258529896701566342e-01 3.255621260295029074e-01 3.255137649900340380e-01 3.255328720260229902e-01 3.255280973788753918e-01 3.255058097061151456e-01 3.255025301351861522e-01 3.255020489746895396e-01 3.255004985213586499e-01 3.254985600043343585e-01
0.000000000000000000e+00 6.520284508326308348e-01 6.520284508326308348e-01 6.520284508326308348e-01 6.520284508326308348e-01 6.520284508326308348e-01 6.520284508326308348e-01 6.520284508326308348e-01 6.520284508326308348e-01 6.520284508326308348e-01 6.520284508326308348e-01 6.520284508326308348e-01 6.520284508326308348e-01 6.520284508326308348e-01 6.520284508326308348e-01 6.520284508326308348e-01 6.520284508326308348e-01 6.520284508326308348e-01 6.520284508326308348e-01
0.000000000000000000e+00 0.000000000000000000e+00 2.110278299809773828e-01 5.492619131978734859e-02 2.570251417511174030e-02 6.029322459648973898e-02 7.164032195171494977e-02 5.782729794812286467e-02 5.631258028813577315e-02 5.886238620948946315e-02 5.893338965447596223e-02 5.807663603037822864e-02 5.801537686060479621e-02 5.812293790282615363e-02 5.810103340066820332e-02 5.803978213612568521e-02 5.803372442897120065e-02 5.803673706138296612e-02 5.803208623085928664e-02
0.000000000000000000e+00 0.000000000000000000e+00 1.691987046846993303e-01 7.714880231522942833e-02 3.848773905385494132e-02 7.328269598909199767e-02 8.697363218754942948e-02 7.480297108597484812e-02 7.031907341860779703e-02 7.422925427342179361e-02 7.565555872413744221e-02 7.433883860026860302e-02 7.386681946109877051e-02 7.428672267886149427e-02 7.443863127051560113e-02 7.429656343912235950e-02 7.424535239108959184e-02 7.429075150181073395e-02 7.430715575573504372e-02
0.000000000000000000e+00 0.000000000000000000e+00 -1.051027747175065953e-02 7.432456749918989365e-03 2.504311086821256471e-02 5.043007137779075867e-03 -2.641181303398955089e-03 -1.899421155959793786e-03 -6.535375704290826999e-04 -2.301266080365595851e-03 -2.876911145678312520e-03 -2.904160840198246295e-03 -2.981736391243266972e-03 -3.141233343361793644e-03 -3.201666510049173617e-03 -3.226816169027977351e-03 -3.243568494130295334e-03 -3.260775816246630661e-03 -3.268438081498816188e-03
0.000000000000000000e+00 0.000000000000000000e+00 0.000000000000000000e+00 3.842167357104581821e-02 2.304918829340589503e-02 1.711602646408963424e-02 1.893536459143585135e-02 1.998168672459882042e-02 1.926080313118874732e-02 1.900364431428929260e-02 1.889276312318769607e-02 1.888410785786035634e-02 1.890735802718669992e-02 1.888929578961827047e-02 1.887027740138573495e-02 1.887132634418824464e-02 1.887053442281811516e-02 1.886777523689184971e-02 1.886667059140473279e-02
0.000000000000000000e+00 0.000000000000000000e+00 0.000000000000000000e+00 0.000000000000000000e+00 -7.403552500470145237e-03 -1.177863851019746687e-02 -1.346724596982841991e-02 -1.462055385795780170e-02 -1.432276535832411289e-02 -1.452793242579614522e-02 -1.475340015002349348e-02 -1.478495749024330043e-02 -1.478742082194017642e-02 -1.479468013543515890e-02 -1.479982073836713825e-02 -1.480523346654875200e-02 -1.480619942166679602e-02 -1.480642480643995854e-02 -1.480721008452129915e-02
0.000000000000000000e+00 0.000000000000000000e+00 0.000000000000000000e+00 4.045200421182757605e-02 2.580497426284368914e-02 4.192902544696872763e-03 5.995821345017353365e-03 6.571644933145780881e-03 3.502319900612419108e-03 3.003232278218949825e-03 2.598407502300620862e-03 2.436391483863992267e-03 2.126727648943134603e-03 2.054879088756357206e-03 1.981128535149756075e-03 1.946654780804339506e-03 1.913077095011617287e-03 1.899439665865910532e-03 1.889446872693364109e-03
0.000000000000000000e+00 0.000000000000000000e+00 1.030645838047674623e-01 6.152122324964785088e-02 4.003481369814658464e-02 5.020911253537983093e-02 5.770469662877739797e-02 5.783988453964267890e-02 5.829546584461822722e-02 5.877939281707277724e-02 5.901576069999272395e-02 5.904985563823878653e-02 5.902256505426760336e-02 5.902862589710494712e-02 5.904326080234899299e-02 5.903756381553483534e-02 5.903336292086173304e-02 5.903390225380115985e-02 5.903378210003176058e-02
0.000000000000000000e+00 0.000000000000000000e+00 0.000000000000000000e+00 0.000000000000000000e+00 3.489145908616327063e-02 9.081527101737674537e-03 4.249668026408093442e-03 9.968915376568625308e-03 1.184505078085269780e-02 9.561197689433573177e-03 9.310753426867386662e-03 9.732339759772334897e-03 9.744079508960612479e-03 9.602423386994031126e-03 9.592294761703260703e-03 9.610078964404248497e-03 9.606457261802673828e-03 9.596329943567190324e-03 9.595328358888259579e-03
0.000000000000000000e+00 0.000000000000000000e+00 0.000000000000000000e+00 0.000000000000000000e+00 0.000000000000000000e+00 0.000000000000000000e+00 0.000000000000000000e+00 0.000000000000000000e+00 0.000000000000000000e+00 0.000000000000000000e+00 0.000000000000000000e+00 0.000000000000000000e+00 0.000000000000000000e+00 0.000000000000000000e+00 0.000000000000000000e+00 0.000000000000000000e+00 0.000000000000000000e+00 0.000000000000000000e+00 0.000000000000000000e+00
0.000000000000000000e+00 0.000000000000000000e+00 -1.431891231902758521e-01 -1.431891231902758521e-01 -1.431891231902758521e-01 -1.562372320409897153e-01 -1.562372320409897153e-01 -1.562372320409897153e-01 -1.574262409600110380e-01 -1.574262409600110380e-01 -1.574262409600110380e-01 -1.575345893977568579e-01 -1.575345893977568579e-01 -1.575345893977568579e-01 -1.575444626491464273e-01 -1.575444626491464273e-01 -1.575444626491464273e-01 -1.575453623491792909e-01 -1.575453623491792909e-01
0.000000000000000000e+00 0.000000000000000000e+00 0.000000000000000000e+00 -1.839427407337754228e-02 -2.926426265688709602e-02 -3.345964162027380978e-02 -3.632505810565605370e-02 -3.558519662999094085e-02 -3.609493830733732922e-02 -3.665511737189791619e-02 -3.673352221403189399e-02 -3.673964241083783194e-02 -3.675767832022090037e-02 -3.677045025088894470e-02 -3.678389828217541041e-02 -3.678629821696114549e-02 -3.678685818993213119e-02 -3.678880922901114209e-02 -3.678987661412330690e-02
0.000000000000000000e+00 0.000000000000000000e+00 0.000000000000000000e+00 -1.228835463156115020e-02 -3.905627943936662398e-03 -3.905627943936662398e-03 -8.057510756436655000e-03 -7.480647802352405860e-03 -7.903613158185749527e-03 -8.445068419042437921e-03 -8.378022616998123326e-03 -8.359999129601990500e-03 -8.431726950895741118e-03 -8.437920657802508440e-03 -8.435473576803572543e-03 -8.439226725938444099e-03 -8.442081158229952295e-03 -8.442501180242248035e-03 -8.442849086344791226e-03
0.000000000000000000e+00 0.000000000000000000e+00 0.000000000000000000e+00 0.000000000000000000e+00 2.467198732531902111e-02 -1.578317919561899804e-02 -2.774479378186495843e-03 4.344615492508185732e-03 2.031536833178084270e-03 -7.773564351123283178e-04 4.989879358765480230e-04 9.564762434620390982e-04 6.964816003551073040e-04 5.888444652815345891e-04 6.718318496495748844e-04 6.908529976419215939e-04 6.769742698778285269e-04 6.721180119003976371e-04 6.778547704415832306e-04
0.000000000000000000e+00 0.000000000000000000e+00 0.000000000000000000e+00 0.000000000000000000e+00 1.097706436269614214e-02 7.002443238106127385e-03 1.137786915541572682e-03 1.627027340025813786e-03 1.783282949892388888e-03 9.503902641375990131e-04 8.149577420566223637e-04 7.051044058016477274e-04 6.611397049958805082e-04 5.771092616851954517e-04 5.576124212960931453e-04 5.375994555729404160e-04 5.282446503501434009e-04 5.191330024780873610e-04 5.154323468396119568e-04
0.000000000000000000e+00 0.000000000000000000e+00 7.394254526319743448e-02 4.435818355266754609e-02 3.293980828832968749e-02 3.644112614689731799e-02 3.845477403103299274e-02 3.706743290866736096e-02 3.657253053479607441e-02 3.635913958302749993e-02 3.634248251713867450e-02 3.638722748886957098e-02 3.635246669646190892e-02 3.631586579124321257e-02 3.631788448260785812e-02 3.631636042922044977e-02 3.631105037342954173e-02 3.630892448219839169e-02 3.630858272392060992e-02
0.000000000000000000e+00 -4.499999999999999001e-01 -4.499999999999999001e-01 -4.499999999999999001e-01 -4.910062499999998664e-01 -4.910062499999998664e-01 -4.910062499999998664e-01 -4.947429445312498952e-01 -4.947429445312498952e-01 -4.947429445312498952e-01 -4.950834508204101092e-01 -4.950834508204101092e-01 -4.950834508204101092e-01 -4.951144794560097817e-01 -4.951144794560097817e-01 -4.951144794560097817e-01 -4.951173069404287697e-01 -4.951173069404287697e-01 -4.951173069404287697e-01
0.000000000000000000e+00 0.000000000000000000e+00 -1.169134295108992111e-01 -1.169134295108992111e-01 -1.537101853165542820e-01 -1.819664252581580099e-01 -1.938749357697130971e-01 -2.007455220504600624e-01 -2.056165035760655069e-01 -2.093372023183383002e-01 -2.113432541300200862e-01 -2.126197423602943781e-01 -2.133032986967194622e-01 -2.137659130901330418e-01 -2.140440820558490442e-01 -2.142043489016483837e-01 -2.143004214086416392e-01 -2.143636967390077641e-01 -2.144004030768042746e-01
0.000000000000000000e+00 0.000000000000000000e+00 0.000000000000000000e+00 -1.822499999999999676e-01 -1.822499999999999676e-01 -1.822499999999999676e-01 -1.988575312499999692e-01 -1.988575312499999692e-01 -1.988575312499999692e-01 -2.003708925351562198e-01 -2.003708925351562198e-01 -2.003708925351562198e-01 -2.005087975822661128e-01 -2.005087975822661128e-01 -2.005087975822661128e-01 -2.005213641796839696e-01 -2.005213641796839696e-01 -2.005213641796839696e-01 -2.005225093108736756e-01
0.000000000000000000e+00 -2.598076211353316234e-01 1.354319084088243842e-02 7.685153983517567511e-02 3.002104823681864612e-02 1.674974550655334432e-02 3.042951146204573437e-02 3.510725728450060645e-02 3.043985022660130116e-02 2.984470586304684495e-02 3.090051128010667253e-02 3.097017335307151314e-02 3.069404022985324290e-02 3.068043712606880608e-02 3.073499311149544694e-02 3.073170133177706431e-02 3.071380711291088819e-02 3.071354025409546787e-02 3.071638256084324378e-02
0.000000000000000000e+00 0.000000000000000000e+00 0.000000000000000000e+00 -6.443510543562414039e-02 -6.443510543562414039e-02 -6.443510543562414039e-02 -7.030675441844537465e-02 -7.030675441844537465e-02 -7.030675441844537465e-02 -7.084180843200496569e-02 -7.084180843200496569e-02 -7.084180843200496569e-02 -7.089056522899059298e-02 -7.089056522899059298e-02 -7.089056522899059298e-02 -7.089500819211588811e-02 -7.089500819211588811e-02 -7.089500819211588811e-02 -7.089541305713067953e-02
0.000000000000000000e+00 0.000000000000000000e+00 0.000000000000000000e+00 1.096532770014179009e-01 2.854048620963610394e-02 1.335541813006584436e-02 3.132927850598453412e-02 3.722540324728867978e-02 3.004794543317168901e-02 2.926087504930584629e-02 3.058579307087321356e-02 3.062268754314192987e-02 3.017750530119011482e-02 3.014567410284699212e-02 3.020156445985972687e-02 3.019018254666410578e-02 3.015835545599946516e-02 3.015520777902877883e-02 3.015677318874929180e-02
1.000000000000000000e+00 9.999999999999997780e-02 9.999999999999997780e-02 9.999999999999997780e-02 9.999999999999997780e-02 9.999999999999997780e-02 9.999999999999997780e-02 9.999999999999997780e-02 9.999999999999997780e-02 9.999999999999997780e-02 9.999999999999997780e-02 9.999999999999997780e-02 9.999999999999997780e-02 9.999999999999997780e-02 9.999999999999997780e-02 9.999999999999997780e-02 9.999999999999997780e-02 9.999999999999997780e-02 9.999999999999997780e-02
0.000000000000000000e+00 0.000000000000000000e+00 0.000000000000000000e+00 0.000000000000000000e+00 0.000000000000000000e+00 0.000000000000000000e+00 0.000000000000000000e+00 0.000000000000000000e+00 0.000000000000000000e+00 0.000000000000000000e+00 0.000000000000000000e+00 0.000000000000000000e+00 0.000000000000000000e+00 0.000000000000000000e+00 0.000000000000000000e+00 0.000000000000000000e+00 0.000000000000000000e+00 0.000000000000000000e+00 0.000000000000000000e+00
0.000000000000000000e+00 0.000000000000000000e+00 0.000000000000000000e+00 0.000000000000000000e+00 0.000000000000000000e+00 0.000000000000000000e+00 0.000000000000000000e+00 0.000000000000000000e+00 0.000000000000000000e+00 0.000000000000000000e+00 0.000000000000000000e+00 0.000000000000000000e+00 0.000000000000000000e+00 0.000000000000000000e+00 0.000000000000000000e+00 0.000000000000000000e+00 0.000000000000000000e+00 0.000000000000000000e+00 0.000000000000000000e+00
1.000000000000000000e+00 1.000000000000000000e+00 1.000000000000000000e+00 1.000000000000000000e+00 1.000000000000000000e+00 1.000000000000000000e+00 1.000000000000000000e+00 1.000000000000000000e+00 1.000000000000000000e+00 1.000000000000000000e+00 1.000000000000000000e+00 1.000000000000000000e+00 1.000000000000000000e+00 1.000000000000000000e+00 1.000000000000000000e+00 1.000000000000000000e+00 1.000000000000000000e+00 1.000000000000000000e+00 1.000000000000000000e+00
0.000000000000000000e+00 4.499999999999999001e-01 4.499999999999997752e-02 -1.038065018740780832e-01 3.011934981259218116e-02 7.932684981259216506e-02 3.504009981259217227e-02 1.876810883266174027e-02 3.341290071459913219e-02 3.879374083959913344e-02 3.395098472709912746e-02 3.217164251344373921e-02 3.377305050573359280e-02 3.436144537340234811e-02 3.383188999250047457e-02 3.363731892143725227e-02 3.381243288539414332e-02 3.387677386417372455e-02 3.381886698327210561e-02
0.000000000000000000e+00 0.000000000000000000e+00 0.000000000000000000e+00 0.000000000000000000e+00 1.097706436269614214e-02 7.002443238106127385e-03 1.137786915541572682e-03 1.627027340025813786e-03 1.783282949892388888e-03 9.503902641375990131e-04 8.149577420566223637e-04 7.051044058016477274e-04 6.611397049958805082e-04 5.771092616851954517e-04 5.576124212960931453e-04 5.375994555729404160e-04 5.282446503501434009e-04 5.191330024780873610e-04 5.154323468396119568e-04
0.000000000000000000e+00 0.000000000000000000e+00 0.000000000000000000e+00 0.000000000000000000e+00 -4.274443029105965200e-03 -2.767169130205556719e-03 -5.202456152998983542e-03 -8.023131098729558569e-03 -7.671444418075118281e-03 -7.732485702665867211e-03 -8.168683867531424669e-03 -8.236664592453729616e-03 -8.278449490727085927e-03 -8.298794319877782211e-03 -8.332637004710015741e-03 -8.342925641365189424e-03 -8.350836568951847810e-03 -8.354403869827149373e-03 -8.358205083539167399e-03
0.000000000000000000e+00 0.000000000000000000e+00 0.000000000000000000e+00 0.000000000000000000e+00 6.654829073687773024e-03 1.941700615446369585e-02 2.437973267113383025e-02 2.591211852148371172e-02 2.848421813674906211e-02 3.007485968891052477e-02 3.104731553190262852e-02 3.129403038479980359e-02 3.169468636317383792e-02 3.186522153022104675e-02 3.198218336757992220e-02 3.203650492683341594e-02 3.208425138066449411e-02 3.210853057346229472e-02 3.212466149257921927e-02
0.000000000000000000e+00 0.000000000000000000e+00 0.000000000000000000e+00 2.498001805406602278e-17 6.245004513516505694e-18 6.245004513516505694e-18 1.873501354054951785e-17 6.245004513516505694e-18 1.249000902703301139e-17 1.873501354054951785e-17 6.245004513516505694e-18 1.249000902703301139e-17 2.498001805406602278e-17 1.873501354054951785e-17 1.873501354054951785e-17 1.249000902703301139e-17 6.245004513516505694e-18 6.245004513516505694e-18 6.245004513516505694e-18
