0.000000000000000000e+00 0.000000000000000000e+00 4.884483782159770859e-02 7.422536005993846109e-02 8.023724428876846670e-02 9.005133993357486433e-02 8.112272772967434042e-02 8.270042739877508930e-02 8.369455791587131210e-02 8.269149495227917646e-02 8.278649072931863750e-02 8.272993557712068902e-02 8.277698389564083770e-02 8.267415765752049450e-02 8.268427453326114562e-02 8.266948007737821846e-02 8.266747483671488261e-02 8.266035826419519672e-02 8.265947915596100204e-02
0.000000000000000000e+00 0.000000000000000000e+00 0.000000000000000000e+00 7.081538956566622856e-02 7.397812362594093083e-02 9.703335259286727243e-02 9.542648747286748556e-02 9.830552310229780100e-02 1.039982289956235262e-01 1.055781485229539129e-01 1.069816235814808475e-01 1.077400800909226325e-01 1.083998918056103405e-01 1.086043007820437778e-01 1.087886545184307552e-01 1.088861215315321679e-01 1.089597436675899811e-01 1.089962234124368101e-01 1.090225269865902069e-01
0.000000000000000000e+00 0.000000000000000000e+00 -8.943157373230133100e-02 -9.107684208777507007e-02 -1.200082881275755520e-01 -1.215860536772512129e-01 -1.236811933996353613e-01 -1.312878284971779053e-01 -1.310166700927889449e-01 -1.334210886453242872e-01 -1.338081965125471617e-01 -1.344894295677553642e-01 -1.345436730728622743e-01 -1.347839936197839927e-01 -1.348606992259765713e-01 -1.349368363681776317e-01 -1.349660406916680377e-01 -1.349958303522784675e-01 -1.350070427670455875e-01
0.000000000000000000e+00 0.000000000000000000e+00 -2.062616460750565928e-02 7.670249356405645091e-02 1.050277809272406604e-01 7.934388041847989514e-02 1.023790599216149177e-01 1.094904608458813211e-01 1.143327370020667949e-01 1.143104037068513185e-01 1.172302115882924295e-01 1.178156336647644131e-01 1.182963218520066001e-01 1.184671446128841427e-01 1.187367875782071869e-01 1.188316919961780738e-01 1.189083949436963161e-01 1.189429598158944501e-01 1.189744028600374232e-01
0.000000000000000000e+00 0.000000000000000000e+00 1.112756492761103749e-01 1.162454063896879580e-01 1.524732035992927004e-01 1.499482586597283007e-01 1.544722266971679803e-01 1.634174510093262811e-01 1.659000550348915526e-01 1.681054033262483760e-01 1.692972027508292121e-01 1.703339968347447608e-01 1.706551945533480719e-01 1.709448785025398654e-01 1.710980331378865460e-01 1.712137191637796985e-01 1.712710415525733609e-01 1.713123736318029333e-01 1.713343288016597743e-01
0.000000000000000000e+00 0.000000000000000000e+00 0.000000000000000000e+00 0.000000000000000000e+00 0.000000000000000000e+00 0.000000000000000000e+00 0.000000000000000000e+00 0.000000000000000000e+00 0.000000000000000000e+00 0.000000000000000000e+00 0.000000000000000000e+00 0.000000000000000000e+00 0.000000000000000000e+00 0.000000000000000000e+00 0.000000000000000000e+00 0.000000000000000000e+00 0.000000000000000000e+00 0.000000000000000000e+00 0.000000000000000000e+00
1.000000000000000000e+00 1.000000000000000000e+00 1.000000000000000000e+00 1.000000000000000000e+00 1.000000000000000000e+00 1.000000000000000000e+00 1.000000000000000000e+00 1.000000000000000000e+00 1.000000000000000000e+00 1.000000000000000000e+00 1.000000000000000000e+00 1.000000000000000000e+00 1.000000000000000000e+00 1.000000000000000000e+00 1.000000000000000000e+00 1.000000000000000000e+00 1.000000000000000000e+00 1.000000000000000000e+00 1.000000000000000000e+00
0.000000000000000000e+00 0.000000000000000000e+00 4.646252298063962005e-01 1.569219761943779212e-01 1.670260809769577581e-01 1.986414741289720121e-01 1.984804721434252905e-01 1.923154743473473871e-01 1.955804356972644931e-01 1.965627312715986230e-01 1.955224472891949061e-01 1.954824750500203934e-01 1.955621279840893956e-01 1.955706993984871189e-01 1.955858413135147800e-01 1.955852519496915354e-01 1.955781531531103346e-01 1.955766435888002530e-01 1.955772260775401894e-01
0.000000000000000000e+00 0.000000000000000000e+00 2.338268590217984222e-01 2.338268590217983459e-02 -5.393944062056914290e-02 1.565047324990494204e-02 4.121944028393859788e-02 1.820736995330830485e-02 9.752195418045705652e-03 1.736185249978204614e-02 2.015781904495362806e-02 1.764144915429920191e-02 1.671687581886823967e-02 1.754899182075610881e-02 1.785473076247062404e-02 1.757956571492756345e-02 1.747846362069818346e-02 1.756945550550461851e-02 1.760288805878110208e-02
0.000000000000000000e+00 0.000000000000000000e+00 0.000000000000000000e+00 1.522788342162293695e-01 3.485441586976525258e-02 3.649570277866981405e-02 4.845693967498337917e-02 6.069047265788558160e-02 5.085658270442522388e-02 4.668137033821043863e-02 4.991653792141891727e-02 5.137843409709341724e-02 5.026645294372002193e-02 4.975661199929240497e-02 5.013672603434032871e-02 5.028317823881263415e-02 5.015467176088261175e-02 5.010950192034664685e-02 5.015152231162715163e-02
0.000000000000000000e+00 2.846049894151541082e-01 2.539898671014066966e-01 2.708351928120767971e-01 3.265103893370269739e-01 3.369447592488595267e-01 3.423924262569889576e-01 3.405473556776753563e-01 3.421401785208580959e-01 3.429900758357727897e-01 3.431679773177871984e-01 3.433445953332272538e-01 3.435579250053926725e-01 3.437140104985782485e-01 3.437687300375328325e-01 3.438006241750681813e-01 3.438272111825534938e-01 3.438428324552340598e-01 3.438499355998366203e-01
0.000000000000000000e+00 9.210010924830469570e-01 3.482445997219433820e-01 3.482445997219433820e-01 3.726960030559035575e-01 3.629130133307449935e-01 3.549195379487174451e-01 3.597454413611770319e-01 3.617173363182469292e-01 3.588828484172423838e-01 3.589118314389909692e-01 3.591465790471257136e-01 3.591150894813261996e-01 3.591187417490326883e-01 3.591487845613250407e-01 3.591325895725512307e-01 3.591215693928574981e-01 3.591232652327829844e-01 3.591240002293687450e-01
0.000000000000000000e+00 0.000000000000000000e+00 0.000000000000000000e+00 2.667653118041059535e-01 1.960372383872726887e-01 2.236315272982523084e-01 2.305968076721343074e-01 2.308237661443998667e-01 2.324501915237855709e-01 2.349738366324314875e-01 2.356229139334396760e-01 2.359135201256048475e-01 2.363786303482227347e-01 2.366490232995439313e-01 2.367322496993330971e-01 2.368141048517504454e-01 2.368624345976693413e-01 2.368873131676815791e-01 2.369002639761074447e-01
0.000000000000000000e+00 0.000000000000000000e+00 3.682760721594611208e-01 2.321598314045534017e-01 2.526115030620500468e-01 2.498564448086425804e-01 2.464125435597658009e-01 2.467880832805821878e-01 2.490773764225442111e-01 2.482458673459875531e-01 2.476284242290848203e-01 2.477669469737874552e-01 2.478490829833011333e-01 2.477398852922084449e-01 2.477464512583018585e-01 2.477552455321014591e-01 2.477491984062593355e-01 2.477386396454917539e-01 2.477389004444778553e-01
0.000000000000000000e+00 0.000000000000000000e+00 4.884483782159770859e-02 7.422536005993846109e-02 8.023724428876846670e-02 9.005133993357486433e-02 8.112272772967434042e-02 8.270042739877508930e-02 8.369455791587131210e-02 8.269149495227917646e-02 8.278649072931863750e-02 8.272993557712068902e-02 8.277698389564083770e-02 8.267415765752049450e-02 8.268427453326114562e-02 8.266948007737821846e-02 8.266747483671488261e-02 8.266035826419519672e-02 8.265947915596100204e-02
0.000000000000000000e+00 0.000000000000000000e+00 4.964284409778802615e-02 1.482917952073148082e-01 5.674164429641070928e-02 6.833967730906313764e-02 7.401544416872141152e-02 7.124479248435020007e-02 7.125017816223916389e-02 7.161144040442039838e-02 7.178110563524731091e-02 7.134598923813892379e-02 7.131238916748912360e-02 7.125256441503738380e-02 7.123498908811283503e-02 7.121187599701499227e-02 7.120269763562450671e-02 7.119269415295047254e-02 7.118823076165921304e-02
0.000000000000000000e+00 0.000000000000000000e+00 2.392831029010619170e-01 5.476843070179339412e-02 5.734746426436922867e-02 7.614273475495157706e-02 9.536587726623921291e-02 7.991340999616347585e-02 7.335269671384257728e-02 7.843627212797948944e-02 8.073342034844642467e-02 7.898611053933093928e-02 7.818497278570578357e-02 7.878226436749816153e-02 7.901239180505834070e-02 7.881046335623452526e-02 7.873948579946098147e-02 7.880551447417777355e-02 7.882817205918278558e-02
0.000000000000000000e+00 -2.012461179749810702e-01 -4.678513875986104603e-02 -3.408174602452284513e-02 -3.927162255445577899e-02 -4.947719634376397668e-02 -5.023079861161168502e-02 -4.892232047304712061e-02 -5.091485988934293938e-02 -5.185838905804622534e-02 -5.175752566172825420e-02 -5.176904797163388999e-02 -5.181149306096245050e-02 -5.180567822288455193e-02 -5.180003656033593112e-02 -5.180901657513681258e-02 -5.181053105985513468e-02 -5.181016574104065769e-02 -5.180929882467405490e-02
0.000000000000000000e+00 0.000000000000000000e+00 -2.024999999999999578e-01 -2.024999999999999578e-01 -2.024999999999999578e-01 -2.209528124999999565e-01 -2.209528124999999565e-01 -2.209528124999999565e-01 -2.226343250390624695e-01 -2.226343250390624695e-01 -2.226343250390624695e-01 -2.227875528691845575e-01 -2.227875528691845575e-01 -2.227875528691845575e-01 -2.228015157552044045e-01 -2.228015157552044045e-01 -2.228015157552044045e-01 -2.228027881231929574e-01 -2.228027881231929574e-01
0.000000000000000000e+00 0.000000000000000000e+00 7.394254526319743448e-02 3.823437493800695142e-02 9.548840850058279428e-02 6.507617899116513449e-02 6.621933152475227569e-02 6.703885523460699492e-02 6.645685320228607307e-02 6.615958849142299092e-02 6.647968980782838211e-02 6.651172221236828497e-02 6.636435653393064904e-02 6.637325324805426474e-02 6.638719060665530802e-02 6.637983322889470794e-02 6.638034564854292108e-02 6.638203334448013193e-02 6.638105054435096408e-02
0.000000000000000000e+00 2.323790007724450546e-01 3.354435845772125169e-01 4.267460880883502394e-01 3.219386605651147759e-01 3.441295851319725596e-01 3.585492616647861230e-01 3.558544487506452025e-01 3.548073426761096938e-01 3.562174385674738430e-01 3.565793150630056085e-01 3.561557582181910653e-01 3.561356835456007675e-01 3.561813953026377599e-01 3.561958122829217976e-01 3.561918817205194654e-01 3.561907275279184160e-01 3.561901927633168707e-01 3.561896049620597582e-01
0.000000000000000000e+00 0.000000000000000000e+00 3.453851604960888472e-02 6.006379223025197500e-02 2.855400385565240451e-02 2.508624230868252564e-02 2.820962770035046613e-02 2.086156444763259676e-02 1.895162533453441725e-02 1.646318684457635795e-02 1.653856477933798516e-02 1.542576832923464591e-02 1.524393870857612861e-02 1.499461346069830628e-02 1.493900288204843413e-02 1.482946847030377872e-02 1.479318044127816284e-02 1.475996580211259498e-02 1.474664423373231795e-02
0.000000000000000000e+00 4.435193518440699867e-01 1.017857768555879144e-01 1.372879822222020374e-01 2.168065245676537023e-01 2.288706066813871176e-01 2.175285447973305253e-01 2.227702351018833460e-01 2.236759644925929158e-01 2.236800873069249296e-01 2.235022222545526849e-01 2.234790362777892558e-01 2.235498060127250330e-01 2.235982942216396818e-01 2.235574383043548163e-01 2.235534033162449308e-01 2.235623262387264887e-01 2.235621835756073372e-01 2.235589927295063006e-01
0.000000000000000000e+00 2.323790007724450546e-01 3.531266715574337134e-01 3.531266715574337134e-01 3.732712648532488520e-01 3.570884058422033602e-01 3.612015647929596729e-01 3.631223579967217119e-01 3.637440734748601523e-01 3.627714796814160980e-01 3.628540183147656584e-01 3.630379278284725508e-01 3.630351826810753746e-01 3.629779056743792642e-01 3.629785507377181752e-01 3.629882342298080822e-01 3.629872678332113911e-01 3.629824904354365667e-01 3.629827903815641688e-01
1.000000000000000000e+00 9.999999999999997780e-02 9.999999999999997780e-02 9.999999999999997780e-02 9.999999999999997780e-02 9.999999999999997780e-02 9.999999999999997780e-02 9.999999999999997780e-02 9.999999999999997780e-02 9.999999999999997780e-02 9.999999999999997780e-02 9.999999999999997780e-02 9.999999999999997780e-02 9.999999999999997780e-02 9.999999999999997780e-02 9.999999999999997780e-02 9.999999999999997780e-02 9.999999999999997780e-02 9.999999999999997780e-02
0.000000000000000000e+00 -2.012461179749810702e-01 -7.225314871658194971e-02 -5.956288759741155958e-02 -3.911121593991494227e-02 -4.821893512693908868e-02 -4.912114108773104476e-02 -4.666883554330621825e-02 -4.563334888676420786e-02 -4.697717130124594298e-02 -4.685819285945184293e-02 -4.672720012468298961e-02 -4.670605333280598848e-02 -4.680706979471774276e-02 -4.680145271560889192e-02 -4.680046379340317697e-02 -4.680230333773768847e-02 -4.680999897183452108e-02 -4.681017876498530517e-02
0.000000000000000000e+00 0.000000000000000000e+00 -3.952395295441559625e-02 -5.552006148266681873e-03 5.236163148666699019e-03 1.885501453572533195e-02 8.684878398128233548e-03 1.077366525485913204e-02 1.186713204621774043e-02 1.254028300956337369e-02 1.132840845642028686e-02 1.173129594142198646e-02 1.169972952887201288e-02 1.174153685403019412e-02 1.164788478421604004e-02 1.167645940065478900e-02 1.166732121517643182e-02 1.166931471289424545e-02 1.166226575582202107e-02
0.000000000000000000e+00 0.000000000000000000e+00 -1.132337268959254448e-02 2.866379490304643909e-02 5.477166898388578092e-02 4.827160931203028360e-02 4.544111106410598372e-02 4.809559986333362958e-02 4.977290011103380207e-02 4.842455318774793738e-02 4.829801617561708255e-02 4.847264045907510865e-02 4.852278513343624700e-02 4.841029451795936939e-02 4.839694132295273982e-02 4.839918640439327263e-02 4.839725650202545554e-02 4.838800906985536027e-02 4.838629007007438226e-02
0.000000000000000000e+00 2.598076211353316234e-01 1.343418996855124115e-01 3.355120677849170452e-01 2.286543855920892820e-01 2.326710141688975997e-01 2.355505269685108094e-01 2.335055802740874376e-01 2.324610985470665914e-01 2.335858199269102708e-01 2.336983703238857957e-01 2.331805801096648034e-01 2.332118399766892891e-01 2.332608108630735422e-01 2.332349596727071317e-01 2.332367601318250938e-01 2.332426900908911305e-01 2.332392368832323648e-01 2.332356215308757086e-01
0.000000000000000000e+00 2.846049894151541082e-01 6.230023987845528799e-01 4.125582256649341639e-01 4.125582256649341639e-01 4.215422449144126671e-01 4.179477449665832678e-01 4.150107545729633807e-01 4.167839047092356530e-01 4.175084251799139334e-01 4.164669678239809048e-01 4.164776168661540878e-01 4.165638686448944195e-01 4.165522986396298366e-01 4.165536405684726051e-01 4.165646790025557822e-01 4.165587285837228926e-01 4.165546795111543799e-01 4.165553026025298200e-01
0.000000000000000000e+00 0.000000000000000000e+00 2.110278299809773828e-01 4.150176560029397721e-02 8.458980391404094523e-02 1.047113727975548803e-01 1.112242502873379418e-01 1.010356922623856790e-01 1.019003385935167982e-01 1.038269113974703561e-01 1.037981541776202415e-01 1.031981399577551056e-01 1.032048974194028079e-01 1.033063383515852723e-01 1.032962147132620856e-01 1.032461683375137801e-01 1.032493104699708786e-01 1.032542279296934234e-01 1.032510611075639351e-01
0.000000000000000000e+00 0.000000000000000000e+00 1.691987046846993303e-01 3.872712874418361706e-02 4.055078086518868613e-02 5.384104408331488040e-02 6.743385850876175425e-02 5.650731411602803733e-02 5.186818926467826052e-02 5.546281991268767891e-02 5.708714899677048288e-02 5.585161438191113548e-02 5.528512444365824008e-02 5.570747337148927031e-02 5.587019804312515214e-02 5.572741306764734948e-02 5.567722435594071873e-02 5.572391367958573483e-02 5.573993501158809594e-02
0.000000000000000000e+00 1.799999999999999933e-01 1.913337980720583864e-01 1.862616573339368198e-01 2.373747624184004423e-01 1.987897707666850255e-01 1.966059299290247309e-01 1.982213291551220835e-01 1.991507194631314259e-01 1.974402120310676245e-01 1.975780408976189895e-01 1.976796614502378813e-01 1.975698297873635378e-01 1.974421729247833046e-01 1.974246001530456374e-01 1.974098193628982534e-01 1.974020795357025182e-01 1.973909132119012200e-01 1.973869871021550204e-01
1.000000000000000000e+00 9.999999999999997780e-02 9.999999999999997780e-02 1.384216735710457891e-01 1.230491882934058728e-01 1.104886535203405684e-01 1.180718291387882479e-01 1.211703631297475492e-01 1.167163950942108480e-01 1.167619375191390613e-01 1.171308077982043810e-01 1.170813267192855750e-01 1.170870657043122098e-01 1.171342734294184840e-01 1.171088254596779898e-01 1.170915089179195012e-01 1.170941736732775129e-01 1.170953286089885803e-01 1.170948216618027116e-01
0.000000000000000000e+00 4.024922359499621405e-01 4.024922359499621405e-01 4.024922359499621405e-01 4.024922359499621405e-01 4.024922359499621405e-01 4.024922359499621405e-01 4.024922359499621405e-01 4.024922359499621405e-01 4.024922359499621405e-01 4.024922359499621405e-01 4.024922359499621405e-01 4.024922359499621405e-01 4.024922359499621405e-01 4.024922359499621405e-01 4.024922359499621405e-01 4.024922359499621405e-01 4.024922359499621405e-01 4.024922359499621405e-01
0.000000000000000000e+00 1.799999999999999933e-01 2.735307436087193733e-01 2.956853705754796668e-01 3.318516738093506557e-01 2.989484998327659460e-01 3.047625418708493350e-01 3.084260506684606273e-01 3.047296245669749992e-01 3.050796971770952104e-01 3.048712835995373571e-01 3.050446631768134464e-01 3.046657342318701556e-01 3.047030163217395171e-01 3.046484967004715605e-01 3.046411071105886714e-01 3.046148815540984378e-01 3.046116419183618751e-01 3.046039651297362538e-01
0.000000000000000000e+00 0.000000000000000000e+00 1.030645838047674623e-01 6.152122324964785088e-02 5.450718492388346992e-02 7.040850209683369165e-02 7.905445844044232950e-02 7.959552864015909113e-02 8.101238928113947690e-02 8.174344961297799750e-02 8.201301638608195221e-02 8.207072943979636104e-02 8.208654663564884935e-02 8.210880364478820304e-02 8.212824903366380824e-02 8.212589966851879808e-02 8.212409881013998936e-02 8.212551063233114457e-02 8.212599621701445474e-02
0.000000000000000000e+00 0.000000000000000000e+00 0.000000000000000000e+00 0.000000000000000000e+00 3.489145908616327063e-02 6.861925067308549848e-03 1.398612534962514684e-02 1.731303676937404404e-02 1.838987956536186977e-02 1.670529769999052130e-02 1.684825880653927424e-02 1.716679942827490160e-02 1.716204469350877254e-02 1.706283800780561757e-02 1.706395529028266814e-02 1.708072759057702172e-02 1.707905374257134151e-02 1.707077904689736220e-02 1.707129856882999216e-02
0.000000000000000000e+00 0.000000000000000000e+00 0.000000000000000000e+00 0.000000000000000000e+00 0.000000000000000000e+00 0.000000000000000000e+00 0.000000000000000000e+00 0.000000000000000000e+00 0.000000000000000000e+00 0.000000000000000000e+00 0.000000000000000000e+00 0.000000000000000000e+00 0.000000000000000000e+00 0.000000000000000000e+00 0.000000000000000000e+00 0.000000000000000000e+00 0.000000000000000000e+00 0.000000000000000000e+00 0.000000000000000000e+00
0.000000000000000000e+00 0.000000000000000000e+00 -1.431891231902758521e-01 -1.431891231902758521e-01 -1.431891231902758521e-01 -1.562372320409897153e-01 -1.562372320409897153e-01 -1.562372320409897153e-01 -1.574262409600110380e-01 -1.574262409600110380e-01 -1.574262409600110380e-01 -1.575345893977568579e-01 -1.575345893977568579e-01 -1.575345893977568579e-01 -1.575444626491464273e-01 -1.575444626491464273e-01 -1.575444626491464273e-01 -1.575453623491792909e-01 -1.575453623491792909e-01
1.000000000000000000e+00 1.000000000000000000e+00 1.000000000000000000e+00 1.000000000000000000e+00 1.000000000000000000e+00 1.000000000000000000e+00 1.000000000000000000e+00 1.000000000000000000e+00 1.000000000000000000e+00 1.000000000000000000e+00 1.000000000000000000e+00 1.000000000000000000e+00 1.000000000000000000e+00 1.000000000000000000e+00 1.000000000000000000e+00 1.000000000000000000e+00 1.000000000000000000e+00 1.000000000000000000e+00 1.000000000000000000e+00
0.000000000000000000e+00 0.000000000000000000e+00 0.000000000000000000e+00 -1.228835463156115020e-02 -2.835703127789686306e-02 -2.592716174737743923e-03 -2.043010226647567693e-02 -1.991568362636146269e-02 -1.954689795692684043e-02 -2.018713919276032484e-02 -2.032090831264871111e-02 -2.017686272026628438e-02 -2.019692440000079442e-02 -2.026323895529772920e-02 -2.025923543394210491e-02 -2.025610527192609964e-02 -2.025941609191837106e-02 -2.025918550307667307e-02 -2.025871232270234912e-02
0.000000000000000000e+00 0.000000000000000000e+00 0.000000000000000000e+00 0.000000000000000000e+00 2.467198732531902111e-02 -1.735267484569929033e-02 5.522781704865965119e-03 3.341450033035909227e-03 1.985659413570514936e-03 1.091815941191658757e-04 1.282331696426888433e-03 1.416594039041628407e-03 1.210513923504376787e-03 1.143390097980921324e-03 1.207314884176710927e-03 1.218463657236526412e-03 1.206606241414221771e-03 1.201820378338840653e-03 1.207453719901371413e-03
0.000000000000000000e+00 0.000000000000000000e+00 4.884483782159770859e-02 7.422536005993846109e-02 8.023724428876846670e-02 9.005133993357486433e-02 8.112272772967434042e-02 8.270042739877508930e-02 8.369455791587131210e-02 8.269149495227917646e-02 8.278649072931863750e-02 8.272993557712068902e-02 8.277698389564083770e-02 8.267415765752049450e-02 8.268427453326114562e-02 8.266948007737821846e-02 8.266747483671488261e-02 8.266035826419519672e-02 8.265947915596100204e-02
0.000000000000000000e+00 0.000000000000000000e+00 7.394254526319743448e-02 4.435818355266754609e-02 2.018542311135117229e-02 3.477925139342778055e-02 4.074238283933963312e-02 3.217071735840928287e-02 3.225836379604879456e-02 3.296825497909682684e-02 3.287302859831828239e-02 3.288407328015163084e-02 3.297492458947808014e-02 3.292594994887805548e-02 3.289262424872574364e-02 3.289775257280332793e-02 3.289997524761558573e-02 3.289899962730150756e-02 3.289960531715808295e-02
0.000000000000000000e+00 -4.499999999999999001e-01 -4.499999999999999001e-01 -4.499999999999999001e-01 -4.910062499999998664e-01 -4.910062499999998664e-01 -4.910062499999998664e-01 -4.947429445312498952e-01 -4.947429445312498952e-01 -4.947429445312498952e-01 -4.950834508204101092e-01 -4.950834508204101092e-01 -4.950834508204101092e-01 -4.951144794560097817e-01 -4.951144794560097817e-01 -4.951144794560097817e-01 -4.951173069404287697e-01 -4.951173069404287697e-01 -4.951173069404287697e-01
0.000000000000000000e+00 0.000000000000000000e+00 -1.169134295108992111e-01 -1.022599781644198957e-01 -1.314425772985727270e-01 -1.419361531190717340e-01 -1.509717728108848356e-01 -1.528154048634300655e-01 -1.548089074758655925e-01 -1.574686850726728093e-01 -1.585905542297123549e-01 -1.593797886581261591e-01 -1.597908607666909120e-01 -1.601195944951153416e-01 -1.602647178623654300e-01 -1.603574758110394571e-01 -1.604125594934304455e-01 -1.604521508516942863e-01 -1.604732412549067511e-01
0.000000000000000000e+00 0.000000000000000000e+00 0.000000000000000000e+00 -1.822499999999999676e-01 -1.822499999999999676e-01 -1.822499999999999676e-01 -1.988575312499999692e-01 -1.988575312499999692e-01 -1.988575312499999692e-01 -2.003708925351562198e-01 -2.003708925351562198e-01 -2.003708925351562198e-01 -2.005087975822661128e-01 -2.005087975822661128e-01 -2.005087975822661128e-01 -2.005213641796839696e-01 -2.005213641796839696e-01 -2.005213641796839696e-01 -2.005225093108736756e-01
0.000000000000000000e+00 -2.598076211353316234e-01 1.354319084088243842e-02 5.151782358901599301e-02 -1.832313532361325506e-03 7.077469384954433208e-03 1.490266058927746523e-02 1.703371356940250672e-02 1.349552291401025055e-02 1.355155127114728020e-02 1.439344459525938522e-02 1.436145052720766077e-02 1.415571979885237031e-02 1.415359388986888942e-02 1.420386540880137077e-02 1.419972514486723611e-02 1.418451701167713214e-02 1.418582093074956946e-02 1.418880756119930697e-02
0.000000000000000000e+00 0.000000000000000000e+00 0.000000000000000000e+00 -6.443510543562414039e-02 -6.443510543562414039e-02 -6.443510543562414039e-02 -7.030675441844537465e-02 -7.030675441844537465e-02 -7.030675441844537465e-02 -7.084180843200496569e-02 -7.084180843200496569e-02 -7.084180843200496569e-02 -7.089056522899059298e-02 -7.089056522899059298e-02 -7.089056522899059298e-02 -7.089500819211588811e-02 -7.089500819211588811e-02 -7.089500819211588811e-02 -7.089541305713067953e-02
0.000000000000000000e+00 0.000000000000000000e+00 0.000000000000000000e+00 1.096532770014179009e-01 2.156494998705703325e-02 4.395415145442228833e-02 5.440962534469521994e-02 5.779381575942799110e-02 5.249968571290371255e-02 5.294896912573284625e-02 5.395004572001124710e-02 5.393510303025180613e-02 5.362332649603072932e-02 5.362683777610193631e-02 5.367954803065409786e-02 5.367428763387412788e-02 5.364828277421490599e-02 5.364991547413285045e-02 5.365247066115793467e-02
1.000000000000000000e+00 9.999999999999997780e-02 9.999999999999997780e-02 9.999999999999997780e-02 9.999999999999997780e-02 9.999999999999997780e-02 9.999999999999997780e-02 9.999999999999997780e-02 9.999999999999997780e-02 9.999999999999997780e-02 9.999999999999997780e-02 9.999999999999997780e-02 9.999999999999997780e-02 9.999999999999997780e-02 9.999999999999997780e-02 9.999999999999997780e-02 9.999999999999997780e-02 9.999999999999997780e-02 9.999999999999997780e-02
0.000000000000000000e+00 0.000000000000000000e+00 0.000000000000000000e+00 0.000000000000000000e+00 0.000000000000000000e+00 0.000000000000000000e+00 0.000000000000000000e+00 0.000000000000000000e+00 0.000000000000000000e+00 0.000000000000000000e+00 0.000000000000000000e+00 0.000000000000000000e+00 0.000000000000000000e+00 0.000000000000000000e+00 0.000000000000000000e+00 0.000000000000000000e+00 0.000000000000000000e+00 0.000000000000000000e+00 0.000000000000000000e+00
0.000000000000000000e+00 0.000000000000000000e+00 0.000000000000000000e+00 0.000000000000000000e+00 0.000000000000000000e+00 0.000000000000000000e+00 0.000000000000000000e+00 0.000000000000000000e+00 0.000000000000000000e+00 0.000000000000000000e+00 0.000000000000000000e+00 0.000000000000000000e+00 0.000000000000000000e+00 0.000000000000000000e+00 0.000000000000000000e+00 0.000000000000000000e+00 0.000000000000000000e+00 0.000000000000000000e+00 0.000000000000000000e+00
1.000000000000000000e+00 1.000000000000000000e+00 1.000000000000000000e+00 1.000000000000000000e+00 1.000000000000000000e+00 1.000000000000000000e+00 1.000000000000000000e+00 1.000000000000000000e+00 1.000000000000000000e+00 1.000000000000000000e+00 1.000000000000000000e+00 1.000000000000000000e+00 1.000000000000000000e+00 1.000000000000000000e+00 1.000000000000000000e+00 1.000000000000000000e+00 1.000000000000000000e+00 1.000000000000000000e+00 1.000000000000000000e+00
0.000000000000000000e+00 4.499999999999999001e-01 4.499999999999997752e-02 -1.038065018740780832e-01 3.011934981259218116e-02 7.932684981259216506e-02 3.504009981259217227e-02 1.876810883266174027e-02 3.341290071459913219e-02 3.879374083959913344e-02 3.395098472709912746e-02 3.217164251344373921e-02 3.377305050573359280e-02 3.436144537340234811e-02 3.383188999250047457e-02 3.363731892143725227e-02 3.381243288539414332e-02 3.387677386417372455e-02 3.381886698327210561e-02
0.000000000000000000e+00 0.000000000000000000e+00 4.884483782159770859e-02 7.422536005993846109e-02 8.023724428876846670e-02 9.005133993357486433e-02 8.112272772967434042e-02 8.270042739877508930e-02 8.369455791587131210e-02 8.269149495227917646e-02 8.278649072931863750e-02 8.272993557712068902e-02 8.277698389564083770e-02 8.267415765752049450e-02 8.268427453326114562e-02 8.266948007737821846e-02 8.266747483671488261e-02 8.266035826419519672e-02 8.265947915596100204e-02
0.000000000000000000e+00 2.323790007724450546e-01 2.323790007724450546e-01 2.503257401572317464e-01 2.596511394906261261e-01 2.618600468036240136e-01 2.654659757961209676e-01 2.621853941945094801e-01 2.627650780680076958e-01 2.631303449436999675e-01 2.627617960775972539e-01 2.627966997548171757e-01 2.627759200650355842e-01 2.627932067210801415e-01 2.627554259487454025e-01 2.627591431262487620e-01 2.627537072960585141e-01 2.627529705235929769e-01 2.627503557278843549e-01
0.000000000000000000e+00 0.000000000000000000e+00 0.000000000000000000e+00 -1.779533766843670664e-02 -2.931562740106661430e-02 -2.077765025575556423e-02 -2.123094648531119455e-02 -2.080910071095246061e-02 -1.884479465742902246e-02 -1.842311141729694249e-02 -1.752392193157256348e-02 -1.756099288848221932e-02 -1.721854672412178808e-02 -1.717115820530595860e-02 -1.708071132264464553e-02 -1.706556785438532661e-02 -1.703045593627434962e-02 -1.701926434641907668e-02 -1.700821687082406178e-02
0.000000000000000000e+00 0.000000000000000000e+00 0.000000000000000000e+00 2.498001805406602278e-17 6.245004513516505694e-18 3.122502256758252847e-18 6.245004513516505694e-18 6.245004513516505694e-18 1.249000902703301139e-17 0.000000000000000000e+00 -6.245004513516505694e-18 1.249000902703301139e-17 0.000000000000000000e+00 6.245004513516505694e-18 6.245004513516505694e-18 6.245004513516505694e-18 6.245004513516505694e-18 0.000000000000000000e+00 6.245004513516505694e-18
