0.000000000000000000e+00 0.000000000000000000e+00 0.000000000000000000e+00 0.000000000000000000e+00 8.541838389869268328e-03 1.219001746748273919e-02 8.154760564506854936e-03 9.350290216603173582e-03 1.045468909207999259e-02 9.236563532403487334e-03 8.935387485829563575e-03 8.804783864275843655e-03 8.817780239637484224e-03 8.749260288404015970e-03 8.727703707975612013e-03 8.706645006772144313e-03 8.699810932796850707e-03 8.692219140951145881e-03 8.688789602037207127e-03
0.000000000000000000e+00 0.000000000000000000e+00 0.000000000000000000e+00 7.081538956566622856e-02 9.106454753122267265e-02 1.058415566935743124e-01 1.111328119444989493e-01 1.178981472999442309e-01 1.269263387751418115e-01 1.300859542908854860e-01 1.317632037344562967e-01 1.326885752832174525e-01 1.334584936324723359e-01 1.338754409483864649e-01 1.341337933979893648e-01 1.342807259667271880e-01 1.343818318269195677e-01 1.344393988931500139e-01 1.344754522022007792e-01
0.000000000000000000e+00 0.000000000000000000e+00 -1.112756492761103749e-01 -1.430941313000271831e-01 -1.417351914795116907e-01 -1.518012292756234782e-01 -1.631609543007613294e-01 -1.750151910324491689e-01 -1.759082577968836825e-01 -1.774925157703762246e-01 -1.781376460093869185e-01 -1.789310388795644358e-01 -1.792820133100584412e-01 -1.795645612534236824e-01 -1.797013148728785759e-01 -1.797996410377755150e-01 -1.798482399363686701e-01 -1.798844747915196163e-01 -1.799036083306564393e-01
0.000000000000000000e+00 0.000000000000000000e+00 6.037383539249433634e-02 1.773621615534845819e-01 1.896781197011094267e-01 1.706943083561523189e-01 1.976977530780320291e-01 2.161119007960991545e-01 2.228968669443657791e-01 2.231671565473877517e-01 2.254877109299736893e-01 2.267297646600341388e-01 2.275451196001057053e-01 2.279112085780447272e-01 2.282127945365581001e-01 2.283788766541558768e-01 2.284870009686198467e-01 2.285407101972444233e-01 2.285807145969746268e-01
0.000000000000000000e+00 0.000000000000000000e+00 1.112756492761103749e-01 1.430941313000271831e-01 1.663139610430373894e-01 1.746283665295212395e-01 1.852590654336022657e-01 1.994454996868528784e-01 2.044103564804631012e-01 2.070458997144415114e-01 2.084999808194328563e-01 2.097097907876952771e-01 2.103649602865406143e-01 2.107709219955414270e-01 2.110018042527229132e-01 2.111606767846334332e-01 2.112511347021991392e-01 2.113077870117858192e-01 2.113404782512566527e-01
0.000000000000000000e+00 0.000000000000000000e+00 0.000000000000000000e+00 0.000000000000000000e+00 0.000000000000000000e+00 0.000000000000000000e+00 0.000000000000000000e+00 0.000000000000000000e+00 0.000000000000000000e+00 0.000000000000000000e+00 0.000000000000000000e+00 0.000000000000000000e+00 0.000000000000000000e+00 0.000000000000000000e+00 0.000000000000000000e+00 0.000000000000000000e+00 0.000000000000000000e+00 0.000000000000000000e+00 0.000000000000000000e+00
1.000000000000000000e+00 1.000000000000000000e+00 1.000000000000000000e+00 1.000000000000000000e+00 1.000000000000000000e+00 1.000000000000000000e+00 1.000000000000000000e+00 1.000000000000000000e+00 1.000000000000000000e+00 1.000000000000000000e+00 1.000000000000000000e+00 1.000000000000000000e+00 1.000000000000000000e+00 1.000000000000000000e+00 1.000000000000000000e+00 1.000000000000000000e+00 1.000000000000000000e+00 1.000000000000000000e+00 1.000000000000000000e+00
0.000000000000000000e+00 0.000000000000000000e+00 1.262278204369975398e-01 2.896873994459783427e-02 8.010685715073068147e-02 1.466911642768209123e-01 1.394144434848132996e-01 1.270756398160553524e-01 1.260282135785195656e-01 1.270318231575009449e-01 1.272983458651079924e-01 1.272900703520284671e-01 1.272109321119705150e-01 1.272017098146941694e-01 1.272211970652927793e-01 1.272103084800477735e-01 1.272025298585583997e-01 1.272041259469101904e-01 1.272043163229207574e-01
0.000000000000000000e+00 0.000000000000000000e+00 2.338268590217984222e-01 2.338268590217983459e-02 -5.393944062056914290e-02 1.565047324990494204e-02 4.121944028393859788e-02 1.820736995330830485e-02 9.752195418045705652e-03 1.736185249978204614e-02 2.015781904495362806e-02 1.764144915429920191e-02 1.671687581886823967e-02 1.754899182075610881e-02 1.785473076247062404e-02 1.757956571492756345e-02 1.747846362069818346e-02 1.756945550550461851e-02 1.760288805878110208e-02
0.000000000000000000e+00 0.000000000000000000e+00 0.000000000000000000e+00 1.522788342162293695e-01 3.485441586976525258e-02 5.945893452821572991e-05 3.137492017624155666e-02 4.968562741304582281e-02 4.327870051472343382e-02 3.786939113092904763e-02 4.036622514127286010e-02 4.158623199471424281e-02 4.051576313425610254e-02 4.009217175566604646e-02 4.045845607559238333e-02 4.059717209952756062e-02 4.047064827147638100e-02 4.042381176680309024e-02 4.046408900399105918e-02
0.000000000000000000e+00 2.846049894151541082e-01 2.539898671014066966e-01 2.468120082580179953e-01 2.702830135459145522e-01 2.863856104678773606e-01 2.957411594294143686e-01 2.945522324973909867e-01 2.945076120523607011e-01 2.957009737224848833e-01 2.963992876551254096e-01 2.967599953224387410e-01 2.969625031724845710e-01 2.971401410381588337e-01 2.972290412376778490e-01 2.972718209896861863e-01 2.973035764063861053e-01 2.973246533040198036e-01 2.973363490734825532e-01
0.000000000000000000e+00 0.000000000000000000e+00 0.000000000000000000e+00 1.599216735710458082e-01 2.809115045837621838e-01 2.425554944220752462e-01 2.145054947897559183e-01 2.115483039439680635e-01 2.143097066157218233e-01 2.145672411284977876e-01 2.143740967321702273e-01 2.143568121981283825e-01 2.143557165310941426e-01 2.143484475653592569e-01 2.143380218909712309e-01 2.143295089257580277e-01 2.143304852823399442e-01 2.143299240809550532e-01 2.143284669440266854e-01
0.000000000000000000e+00 0.000000000000000000e+00 0.000000000000000000e+00 6.075000000000000538e-02 6.075000000000000538e-02 1.226418553272811407e-01 1.463048703716544607e-01 1.392742397220575190e-01 1.385238191583953449e-01 1.415367045937354351e-01 1.433188346860397311e-01 1.440661008042839475e-01 1.445248682703282050e-01 1.448219317293279185e-01 1.449681992405203179e-01 1.450722861243304851e-01 1.451331686949392796e-01 1.451719111006712082e-01 1.451946322133231548e-01
0.000000000000000000e+00 0.000000000000000000e+00 0.000000000000000000e+00 0.000000000000000000e+00 7.738254261341674656e-02 1.022028032573255169e-01 8.441819945013541437e-02 7.832378108553625373e-02 7.935692263005075797e-02 7.913005247357178529e-02 7.873482881061842631e-02 7.864278792782337935e-02 7.868696511244337166e-02 7.861185468430012535e-02 7.857934604115790478e-02 7.856796200491278359e-02 7.856380144129355980e-02 7.855659039581341929e-02 7.855321941273381292e-02
0.000000000000000000e+00 0.000000000000000000e+00 0.000000000000000000e+00 0.000000000000000000e+00 8.541838389869268328e-03 1.219001746748273919e-02 8.154760564506854936e-03 9.350290216603173582e-03 1.045468909207999259e-02 9.236563532403487334e-03 8.935387485829563575e-03 8.804783864275843655e-03 8.817780239637484224e-03 8.749260288404015970e-03 8.727703707975612013e-03 8.706645006772144313e-03 8.699810932796850707e-03 8.692219140951145881e-03 8.688789602037207127e-03
0.000000000000000000e+00 0.000000000000000000e+00 2.522042518698917185e-02 3.501718871867706088e-03 -2.694875372500549204e-02 1.514543790617130931e-03 2.188059296146809343e-02 1.662067282500865120e-02 1.354185606032669471e-02 1.260176957252724661e-02 1.262357237075959447e-02 1.253028564611789915e-02 1.240152282399155717e-02 1.229028046202974844e-02 1.225226723475549180e-02 1.222294542162943518e-02 1.220314963106840754e-02 1.219060856420252879e-02 1.218493978554644266e-02
0.000000000000000000e+00 0.000000000000000000e+00 2.392831029010619170e-01 5.476843070179339412e-02 9.343070179339621473e-05 4.930093070179340786e-02 7.807343126949538303e-02 6.800591692200592953e-02 5.950600726241252192e-02 6.342940339621543078e-02 6.534645921657646073e-02 6.366437968262315950e-02 6.299877004650496215e-02 6.357433032753211088e-02 6.379230153016277050e-02 6.359348851505906841e-02 6.351989204825560231e-02 6.358318162057353951e-02 6.360625051090454396e-02
0.000000000000000000e+00 -2.012461179749810702e-01 3.859635806468521974e-02 1.495596148770524658e-01 1.606622018012351660e-01 1.433949821049197715e-01 1.359129540719969109e-01 1.364473835291385162e-01 1.365554647770134411e-01 1.360272620363911500e-01 1.360113595615951021e-01 1.360765519408092261e-01 1.360810272356544892e-01 1.360693309744695489e-01 1.360728402010324412e-01 1.360775088041868697e-01 1.360798576530578563e-01 1.360800446592100033e-01 1.360808518624325447e-01
0.000000000000000000e+00 0.000000000000000000e+00 -2.024999999999999578e-01 -2.024999999999999578e-01 -2.024999999999999578e-01 -2.209528124999999565e-01 -2.209528124999999565e-01 -2.209528124999999565e-01 -2.226343250390624695e-01 -2.226343250390624695e-01 -2.226343250390624695e-01 -2.227875528691845575e-01 -2.227875528691845575e-01 -2.227875528691845575e-01 -2.228015157552044045e-01 -2.228015157552044045e-01 -2.228015157552044045e-01 -2.228027881231929574e-01 -2.228027881231929574e-01
1.000000000000000000e+00 1.000000000000000000e+00 1.000000000000000000e+00 1.000000000000000000e+00 1.000000000000000000e+00 1.000000000000000000e+00 1.000000000000000000e+00 1.000000000000000000e+00 1.000000000000000000e+00 1.000000000000000000e+00 1.000000000000000000e+00 1.000000000000000000e+00 1.000000000000000000e+00 1.000000000000000000e+00 1.000000000000000000e+00 1.000000000000000000e+00 1.000000000000000000e+00 1.000000000000000000e+00 1.000000000000000000e+00
0.000000000000000000e+00 2.323790007724450546e-01 3.354435845772125169e-01 3.024109406031389446e-01 2.604532683769155699e-01 2.973115222192448392e-01 3.273415442210635407e-01 3.230083151613120096e-01 3.185066865196006791e-01 3.181128605341242421e-01 3.186219647652132614e-01 3.187710778517520716e-01 3.187086064918759343e-01 3.186723279716991986e-01 3.186870314465176657e-01 3.186884287292788276e-01 3.186806306793117383e-01 3.186787829249865256e-01 3.186796931670706767e-01
0.000000000000000000e+00 0.000000000000000000e+00 0.000000000000000000e+00 -2.218276357895923590e-02 -5.912702747319087404e-02 -6.107254728170059821e-02 -5.695080712636417519e-02 -6.602713913216580466e-02 -7.201200109180630471e-02 -7.536630168318675382e-02 -7.567857604957760331e-02 -7.662355287968299067e-02 -7.707072273529923245e-02 -7.741875419182793483e-02 -7.756850667548917388e-02 -7.769420718270503290e-02 -7.776006206928338937e-02 -7.780515768666260157e-02 -7.782731676757628780e-02
0.000000000000000000e+00 4.435193518440699867e-01 1.017857768555879144e-01 7.500881251396826488e-02 1.527650200370964106e-01 1.767146255649902076e-01 1.695728824941147572e-01 1.697103188025085863e-01 1.696716878949321994e-01 1.702756776065731670e-01 1.704959487609945257e-01 1.702401995667133794e-01 1.702092102171584576e-01 1.702870656307103603e-01 1.702622665297239823e-01 1.702459254305978276e-01 1.702502730424911292e-01 1.702516664634806942e-01 1.702491933327719698e-01
0.000000000000000000e+00 2.323790007724450546e-01 2.323790007724450546e-01 2.323790007724450546e-01 2.688245296242336990e-01 2.590812714761414615e-01 2.523819395928059151e-01 2.530694719493286615e-01 2.545119733126885997e-01 2.541248705391199736e-01 2.537651292804576908e-01 2.537921969785008058e-01 2.538408902967645986e-01 2.537940489573494718e-01 2.537711375968447758e-01 2.537732783931885838e-01 2.537749737321507992e-01 2.537707373501438268e-01 2.537689932797975167e-01
1.000000000000000000e+00 9.999999999999997780e-02 9.999999999999997780e-02 9.999999999999997780e-02 9.999999999999997780e-02 9.999999999999997780e-02 9.999999999999997780e-02 9.999999999999997780e-02 9.999999999999997780e-02 9.999999999999997780e-02 9.999999999999997780e-02 9.999999999999997780e-02 9.999999999999997780e-02 9.999999999999997780e-02 9.999999999999997780e-02 9.999999999999997780e-02 9.999999999999997780e-02 9.999999999999997780e-02 9.999999999999997780e-02
0.000000000000000000e+00 -2.012461179749810702e-01 -2.012461179749810702e-01 -2.012461179749810702e-01 -1.654124449400387609e-01 -1.720262644731096191e-01 -1.798456845239492230e-01 -1.786524992112286103e-01 -1.768510569478267402e-01 -1.777953605634507994e-01 -1.782574936555287315e-01 -1.782993541521783187e-01 -1.782506863138864639e-01 -1.783255120793839910e-01 -1.783561321898305407e-01 -1.783648075564141788e-01 -1.783667563867925299e-01 -1.783742210971535902e-01 -1.783774462758364043e-01
0.000000000000000000e+00 0.000000000000000000e+00 -3.952395295441559625e-02 -4.553917374090567238e-02 -4.332904049834312987e-02 -2.407351238552719180e-02 -3.699513625519607052e-02 -3.711820987097291108e-02 -3.543505484534627270e-02 -3.414251875216251647e-02 -3.533188569391615408e-02 -3.537293219313894510e-02 -3.541008446755754963e-02 -3.536103138300983328e-02 -3.543362098054793352e-02 -3.543694317218538947e-02 -3.544520415047271167e-02 -3.544415535160761604e-02 -3.545058640552066487e-02
0.000000000000000000e+00 0.000000000000000000e+00 -3.952395295441559625e-02 -3.952395295441559625e-02 -1.444772696483511559e-02 -2.319990037827423038e-02 -2.961826054570201525e-02 -2.691703503481639864e-02 -2.392025900702764510e-02 -2.493832249879134738e-02 -2.568365606260231485e-02 -2.576835812544596427e-02 -2.571862075924898072e-02 -2.579535225510001459e-02 -2.584150109864166364e-02 -2.585646952264449017e-02 -2.585955591340678358e-02 -2.586836947432562608e-02 -2.587350242622258809e-02
0.000000000000000000e+00 2.598076211353316234e-01 1.343418996855124115e-01 1.343418996855124115e-01 1.343418996855124115e-01 1.719115523187075001e-01 1.937118610384906958e-01 1.848532728079247955e-01 1.797323366142478673e-01 1.795215494322529581e-01 1.798632956535752281e-01 1.798217027041507654e-01 1.797766065634682775e-01 1.797828647941309699e-01 1.797679601220477652e-01 1.797605586692972712e-01 1.797568644035579255e-01 1.797548563755035078e-01 1.797535767403490858e-01
0.000000000000000000e+00 2.846049894151541082e-01 2.846049894151541082e-01 2.846049894151541082e-01 3.433639642743035458e-01 3.878184667813113773e-01 3.737255687615405053e-01 3.634193408038747797e-01 3.623327995072432861e-01 3.633474036352665193e-01 3.634420278573851637e-01 3.633710620747330755e-01 3.633647113314064647e-01 3.633643087576321484e-01 3.633616379690809417e-01 3.633578073317096369e-01 3.633546794685640902e-01 3.633550382048789662e-01 3.633548320063236248e-01
0.000000000000000000e+00 0.000000000000000000e+00 2.110278299809773828e-01 2.355502621550725414e-02 -5.668650929168347202e-03 3.148525095733398227e-02 5.374407253144611318e-02 4.674031490475154260e-02 4.269679607616922584e-02 4.355017560243341218e-02 4.407872633236409321e-02 4.358920251712580102e-02 4.339008483635102553e-02 4.342364352829074237e-02 4.345049338745091139e-02 4.340809112523985602e-02 4.339042009025513569e-02 4.338991803843969541e-02 4.338910732890248478e-02
0.000000000000000000e+00 0.000000000000000000e+00 1.691987046846993303e-01 3.872712874418361706e-02 6.606548280912346292e-05 3.486102241804617252e-02 5.520625268116204076e-02 4.808744501635938556e-02 4.207710125658783995e-02 4.485136126808095258e-02 4.620692443857139092e-02 4.501751459361789942e-02 4.454685750629561874e-02 4.495384008399154474e-02 4.510796899947506350e-02 4.496738696830709925e-02 4.491534640755899532e-02 4.496009889332340526e-02 4.497641106211090756e-02
0.000000000000000000e+00 0.000000000000000000e+00 -1.051027747175065953e-02 -2.632932815747220795e-03 3.038900051187475027e-02 7.606678649231836224e-03 2.900955982346763596e-03 7.207023059553809702e-03 8.411113660015356180e-03 6.474819070777970871e-03 5.681951984253844415e-03 5.605000300763874482e-03 5.569650608190223652e-03 5.448120396583527175e-03 5.387550108452136659e-03 5.358746585221240560e-03 5.347452843101382913e-03 5.333781463006878609e-03 5.326116585335927828e-03
0.000000000000000000e+00 0.000000000000000000e+00 1.909188309203678491e-01 3.508405044914137405e-01 3.050500593608742594e-01 2.715632090951405342e-01 2.694435161793838351e-01 2.727401535770495600e-01 2.730476052626336081e-01 2.729455726154667028e-01 2.729249378699779571e-01 2.729236298329584254e-01 2.729266659148553154e-01 2.729142194620308159e-01 2.729040564532910773e-01 2.729062894898026115e-01 2.729056195123698014e-01 2.729038799427877526e-01 2.729034315033073144e-01
0.000000000000000000e+00 0.000000000000000000e+00 0.000000000000000000e+00 5.433645185324489230e-02 8.151240556671598969e-02 6.848021641502359536e-02 5.894969174959762553e-02 5.667531597313995445e-02 5.761355542480820630e-02 5.770105770852951982e-02 5.751973966619692430e-02 5.751386691467551271e-02 5.751349464081342844e-02 5.750048229717955039e-02 5.749693997460515738e-02 5.749404753161036635e-02 5.749341857546986373e-02 5.749322789654966875e-02 5.749273280636717914e-02
0.000000000000000000e+00 0.000000000000000000e+00 0.000000000000000000e+00 3.147785884338873824e-02 4.492190458613178061e-02 3.005142338628447388e-02 3.445711592155960984e-02 3.852697890916743223e-02 3.403801732140227659e-02 3.292814182992637867e-02 3.244684937553164034e-02 3.249474282076406095e-02 3.224223729976977149e-02 3.216279831194295696e-02 3.208519407809394541e-02 3.206000956790996947e-02 3.203203276231143121e-02 3.201939443588758955e-02 3.200998833625418039e-02
0.000000000000000000e+00 0.000000000000000000e+00 1.030645838047674623e-01 6.152122324964785088e-02 4.003481369814658464e-02 5.020911253537983093e-02 5.951277403311807518e-02 6.127156642589000335e-02 6.194972532677139876e-02 6.218991980582277285e-02 6.241852741839715862e-02 6.255370960947904957e-02 6.254394797583295862e-02 6.253316004852546572e-02 6.254728827413853776e-02 6.254671652538970616e-02 6.254270912319889741e-02 6.254224700332215725e-02 6.254240101141468611e-02
0.000000000000000000e+00 0.000000000000000000e+00 0.000000000000000000e+00 0.000000000000000000e+00 3.489145908616327063e-02 3.894601169646487535e-03 -9.372579056830934513e-04 5.205788950653708787e-03 8.886074922079137753e-03 7.728069730521011475e-03 7.059512072584005205e-03 7.200610319333262607e-03 7.288001191759902776e-03 7.207063051171387971e-03 7.174140822796528684e-03 7.179689435635439564e-03 7.184128806321478898e-03 7.177117992642396450e-03 7.174196253863985261e-03
0.000000000000000000e+00 0.000000000000000000e+00 0.000000000000000000e+00 0.000000000000000000e+00 0.000000000000000000e+00 0.000000000000000000e+00 0.000000000000000000e+00 0.000000000000000000e+00 0.000000000000000000e+00 0.000000000000000000e+00 0.000000000000000000e+00 0.000000000000000000e+00 0.000000000000000000e+00 0.000000000000000000e+00 0.000000000000000000e+00 0.000000000000000000e+00 0.000000000000000000e+00 0.000000000000000000e+00 0.000000000000000000e+00
0.000000000000000000e+00 0.000000000000000000e+00 -1.431891231902758521e-01 -1.431891231902758521e-01 -1.431891231902758521e-01 -1.562372320409897153e-01 -1.562372320409897153e-01 -1.562372320409897153e-01 -1.574262409600110380e-01 -1.574262409600110380e-01 -1.574262409600110380e-01 -1.575345893977568579e-01 -1.575345893977568579e-01 -1.575345893977568579e-01 -1.575444626491464273e-01 -1.575444626491464273e-01 -1.575444626491464273e-01 -1.575453623491792909e-01 -1.575453623491792909e-01
0.000000000000000000e+00 0.000000000000000000e+00 1.350000000000000089e-01 2.025191998407880334e-01 1.701404655754330253e-01 1.464616866719542221e-01 1.408109546246895383e-01 1.431420292836921571e-01 1.433594304554558496e-01 1.429089421574526453e-01 1.428943511889894935e-01 1.428934262671429645e-01 1.428610968394630476e-01 1.428522958682690858e-01 1.428451095358719558e-01 1.428435468817774723e-01 1.428430731361914618e-01 1.428418430747436518e-01 1.428412396973486598e-01
0.000000000000000000e+00 4.499999999999999001e-01 4.499999999999999001e-01 4.044374999999999498e-01 4.044374999999999498e-01 4.044374999999999498e-01 4.002856171874998870e-01 4.002856171874998870e-01 4.002856171874998870e-01 3.999072768662108590e-01 3.999072768662108590e-01 3.999072768662108590e-01 3.998728006044334204e-01 3.998728006044334204e-01 3.998728006044334204e-01 3.998696589550789215e-01 3.998696589550789215e-01 3.998696589550789215e-01 3.998693726722815089e-01
0.000000000000000000e+00 0.000000000000000000e+00 0.000000000000000000e+00 0.000000000000000000e+00 2.467198732531902111e-02 -1.945088969571303131e-02 -3.141250428195898389e-03 4.277515947179533554e-03 2.970460033943964680e-03 -1.904929400465911926e-04 7.371539765193731977e-05 5.989544129291777879e-04 5.709547170549235037e-04 4.581075983321384161e-04 4.863367846565944466e-04 5.112118242632388487e-04 5.108198177914227180e-04 5.030372256926396142e-04 5.054328988942714037e-04
0.000000000000000000e+00 0.000000000000000000e+00 0.000000000000000000e+00 0.000000000000000000e+00 8.541838389869268328e-03 1.219001746748273919e-02 8.154760564506854936e-03 9.350290216603173582e-03 1.045468909207999259e-02 9.236563532403487334e-03 8.935387485829563575e-03 8.804783864275843655e-03 8.817780239637484224e-03 8.749260288404015970e-03 8.727703707975612013e-03 8.706645006772144313e-03 8.699810932796850707e-03 8.692219140951145881e-03 8.688789602037207127e-03
0.000000000000000000e+00 3.674234614174767266e-01 6.751928657024726110e-01 5.870691129610401404e-01 5.226236395769267018e-01 5.185442886585550637e-01 5.248886702884313360e-01 5.254803613332138523e-01 5.252839994121873968e-01 5.252442878259787618e-01 5.252417705075610455e-01 5.252476134498959004e-01 5.252236602402668986e-01 5.252041015208279706e-01 5.252083990015982140e-01 5.252071096294275154e-01 5.252037618262059837e-01 5.252028988040234880e-01 5.252028300935757121e-01
0.000000000000000000e+00 -4.499999999999999001e-01 -4.499999999999999001e-01 -4.499999999999999001e-01 -4.910062499999998664e-01 -4.910062499999998664e-01 -4.910062499999998664e-01 -4.947429445312498952e-01 -4.947429445312498952e-01 -4.947429445312498952e-01 -4.950834508204101092e-01 -4.950834508204101092e-01 -4.950834508204101092e-01 -4.951144794560097817e-01 -4.951144794560097817e-01 -4.951144794560097817e-01 -4.951173069404287697e-01 -4.951173069404287697e-01 -4.951173069404287697e-01
0.000000000000000000e+00 0.000000000000000000e+00 -1.169134295108992111e-01 -1.169134295108992111e-01 -1.537101853165542820e-01 -1.723231411858237028e-01 -1.789070466584708474e-01 -1.828670406084887123e-01 -1.869945747996952790e-01 -1.913544410377029659e-01 -1.933616630873012110e-01 -1.944120064062110909e-01 -1.949320246541771384e-01 -1.953281870511453244e-01 -1.955734566930904250e-01 -1.957141675379105994e-01 -1.957968335505737845e-01 -1.958521545208059267e-01 -1.958843447834257567e-01
0.000000000000000000e+00 0.000000000000000000e+00 0.000000000000000000e+00 -1.822499999999999676e-01 -1.822499999999999676e-01 -1.822499999999999676e-01 -1.988575312499999692e-01 -1.988575312499999692e-01 -1.988575312499999692e-01 -2.003708925351562198e-01 -2.003708925351562198e-01 -2.003708925351562198e-01 -2.005087975822661128e-01 -2.005087975822661128e-01 -2.005087975822661128e-01 -2.005213641796839696e-01 -2.005213641796839696e-01 -2.005213641796839696e-01 -2.005225093108736756e-01
0.000000000000000000e+00 -2.598076211353316234e-01 1.354319084088243842e-02 7.685153983517567511e-02 2.060969870553461605e-02 4.805001885949600725e-03 1.725010082231779110e-02 2.546345090627833915e-02 2.312798667482774892e-02 2.156113478916170043e-02 2.200260619551028946e-02 2.225193255201482478e-02 2.211329664578012832e-02 2.204400316785274164e-02 2.206876626404860250e-02 2.208283489210705400e-02 2.207181802161734679e-02 2.206689945381016746e-02 2.206821487827712383e-02
0.000000000000000000e+00 0.000000000000000000e+00 0.000000000000000000e+00 -6.443510543562414039e-02 -6.443510543562414039e-02 -6.443510543562414039e-02 -7.030675441844537465e-02 -7.030675441844537465e-02 -7.030675441844537465e-02 -7.084180843200496569e-02 -7.084180843200496569e-02 -7.084180843200496569e-02 -7.089056522899059298e-02 -7.089056522899059298e-02 -7.089056522899059298e-02 -7.089500819211588811e-02 -7.089500819211588811e-02 -7.089500819211588811e-02 -7.089541305713067953e-02
0.000000000000000000e+00 0.000000000000000000e+00 0.000000000000000000e+00 1.096532770014179009e-01 1.223955065366262585e-02 -2.945517425907631139e-03 1.636021630414772818e-02 2.792623926903946979e-02 2.428698005303956547e-02 2.218590603729977614e-02 2.262933504658836553e-02 2.290397806217363275e-02 2.264961402632132900e-02 2.254614944438516899e-02 2.256358705222771474e-02 2.257753864830015778e-02 2.255550578654853811e-02 2.254632364742377784e-02 2.254606277364806441e-02
1.000000000000000000e+00 9.999999999999997780e-02 9.999999999999997780e-02 9.999999999999997780e-02 9.999999999999997780e-02 9.999999999999997780e-02 9.999999999999997780e-02 9.999999999999997780e-02 9.999999999999997780e-02 9.999999999999997780e-02 9.999999999999997780e-02 9.999999999999997780e-02 9.999999999999997780e-02 9.999999999999997780e-02 9.999999999999997780e-02 9.999999999999997780e-02 9.999999999999997780e-02 9.999999999999997780e-02 9.999999999999997780e-02
0.000000000000000000e+00 0.000000000000000000e+00 0.000000000000000000e+00 0.000000000000000000e+00 0.000000000000000000e+00 0.000000000000000000e+00 0.000000000000000000e+00 0.000000000000000000e+00 0.000000000000000000e+00 0.000000000000000000e+00 0.000000000000000000e+00 0.000000000000000000e+00 0.000000000000000000e+00 0.000000000000000000e+00 0.000000000000000000e+00 0.000000000000000000e+00 0.000000000000000000e+00 0.000000000000000000e+00 0.000000000000000000e+00
0.000000000000000000e+00 0.000000000000000000e+00 0.000000000000000000e+00 0.000000000000000000e+00 0.000000000000000000e+00 0.000000000000000000e+00 0.000000000000000000e+00 0.000000000000000000e+00 0.000000000000000000e+00 0.000000000000000000e+00 0.000000000000000000e+00 0.000000000000000000e+00 0.000000000000000000e+00 0.000000000000000000e+00 0.000000000000000000e+00 0.000000000000000000e+00 0.000000000000000000e+00 0.000000000000000000e+00 0.000000000000000000e+00
1.000000000000000000e+00 1.000000000000000000e+00 1.000000000000000000e+00 1.000000000000000000e+00 1.000000000000000000e+00 1.000000000000000000e+00 1.000000000000000000e+00 1.000000000000000000e+00 1.000000000000000000e+00 1.000000000000000000e+00 1.000000000000000000e+00 1.000000000000000000e+00 1.000000000000000000e+00 1.000000000000000000e+00 1.000000000000000000e+00 1.000000000000000000e+00 1.000000000000000000e+00 1.000000000000000000e+00 1.000000000000000000e+00
0.000000000000000000e+00 4.499999999999999001e-01 4.499999999999997752e-02 -1.038065018740780832e-01 3.011934981259218116e-02 7.932684981259216506e-02 3.504009981259217227e-02 1.876810883266174027e-02 3.341290071459913219e-02 3.879374083959913344e-02 3.395098472709912746e-02 3.217164251344373921e-02 3.377305050573359280e-02 3.436144537340234811e-02 3.383188999250047457e-02 3.363731892143725227e-02 3.381243288539414332e-02 3.387677386417372455e-02 3.381886698327210561e-02
0.000000000000000000e+00 0.000000000000000000e+00 0.000000000000000000e+00 0.000000000000000000e+00 8.541838389869268328e-03 1.219001746748273919e-02 8.154760564506854936e-03 9.350290216603173582e-03 1.045468909207999259e-02 9.236563532403487334e-03 8.935387485829563575e-03 8.804783864275843655e-03 8.817780239637484224e-03 8.749260288404015970e-03 8.727703707975612013e-03 8.706645006772144313e-03 8.699810932796850707e-03 8.692219140951145881e-03 8.688789602037207127e-03
0.000000000000000000e+00 0.000000000000000000e+00 0.000000000000000000e+00 3.137116510428008403e-02 4.706120929623743010e-02 4.267554320945216723e-02 3.851351881291766033e-02 3.571775928714129855e-02 3.669871773012675642e-02 3.715501925480121925e-02 3.660276732467411531e-02 3.648871754447412935e-02 3.644051577735471503e-02 3.643777827047616630e-02 3.641055727192592933e-02 3.640096692578693310e-02 3.639286633690077405e-02 3.639024524925928150e-02 3.638717000637084475e-02
0.000000000000000000e+00 0.000000000000000000e+00 0.000000000000000000e+00 0.000000000000000000e+00 6.654829073687773024e-03 1.643811064564294766e-02 1.646654371750253670e-02 1.584415460516562513e-02 1.838510442009078441e-02 2.001248257635186018e-02 2.120416145199594676e-02 2.134368028079161247e-02 2.164705012757335914e-02 2.177922314274731083e-02 2.189406075310811745e-02 2.194226723257099165e-02 2.198318234597436069e-02 2.200397890183664745e-02 2.201866299537127633e-02
0.000000000000000000e+00 0.000000000000000000e+00 0.000000000000000000e+00 2.498001805406602278e-17 6.245004513516505694e-18 -3.256672275603334098e-18 3.122502256758252847e-18 1.249000902703301139e-17 1.249000902703301139e-17 3.122502256758252847e-18 0.000000000000000000e+00 6.245004513516505694e-18 6.245004513516505694e-18 1.249000902703301139e-17 6.245004513516505694e-18 0.000000000000000000e+00 6.245004513516505694e-18 6.245004513516505694e-18 6.245004513516505694e-18
