name a20 apoptosis bclxl bid caspase ceramide creb ctla4 cytoskeletonsignaling disc erk fas fasl fast flip fyn gap gpcr grb2 gzmb iap ifng ifngt il2 il2ra il2rat il2rb il2rbt jak lck mcl1 mek nfat nfkb p2 p27 pdgfr pi3k plcg1 proliferation rantes ras s1p sfas smad socs sphk1 stat3 tbet tcr tnf tpl2 tradd zap70 il15 stimuli cd45 stimuli2 pdgf tax
L2.1 0.0 0.0 0.0 -0.0 -0.0 0.0 0.1 0.0 -0.0 0.0 0.1 0.0 0.1 0.0 0.0 0.0 0.3 0.1 0.0 0.0 0.0 0.0 0.1 0.1 0.0 0.0 0.1 0.1 0.0 0.0 0.1 0.0 0.1 0.1 0.0 0.0 1.0 0.3 0.3 -0.0 0.0 0.1 0.3 0.1 0.1 -0.0 0.4 -0.0 0.0 0.1 0.0 0.1 -0.0 -0.0 0.1 0.1 0.0 0.0 0.0 0.0
L2.2 0.0 -0.0 0.0 -0.1 -0.0 0.0 0.1 0.1 0.1 0.0 0.2 0.0 0.1 0.0 0.0 0.1 0.3 0.2 0.0 0.0 0.1 0.0 0.1 0.1 0.0 0.0 0.1 0.1 0.1 0.1 0.1 0.1 0.2 0.2 0.0 0.0 1.0 0.5 0.4 0.0 0.0 0.1 0.4 0.1 0.1 -0.0 0.6 0.0 0.0 0.1 0.0 0.1 -0.0 0.0 0.1 0.1 0.0 0.0 0.0 0.0
L2.3 0.1 -0.0 0.0 -0.1 -0.0 0.0 0.1 0.1 0.1 0.0 0.2 0.0 0.2 0.1 0.1 0.2 0.3 0.2 0.1 0.1 0.1 0.0 0.1 0.1 0.0 0.1 0.1 0.1 0.1 0.1 0.1 0.1 0.3 0.3 0.0 0.0 1.0 0.5 0.4 -0.0 0.1 0.2 0.5 0.2 0.2 -0.0 0.6 0.0 0.0 0.0 0.1 0.2 -0.0 0.0 0.1 0.1 0.0 0.0 0.0 0.0
L2.4 0.2 -0.1 0.2 -0.1 -0.1 0.0 0.1 0.1 0.2 0.1 0.3 0.1 0.3 0.2 0.2 0.1 0.3 0.3 0.1 0.1 0.2 0.1 0.2 0.2 0.1 0.1 0.1 0.1 0.2 0.1 0.2 0.2 0.3 0.3 0.0 0.0 1.0 0.5 0.4 -0.0 0.2 0.3 0.5 0.2 0.3 -0.0 0.6 0.1 0.1 -0.0 0.2 0.2 -0.1 0.0 0.1 0.1 0.0 0.0 0.0 0.0
L2.5 0.2 -0.0 0.2 -0.1 -0.1 0.0 0.2 0.0 0.2 0.1 0.4 0.2 0.4 0.2 0.2 0.1 0.3 0.3 0.1 0.1 0.3 0.1 0.3 0.2 0.1 0.2 0.2 0.2 0.3 0.1 0.2 0.2 0.3 0.4 0.1 0.1 1.0 0.5 0.5 0.0 0.2 0.3 0.5 0.3 0.4 0.0 0.6 0.1 0.2 0.0 0.2 0.3 -0.1 0.0 0.1 0.1 0.0 0.0 0.0 0.0
L2.6 0.2 -0.0 0.1 -0.1 -0.0 0.0 0.3 0.1 0.1 0.2 0.4 0.1 0.4 0.2 0.2 0.1 0.3 0.3 0.1 0.2 0.2 0.0 0.3 0.2 0.2 0.3 0.2 0.2 0.3 0.1 0.2 0.2 0.3 0.4 0.2 0.1 1.0 0.5 0.5 -0.0 0.2 0.3 0.5 0.3 0.4 0.0 0.6 0.2 0.3 0.1 0.2 0.3 -0.1 0.0 0.1 0.1 0.0 0.0 0.0 0.0
L2.7 0.2 0.0 0.0 0.0 0.0 0.0 0.2 0.0 0.2 0.1 0.4 0.2 0.4 0.2 0.2 0.2 0.3 0.3 0.2 0.2 0.1 0.0 0.3 0.1 0.1 0.1 0.4 0.4 0.3 0.2 0.3 0.3 0.3 0.4 0.2 0.2 1.0 0.5 0.5 -0.1 0.2 0.3 0.5 0.2 0.4 0.0 0.6 0.2 0.3 0.0 0.2 0.3 -0.0 0.0 0.1 0.1 0.0 0.0 0.0 0.0
L2.8 0.2 0.1 0.0 -0.1 0.1 0.0 0.2 0.1 0.3 0.1 0.4 0.3 0.4 0.2 0.2 0.3 0.3 0.3 0.2 0.2 0.1 0.0 0.3 0.1 0.1 0.1 0.4 0.4 0.3 0.2 0.3 0.3 0.3 0.4 0.2 0.2 1.0 0.5 0.5 -0.1 0.2 0.3 0.5 0.2 0.4 0.0 0.6 0.2 0.3 0.1 0.2 0.3 -0.1 0.0 0.1 0.1 0.0 0.0 0.0 0.0
L2.9 0.2 -0.0 0.1 -0.1 -0.1 0.0 0.2 0.1 0.2 0.1 0.4 0.2 0.4 0.2 0.2 0.2 0.3 0.3 0.2 0.2 0.3 0.0 0.3 0.1 0.1 0.1 0.4 0.4 0.3 0.2 0.3 0.3 0.3 0.4 0.2 0.2 1.0 0.5 0.5 -0.1 0.2 0.3 0.5 0.2 0.4 0.0 0.6 0.2 0.3 -0.0 0.2 0.3 -0.1 0.0 0.1 0.1 0.0 0.0 0.0 0.0
L2.10 0.2 -0.0 0.0 -0.1 -0.0 0.0 0.2 0.0 0.2 0.1 0.4 0.2 0.4 0.2 0.2 0.2 0.3 0.3 0.2 0.2 0.2 0.0 0.3 0.1 0.1 0.1 0.4 0.4 0.3 0.2 0.3 0.3 0.3 0.4 0.2 0.2 1.0 0.5 0.5 -0.1 0.2 0.3 0.5 0.3 0.4 0.0 0.6 0.2 0.3 0.0 0.2 0.3 -0.1 0.0 0.1 0.1 0.0 0.0 0.0 0.0
L2.11 0.2 0.1 -0.0 0.1 0.0 0.0 0.2 0.1 0.2 0.1 0.4 0.2 0.4 0.2 0.2 0.2 0.3 0.3 0.1 0.2 0.2 0.0 0.3 0.1 0.1 0.1 0.3 0.4 0.3 0.2 0.2 0.2 0.3 0.4 0.2 0.2 1.0 0.5 0.5 -0.1 0.2 0.3 0.5 0.2 0.4 0.0 0.6 0.2 0.3 -0.0 0.2 0.3 -0.1 0.0 0.1 0.1 0.0 0.0 0.0 0.0
L2.12 0.2 -0.0 0.1 -0.1 -0.1 0.0 0.2 0.0 0.2 0.1 0.4 0.1 0.4 0.2 0.2 0.2 0.3 0.3 0.2 0.2 0.3 0.0 0.3 0.1 0.1 0.1 0.4 0.4 0.3 0.2 0.3 0.3 0.3 0.4 0.2 0.2 1.0 0.5 0.5 -0.1 0.2 0.3 0.5 0.3 0.4 0.0 0.6 0.2 0.3 0.0 0.2 0.3 -0.1 0.0 0.1 0.1 0.0 0.0 0.0 0.0
L2.13 0.2 -0.0 0.1 -0.1 -0.1 0.0 0.2 0.1 0.3 0.1 0.4 0.1 0.4 0.2 0.2 0.3 0.3 0.3 0.2 0.2 0.3 0.0 0.3 0.1 0.1 0.1 0.4 0.4 0.3 0.2 0.3 0.3 0.3 0.4 0.2 0.2 1.0 0.5 0.5 -0.1 0.2 0.3 0.5 0.3 0.4 0.0 0.6 0.2 0.3 0.1 0.2 0.3 -0.1 0.0 0.1 0.1 0.0 0.0 0.0 0.0
L2.14 0.2 -0.0 0.1 -0.1 -0.1 0.0 0.2 0.1 0.2 0.1 0.4 0.1 0.4 0.2 0.2 0.2 0.3 0.3 0.2 0.2 0.3 0.0 0.3 0.1 0.1 0.1 0.4 0.4 0.3 0.2 0.3 0.3 0.3 0.4 0.2 0.2 1.0 0.5 0.5 -0.1 0.2 0.3 0.5 0.3 0.4 0.0 0.6 0.2 0.3 -0.0 0.2 0.3 -0.1 0.0 0.1 0.1 0.0 0.0 0.0 0.0
L2.15 0.2 0.1 0.0 0.0 0.1 0.0 0.2 0.1 0.2 0.1 0.4 0.1 0.4 0.2 0.1 0.2 0.3 0.3 0.1 0.2 0.2 -0.0 0.3 0.1 0.1 0.2 0.2 0.3 0.2 0.2 0.2 0.2 0.3 0.4 0.2 0.2 1.0 0.5 0.5 0.0 0.2 0.3 0.5 0.2 0.4 0.0 0.6 0.2 0.3 0.0 0.2 0.3 -0.1 0.0 0.1 0.1 0.0 0.0 0.0 0.0
L2.16 0.2 0.1 0.0 -0.1 -0.1 0.0 0.2 0.1 0.3 0.1 0.4 0.2 0.4 0.2 0.2 0.2 0.3 0.3 0.2 0.2 0.2 0.0 0.3 0.1 0.1 0.1 0.4 0.4 0.3 0.2 0.3 0.3 0.3 0.4 0.2 0.2 1.0 0.5 0.5 -0.1 0.2 0.3 0.5 0.3 0.4 0.0 0.6 0.2 0.3 0.0 0.2 0.3 -0.1 0.0 0.1 0.1 0.0 0.0 0.0 0.0
L2.17 0.2 -0.0 0.1 -0.1 -0.1 0.0 0.2 0.1 0.3 0.1 0.4 0.1 0.4 0.2 0.2 0.2 0.3 0.3 0.2 0.2 0.3 0.0 0.3 0.1 0.1 0.1 0.4 0.4 0.3 0.2 0.3 0.3 0.3 0.4 0.2 0.2 1.0 0.5 0.5 -0.1 0.2 0.3 0.5 0.3 0.4 0.0 0.6 0.2 0.3 0.0 0.2 0.3 -0.1 0.0 0.1 0.1 0.0 0.0 0.0 0.0
