ID	Gene symbol ID	MDA_MB-231_MCF10A.fc	MDA_MB-231_MCF10A.baseMean	MDA_MB-231_MCF10A.lfcSE	MDA_MB-231_MCF10A.stat	MDA_MB-231_MCF10A.raw.pval	MDA_MB-231_MCF10A.bh.pval
ENSG00000004897	CDC27	1.611937839	2817.170162	0.196510662	3.505133525	4.56E-04	0.001309465
ENSG00000005339	CREBBP	-1.256685468	1457.524964	0.2046045	-1.611028142	0.107173589	0.163090244
ENSG00000012048	BRCA1	2.811701001	426.7738874	0.40140567	3.715550867	2.03E-04	6.35E-04
ENSG00000033800	PIAS1	-1.812271525	879.7488544	0.176253388	-4.866851839	1.13E-06	5.43E-06
ENSG00000048392	RRM2B	-7.905547381	1935.198578	0.125870134	-23.69795974	3.78E-124	3.12E-121
ENSG00000072062	PRKACA	-1.34504662	1799.25257	0.144981974	-2.949719647	0.003180624	0.007458077
ENSG00000075643	MOCOS	2.333713494	424.4300043	0.321090734	3.807731975	1.40E-04	4.54E-04
ENSG00000077238	IL4R	1.671651181	542.5973316	0.180025236	4.117610681	3.83E-05	1.38E-04
ENSG00000077312	SNRPA	1.885980557	1079.405729	0.166204412	5.50716308	3.65E-08	2.21E-07
ENSG00000080986	NDC80	4.569685712	456.0021207	0.381148618	5.751286609	8.86E-09	5.84E-08
ENSG00000085365	SCAMP1	1.080088353	997.5515428	0.225291134	0.493358663	0.621759185	0.701089234
ENSG00000086758	HUWE1	1.739825824	3814.246358	0.149049578	5.360249219	8.31E-08	4.79E-07
ENSG00000087586	AURKA	6.547791762	1311.431926	0.366844719	7.390070783	1.47E-13	1.72E-12
ENSG00000088325	TPX2	4.103855693	3737.825745	0.335973538	6.06291797	1.34E-09	9.98E-09
ENSG00000090339	ICAM1	37.51558599	1322.722792	0.506307629	10.3285392	5.24E-25	1.43E-23
ENSG00000096063	SRPK1	4.53339732	3469.989004	0.187414159	11.63515402	2.73E-31	1.04E-29
ENSG00000096968	JAK2	-2.792677879	125.1810022	0.212700206	-6.96590381	3.26E-12	3.32E-11
ENSG00000100393	EP300	1.188442026	1064.263546	0.2204883	1.129636035	0.25862962	0.343551119
ENSG00000101266	CSNK2A1	-1.028718974	2654.563762	0.07270902	-0.561813662	0.574242983	0.656923338
ENSG00000104852	SNRNP70	1.35645327	1805.5513	0.256784869	1.712870968	0.08673628	0.136590051
ENSG00000105229	PIAS4	1.590367447	238.4143509	0.1834349	3.649033703	2.63E-04	8.00E-04
ENSG00000105325	FZR1	-1.175698022	530.8419246	0.11862426	-1.968548008	0.049005018	0.083235771
ENSG00000105974	CAV1	-1.994615522	16653.28955	0.482693635	-2.063649924	0.03905092	0.068358476
ENSG00000107643	MAPK8	1.203796346	461.269615	0.250564544	1.067953741	0.285541379	0.372727283
ENSG00000108654	DDX5	-1.245712999	8134.591518	0.212503783	-1.491605086	0.135802704	0.199790713
ENSG00000109320	NFKB1	-1.092270485	803.4300702	0.083934672	-1.517015068	0.12926288	0.191675814
ENSG00000110395	CBL	-1.019768817	806.4931035	0.098415909	-0.286967107	0.774137507	0.832202334
ENSG00000112592	TBP	1.690901245	336.1815595	0.261564402	2.897154192	0.003765646	0.00869293
ENSG00000115414	FN1	-72.85080794	524914.5696	0.383173703	-16.14639267	1.20E-58	1.34E-56
ENSG00000115750	TAF1B	2.389996185	418.0366823	0.161130063	7.801202886	6.13E-15	8.24E-14
ENSG00000116017	ARID3A	-3.699094035	146.0305279	0.161076895	-11.71596942	1.06E-31	4.10E-30
ENSG00000116478	HDAC1	1.203916443	1291.376445	0.123255893	2.172190396	0.029841305	0.054075876
ENSG00000117399	CDC20	5.900404001	1278.027208	0.467860721	5.473453157	4.41E-08	2.65E-07
ENSG00000123374	CDK2	1.833357825	667.5312483	0.384930861	2.271806393	0.023098207	0.04319987
ENSG00000123384	LRP1	-11.2854846	4195.866807	0.738467094	-4.734667928	2.19E-06	1.00E-05
ENSG00000125743	SNRPD2	1.647149691	1955.99125	0.151295063	4.758725487	1.95E-06	8.95E-06
ENSG00000130177	CDC16	-1.290357539	1031.102008	0.119407602	-3.07996195	0.00207027	0.005098304
ENSG00000131747	TOP2A	3.961505736	5396.045282	0.341656575	5.812997712	6.14E-09	4.17E-08
ENSG00000131788	PIAS3	-2.504350493	1663.88061	0.098312596	-13.47168664	2.30E-41	1.40E-39
ENSG00000135046	ANXA1	1.398617116	6589.281379	0.132002897	3.666594272	2.46E-04	7.53E-04
ENSG00000135605	TEC	2.319562196	53.94028876	0.27953934	4.342331678	1.41E-05	5.52E-05
ENSG00000136603	SKIL	-7.592318357	1469.526473	0.301516573	-9.699435303	3.03E-22	7.12E-21
ENSG00000137801	THBS1	-4.594081631	49320.22474	0.395570262	-5.561025942	2.68E-08	1.66E-07
ENSG00000139687	RB1	-1.377800962	1555.228895	0.194020766	-2.38308249	0.017168347	0.033288594
ENSG00000140464	PML	-1.121605977	1116.275135	0.246086963	-0.67279445	0.501078069	0.589152983
ENSG00000141510	TP53	1.816125988	1237.740669	0.249350005	3.452433417	5.56E-04	0.001564238
ENSG00000145386	CCNA2	4.794277318	1566.370482	0.456089055	4.958052248	7.12E-07	3.54E-06
ENSG00000146648	EGFR	1.853089035	3144.034545	0.201943932	4.406828136	1.05E-05	4.21E-05
ENSG00000149948	HMGA2	-5.020612806	2574.915052	0.191874032	-12.13224869	7.13E-34	3.10E-32
ENSG00000152465	NMT2	2.451917673	685.1312095	0.084150617	15.37612663	2.37E-53	2.15E-51
ENSG00000154229	PRKCA	-1.455385468	2631.900524	0.163882607	-3.303592257	9.55E-04	0.002547173
ENSG00000160691	SHC1	-3.504329064	8898.554816	0.247865388	-7.298874059	2.90E-13	3.31E-12
ENSG00000161057	PSMC2	1.47047102	1610.058674	0.294887887	1.886406245	0.059240232	0.098190644
ENSG00000161638	ITGA5	-1.00330374	10007.64013	0.368256041	-0.012921536	0.989690393	0.992502013
ENSG00000163235	TGFA	24.4348958	576.4193393	0.219617304	20.99502622	7.28E-98	3.21E-95
ENSG00000164104	HMGB2	2.357801207	1378.505292	0.327775868	3.775269041	1.60E-04	5.12E-04
ENSG00000164109	MAD2L1	4.467610281	540.9949192	0.463345083	4.660680387	3.15E-06	1.39E-05
ENSG00000164162	ANAPC10	1.224338198	195.6461338	0.221131585	1.320490363	0.186671351	0.261963261
ENSG00000164611	PTTG1	3.501216526	740.5537986	0.394146028	4.586767742	4.50E-06	1.94E-05
ENSG00000168610	STAT3	1.167308955	2037.481955	0.233579961	0.955503432	0.339323171	0.429944633
ENSG00000169679	BUB1	6.508973858	1246.262347	0.384016059	7.037284127	1.96E-12	2.04E-11
ENSG00000170027	YWHAG	1.153388603	4004.293133	0.190418849	1.081188513	0.279613267	0.366149646
ENSG00000170312	CDK1	4.031247452	959.784978	0.392913032	5.118757021	3.08E-07	1.62E-06
ENSG00000170836	PPM1D	-1.641658435	298.4974268	0.128715157	-5.556097711	2.76E-08	1.70E-07
ENSG00000171150	SOCS5	-1.959727125	645.7322537	0.126688702	-7.66171544	1.83E-14	2.34E-13
ENSG00000175216	CKAP5	2.158403683	4097.978536	0.221396638	5.013466895	5.35E-07	2.71E-06
ENSG00000175387	SMAD2	-1.218804894	1189.520629	0.091005257	-3.136820954	0.001707904	0.004296681
ENSG00000177479	ARIH2	1.341687863	1199.420946	0.080562292	5.263617301	1.41E-07	7.85E-07
ENSG00000177885	GRB2	1.12488381	1334.630827	0.261839996	0.648395948	0.51672889	0.605021365
ENSG00000179295	PTPN11	2.04117284	3542.518728	0.246981717	4.167913171	3.07E-05	1.12E-04
ENSG00000196504	PRPF40A	1.158469146	2915.5465	0.205581549	1.032289238	0.301936641	0.390579751
ENSG00000197386	HTT	-1.004238385	714.3871278	0.12839125	-0.047524854	0.962094922	0.973281157
ENSG00000197467	COL13A1	70.98401869	304.7667741	0.43122295	14.26042456	3.86E-46	2.66E-44
ENSG00000213341	CHUK	1.756902959	546.6034781	0.249077193	3.264186885	0.001097787	0.002890793
ENSG00000253729	PRKDC	1.386208256	3450.818803	0.28716715	1.640661251	0.100867753	0.154925545
