apoptosis Clusters: 
{0, 1, 2, 3, 4, 5, 6, 7, 8, 10, 11, 12, 13, 14}

Cluster Number_of_attrs Percent_of_attrs Percent_of_cluster
5 8307 40.23 81.04
7 6366 30.83 79.14
6 1395 6.76 23.75
10 1329 6.44 24.41
14 815 3.95 30.77
8 586 2.84 20.23
12 473 2.29 7.03
1 439 2.13 6.44
0 311 1.51 6.29
13 223 1.08 9.65
4 169 0.82 2.96
3 82 0.4 0.78
2 77 0.37 0.53
11 75 0.36 0.85


leukemia Clusters: 
{0, 1, 2, 3, 4, 5, 6, 7, 8, 9, 11, 12, 13, 14}

Cluster Number_of_attrs Percent_of_attrs Percent_of_cluster
9 179 42.32 4.08
2 51 12.06 0.35
11 42 9.93 0.47
4 40 9.46 0.7
3 22 5.2 0.21
12 20 4.73 0.3
13 17 4.02 0.74
7 13 3.07 0.16
8 10 2.36 0.35
1 9 2.13 0.13
0 9 2.13 0.18
14 5 1.18 0.19
5 4 0.95 0.04
6 2 0.47 0.03


Unique Apop Clusters:
[10]
Unique Leuk Clusters:
[9]