zscore
161.9215825
10.70666658
143.3547713
0.106288403
-120.5551609
57.20095765
1.660812162
-30.46441143
73.34422835
-2.600964533
-1.978239421
127.7801057
1.969896261
-0.299496361
-1.603634641
5.869914176
0.471555076
47.239173
-0.771848985
31.11768519
-2.141052388
-1.677603715
4.483344599
-3.324489622
0.296496595
-57.45103586
-46.36987175
-53.03980647
-50.26244506
33.71119643
2.809283264
58.13681273
2.786916177
-18.95495261
31.57381441
6.726162001
-24.29892576
33.62421267
1.580825843
-1.195306359
-21.74311567
-26.05185173
-77.5863211
0.799005074
-0.061256526
35.93569582
-10.85753264
2.516244648
2.285814273
-62.71454149
0.380333092
-1.551775969
1.694278822
-6.250574002
-6.879658159
-0.454817595
28.87768275
-52.19053701
-41.81655261
-3.590668228
-0.606525063
41.3141733
3.298704433
2.667183799
-2.722818052
1.73997178
-0.272831287
0.269417475
13.43563315
-53.13051958
-0.868294751
-53.8900419
-6.416953517
-3.329784526
33.94443593
1.405169195
-0.146901109
-37.68692523
-2.272810026
-3.265154981
-0.67898184
57.6948805
-28.1641681
1.000465783
-1.67221432
2.245655952
19.61540279
2.164396324
0.597011164
-0.519499144
-23.78053308
-1.689737129
20.43219797
-4.713528146
105.6468553
-93.04132918
21.1718382
80.63910157
-4.146356189
2.542656062
-27.17163732
-2.280163793
-2.038616997
-0.063736382
-2.451637926
-8.60172748
-14.19108685
33.74795299
2.414734155
33.81923432
-82.90879174
83.35781051
30.4461443
3.404176543
-2.752316649
0.785331468
22.28990237
3.80505496
1.561418521
-0.63379191
-0.19520724
19.01198372
2.819986163
-4.108544505
7.386774689
2.350287255
-1.720563823
-0.517821979
27.19841752
4.479533384
-1.499811266
6.301393421
-3.903448378
21.25167798
0.704658879
-0.514777464
-12.04859786
-24.07738191
0.531717279
-1.28132656
2.144886347
-2.559911269
-1.96718866
34.966029
2.888969243
25.46007722
0.179173448
-28.6993555
22.01808825
0.532013178
14.76896339
-54.86773243
2.019033265
-52.83776331
25.29538346
-33.83209336
4.4791326
22.36846488
-18.76623343
15.18336093
7.302863092
-3.469887575
3.213525912
-74.19520631
-26.86723528
-27.56372238
17.59694874
-0.86993755
-16.046775
23.00051711
2.591091536
0.416753487
25.55105102
-18.48276521
-9.312956626
-1.697728402
2.069763727
1.44378431
1.043798535
3.158034443
37.57187821
-0.568242601
-1.7501753
-3.015273646
32.78535739
-2.31074217
2.485199341
-2.455137804
10.80534828
-0.495246716
-7.08894459
-0.051675716
15.0479307
1.146307572
-1.500103547
-0.652464389
-0.432239804
-3.374623357
2.720674498
2.911822584
1.492222919
-3.454102598
26.44145814
-20.24776747
1.659862515
22.18295989
21.34244335
-3.925569228
-53.26972165
-17.20163404
-2.671912034
3.831432308
30.30680124
25.10725317
0.529004312
23.32749266
-25.04195804
-4.980908414
-19.61798891
14.2322159
20.0177861
-2.905275244
15.11093978
-4.107366655
9.614382294
-1.731087446
2.973998835
16.2535771
-18.42720914
17.32039165
13.83088069
-28.67271247
1.570767907
2.554709472
0.850606458
-122.8161588
19.37665299
16.31299661
-8.275824001
-1.320205774
2.915789975
-0.106886943
26.15547093
35.25999546
-1.926157382
-30.63256768
-20.75646763
0.768738949
-20.72638234
0.106089064
-0.550590747
-30.45114305
-38.17694381
39.3981711
8.614758239
-8.7329127
-10.40262949
18.61519092
14.28546805
44.04110627
4.276362932
1.931725411
4.495678313
22.67316086
16.74863489
-40.58219564
-38.89834295
18.6480152
1.674405977
6.626441983
-3.412316167
0.180252152
30.16751071
16.84349011
-0.447022009
6.814315604
1.966740568
-33.3916736
-0.642741282
0.806799064
-0.764161164
2.377699464
-0.922041035
20.53628769
1.117560688
30.68060608
-12.18392619
-32.66174494
17.75882966
-3.951607051
-0.415237448
36.16860837
-17.49630088
14.59977755
5.8405255
-0.181644422
7.336139376
3.418483196
41.6481436
3.981992732
40.73945513
42.17631523
-30.48201334
-0.569707831
13.15815822
20.88670338
5.121621549
-2.50373295
6.360284584
0.533728767
-2.121450872
1.279362917
-2.698259099
-22.73834503
-3.282195279
-36.53835364
-12.80790943
8.748498515
12.59479967
14.46262401
-45.63640188
-2.377654767
-6.740109774
-0.952798998
25.82232457
-1.095733912
-1.931225485
-18.72814736
21.00474452
1.961221869
1.344741225
9.891310743
-0.31850472
-33.65072903
-52.38968256
-43.97454406
-0.476502879
30.69756272
-33.26344498
0.106037646
2.333045429
12.36193325
1.672944829
-21.52837105
20.16057593
-0.671342067
-0.277367519
26.01607088
-1.680714795
-2.706779693
61.65502233
-1.739354164
72.07787679
2.525680504
-0.273527665
16.22064597
-2.694750333
2.005411597
2.29310103
0.128414128
8.302429719
2.442414115
-31.81715357
17.02355836
-0.17514317
5.631963792
1.964835085
-1.729401552
-9.294496149
-0.580711635
4.573444965
41.58161347
-26.23519964
-12.5137426
0.953792202
-27.08576165
-0.888211937
133.8548731
-0.198602854
20.96004857
-54.20025273
-152.4671699
-13.86546141
3.856699407
16.02692827
-10.55887802
0.845732566
0.327138434
22.21812827
0.076739352
1.218790483
-9.954914976
50.24819013
1.863373271
12.81614189
1.391712462
-18.22042016
-60.98039239
-0.107833297
1.430992265
12.10063112
-15.53762379
-2.981460588
2.143311768
0.275613057
1.917517489
84.78626657
-2.221846847
1.10002105
2.933415762
-10.01275453
-0.009585101
200.1011461
3.314309992
-12.01532108
0.019843882
18.28386469
-23.51964198
-76.86971486
1.206630683
-2.734494974
13.7866802
-2.810061775
-0.066090682
18.61555646
8.879959026
13.66179841
13.36252254
-7.344139149
3.241547809
3.943660465
1.460918523
-32.56476849
1.070381722
-0.728963409
-2.588594073
-12.77605267
-1.609547155
3.107346845
-0.293487706
1.058761492
4.097116077
-10.84738052
-28.06971924
11.32027769
2.534044938
-11.33305934
-19.90866626
-11.84098924
-17.64346707
-16.32793272
3.302421476
15.25420242
1.191174365
-1.032994426
3.034555663
1.223106372
-3.068920759
-16.71125333
-4.14853086
-8.923994586
17.31477113
-19.63108971
-1.001405338
4.705142603
-0.005595235
3.505747972
-14.1127143
-33.59025202
-12.99429291
0.129217818
-48.89231921
-4.925279851
-0.301872651
1.8587608
46.53033254
13.39992548
11.73361202
0.856972207
-0.603972779
-8.859577497
-6.958550398
-61.99528989
-32.5605571
-18.35056167
0.747288364
-10.15078763
-69.2225065
2.659200998
32.23804176
2.723905367
3.587895779
1.509394917
-14.27193993
23.12690032
3.131634003
-14.09209423
-19.59086511
1.828945357
-0.973074027
31.31683706
-17.04286776
-1.857181062
-46.30602616
-13.80781948
2.963476208
19.48821832
-1.746154724
11.59853216
-1.36817477
-70.09816788
0.837031238
-9.591270313
0.970537856
-2.733366081
20.67618528
13.42382812
3.058746354
-0.132165528
-31.93570527
3.142033506
-13.24803262
-3.331162861
1.616922696
3.337363885
16.62524591
0.950785608
-22.19968043
-31.80106324
0.498959602
14.06740088
27.02271877
0.288071643
2.630782853
-0.823895511
-16.61082463
14.80638868
1.316119555
15.01693174
23.33449298
2.668509385
30.68287714
0.923130565
-1.403121098
1.101244681
-4.337469188
0.183628608
2.628725062
-15.94792128
22.33171277
-13.2406567
-0.407999675
-14.07094463
36.68708172
45.11498632
0.009156603
-16.20647071
2.603199405
10.33555695
2.903498816
-12.97797624
0.325456913
44.47766951
14.25997602
-34.61080163
-3.399854975
-34.81726814
-9.23855556
4.752106284
2.109606074
-27.24213189
-18.45429168
3.173066875
0.673725086
3.181663878
2.185760409
23.919281
23.9241809
-0.31281695
-0.639408145
1.201807057
-8.3142304
-11.16279631
-0.611217155
-4.646821635
-2.21262739
13.55670558
-40.01169753
-33.02914335
3.277699507
1.224850806
1.599408226
2.638963593
23.07999132
3.987812486
1.45816145
3.027371615
-10.73498111
-10.95360296
1.663331305
5.733102387
9.419356101
10.41939709
2.787047444
4.117896128
-2.136563375
-0.928405482
11.20734864
18.61562444
-0.165985276
-0.207811886
-1.749062869
4.429569198
-1.067185963
1.050373983
12.23587823
-17.8829925
-26.60026149
-13.95042923
-8.241942786
1.187952241
12.3037296
15.38257595
1.980920799
12.88663956
0.579526036
9.270639088
2.194053205
9.288262657
36.02269807
-0.355169819
2.860408949
7.610607563
-3.511033529
-39.02127214
2.124663128
-0.676329416
0.483486386
-21.637852
3.577014605
-0.034742057
5.689546373
-0.123323459
11.58199103
-1.817761415
20.68492743
-0.38563376
23.76643671
1.483644915
0.839343583
-1.338550303
-14.41324506
2.779924031
-8.106401063
-79.28909555
0.706821647
10.32963959
18.2031916
0.114587615
-11.51825056
10.30242129
35.51490118
-1.984878956
-0.419259982
-1.471926064
2.733162572
-2.537643179
18.21475523
0.550458911
5.124544369
1.935877057
1.722108508
8.738736383
12.45732528
0.262647643
1.874663824
1.668361473
-9.328170687
-5.394235363
-0.622159814
12.93873185
18.17422652
-2.845395515
-1.052534634
19.09315807
7.195348127
-2.224784223
1.303702754
-37.35789881
2.316772159
-15.67774248
2.478592578
6.009935011
15.86551276
3.883409463
2.696433085
-2.316635274
-11.51853067
1.855535914
20.00565124
-11.45778959
21.04245691
2.565518812
-2.189394858
0.095014134
9.512262345
-7.078970062
-1.119324614
-1.609416182
-1.474977252
1.404726141
-1.929854936
-1.433942325
4.794386991
29.46165242
-25.6415917
16.61027544
-0.344144701
-7.455241198
15.38378648
10.96482077
0.541377403
21.73120906
2.566832597
3.434876942
-0.688934097
11.62568199
0.566446814
4.957552872
-1.024400319
7.766294823
-17.30948047
-9.438190429
-8.110002737
0.661881983
-3.412683936
-11.5557296
-0.439650023
-17.76721306
-13.78930378
28.57425046
-5.015892119
-13.38521041
-1.456378994
10.22316496
-3.791736964
6.113461229
-11.97914616
-0.904014769
-0.017970084
-6.828081511
-17.48332372
1.817693102
10.7272256
0.425842398
-0.03645092
24.74862436
-3.088876669
10.96527412
5.058408533
-0.881254278
-25.07624007
0.50317048
2.71248357
3.608974539
2.380274375
-1.462675563
-80.31871979
23.11706871
-16.45148558
0.013810485
4.360291446
-8.716043347
-0.659843511
-0.411400467
-36.62365225
-1.979462244
-42.08066098
-2.02098532
0.801637259
19.86887249
-6.14509854
-8.82168903
-3.528715465
13.42809052
9.394197427
5.637982624
0.598487181
19.07893368
8.238384276
1.091364177
0.31863245
2.50959241
18.9693773
3.116577119
-6.628072119
2.032400306
2.624969867
-14.8967768
12.48734008
60.94705687
16.44295027
3.629923407
16.8156042
1.266630036
2.626850251
-8.667795777
-1.075062722
-5.872280794
20.4244111
-16.55304107
1.423287543
21.90666967
-0.323551035
-0.889993084
-466.8889781
-2.062451426
-19.63245901
1.359664152
-1.917673596
32.67763697
-13.9402366
-5.228493999
-2.283664755
0.307266135
33.91670368
-17.26984978
11.10016863
27.44817547
0.089825195
-1.135132813
0.070042154
-5.276149335
1.086045862
1.55283535
-4.238719421
17.23865028
-10.3056078
1.713369114
1.475967879
1.342020571
19.1096928
14.55406611
15.02224617
5.16359816
-32.60332817
-1.715452981
-2.192431559
3.636593012
1.416050625
-17.74347184
-1.387709284
-4.511921424
-7.568241185
-5.134074804
1.527094032
4.252866515
0.202069452
2.14347909
-4.513172082
-2.397956104
18.36757175
-28.56344011
-0.265437195
-23.86800569
16.4819963
0.651797574
-0.514680603
-11.23213113
1.021232874
10.64790122
1.772406129
-0.047378587
2.833996545
-1.42587128
-0.92063709
2.280886749
-0.411308246
14.21674687
-2.093518778
-1.257342544
2.14998357
23.63032406
-2.05340863
2.731621805
4.027810892
19.98140775
-2.005621659
17.45136051
5.130085803
-3.581862606
-2.512579446
-0.882768741
-0.60006905
0.145765974
-6.498908608
13.3376015
-0.661154455
10.76906133
5.081765567
11.02850585
-3.039228872
8.155596492
11.53855803
20.27878666
-2.210262844
0.169307819
-0.072590848
-12.77952979
-7.851882506
24.6164802
-16.55343591
-3.159830715
-1.936074439
7.118370557
-1.98346156
-5.959037692
-3.031117435
-1.898710662
-122.7451685
-1.295498154
8.849624759
4.589506319
-19.56302849
1.851651187
-7.716041727
-17.63173769
2.117151231
-7.982249595
-31.98201499
-3.937410679
-0.952733571
-3.816572981
0.441439026
2.615492137
3.119131658
0.615444124
15.2520909
-2.155716957
3.355816316
12.47412341
0.92053792
19.90007298
-9.070012615
6.708760701
-3.342714
1.912089546
2.259010412
-8.971897402
-9.03211132
-5.691787675
0.396476722
1.237767287
16.74247361
-41.03208901
3.879639206
3.131099546
14.87223124
14.06565028
0.754804097
1.899029944
-19.73686616
46.72872377
-10.09153142
-8.940918029
0.552495971
-0.751402654
-3.270474132
1.830572182
-4.254687266
8.658334079
3.493203544
-7.802218002
0.700412159
3.962714699
4.75890049
-3.823869574
-2.319295412
-1.012211463
49.88964911
2.193247132
-12.44539734
-32.15296263
3.324658102
-0.276125766
-1.191473986
-12.40797632
-3.248011058
-12.96214996
-10.73713433
2.834948392
10.14827818
-12.28060552
-8.396948404
1.041848198
1.771278296
4.776309461
2.843743896
2.162183941
-0.201871339
-0.77871055
1.205792314
-0.017968919
52.68261059
-2.538858487
15.38544481
27.46123193
-24.51456832
-1.528300658
-0.333319559
16.38042542
-7.627172495
-2.912796285
3.365810132
-24.70862492
0.820137063
36.95668118
9.929070769
2.701851976
6.416077392
1.793086244
93.25624889
11.24298235
1.674143147
-0.126392297
1.119402698
3.446306408
6.073665525
-2.791995021
1.690829317
-2.105494358
-28.04310277
-5.086661867
-0.181001085
-1.405447355
0.904426124
-2.910782512
2.780508427
-2.192296864
12.5914838
-47.46977228
-0.031591268
16.67976936
-3.267149267
-9.457843165
-2.957955164
0.936195133
8.140219303
-3.168093401
1.969318994
0.371183272
1.027255073
-1.30267586
-0.302103911
-9.396117913
2.202390296
-0.781327899
-3.221960739
-15.63697816
-2.975543087
2.18226537
1.753300554
26.74081666
-9.239532324
-16.99416203
0.263413752
1.273964209
1.153188905
1.000503108
2.634570452
2.636005919
1.17599252
-0.208338796
1.243679489
-30.05077344
3.664235834
0.530961944
25.16589101
-0.867097989
-0.971603405
-49.74061298
-14.03872778
-2.035122818
1.332782566
0.444376998
-2.980470758
-0.230771674
-5.822244088
-12.4093799
-12.38177192
-10.11249128
4.069996532
4.683986959
-23.84307348
-11.18162288
-2.012721467
-3.088372138
-7.936550337
1.754024012
7.746897545
-26.49463366
0.09319644
0.698545776
18.40156655
2.589373181
21.88028993
-1.287606334
-0.656708774
-5.274666957
-0.654914056
-3.16261539
7.182765161
4.759137153
5.381372748
2.11977151
7.52192451
-6.092199871
13.90780225
23.91277157
2.650605614
4.127180613
2.627527848
0.789939682
-2.042698761
0.982635858
-0.89928534
4.901939326
6.506778068
3.738150899
10.01489906
12.66307569
-0.76400683
2.561904951
-4.143592816
-6.393479527
-13.7944924
-0.393115685
-47.57192382
1.741986361
-13.21817449
-10.35291944
0.2533505
-7.331459211
9.669448595
5.308641245
-9.046122885
1.235486378
1.76928604
-4.737706441
-1.35231438
1.16108908
1.084100485
-3.011132732
80.93163317
9.705552449
1.085074884
-8.019144847
-3.460494809
0.773608716
-23.28429139
-0.626947313
18.97752662
-0.449786246
-3.835899234
2.01238894
7.473559568
18.93931394
0.053470142
-46.62841894
1.43089317
9.301359627
-0.434978519
-10.68436281
-6.326191923
-60.0147993
-3.09700383
-26.73353759
-11.45640027
-1.021772058
10.44580514
0.247771385
21.35643754
8.812371139
10.28294291
-6.85682498
2.600630077
0.458961256
1.445631904
-3.219960497
-12.18305738
9.624982498
1.53294663
-2.959376056
1.369573046
5.446275029
-38.43903534
-2.31215968
1.452619282
-30.88157808
-2.918980772
1.765667
-5.156802175
-2.226938439
-13.51118934
-0.205768002
-11.22839285
19.23436759
12.32843285
3.946973151
25.18355913
2.497263426
11.57003018
3.009734349
24.17558898
-0.228963787
-9.295589618
3.644309901
28.72793271
34.03992703
15.12476525
-13.57952187
5.812696494
2.367768682
2.840658227
3.027363416
6.821973689
18.4591505
1.420737469
1.192495957
-41.14001736
-5.518695776
2.197188267
0.978119895
2.628539778
4.141089757
4.346746984
16.22498616
76.34167454
3.391771142
-8.829463071
9.869781299
16.83702729
3.321909317
0.035135945
0.053372753
-15.48079444
-1.440906537
0.12016216
2.380716326
4.736164473
45.81341452
7.605533262
15.06846524
9.002323281
2.185505681
28.63666724
41.20958962
-14.02176906
3.51057415
-19.53214635
1.884058393
-14.66134094
9.701206426
-79.45929006
33.33953363
3.546246876
3.65849718
22.26739061
1.504981523
-0.324578685
9.971193305
-7.411207403
-1.096864425
-1.294871696
8.30780145
0.842861016
-0.750792478
-4.183949597
-1.778710024
-8.117686117
-9.932932336
-2.02584506
-8.349019829
-2.355676147
13.04988093
2.21327426
-12.7931468
9.142284922
-2.315607287
-8.146423767
-7.533955108
1.337740071
-6.298300136
-5.633917065
5.497393925
1.727450604
-0.537316981
2.366338782
9.477964332
2.852686788
-0.758839569
6.711224461
-18.13997196
-4.462368383
-1.026539452
-17.8861535
-20.16296619
-4.478244695
-2.054864057
7.613747298
-6.96419135
9.372315417
28.98555003
2.186061909
8.287691375
3.257244632
-1.488991755
-16.29970541
-0.497251903
-1.146829806
90.49151993
-0.906557739
1.021001582
-0.088266571
-0.749432085
-18.0948593
-2.926308652
9.714892908
3.719554753
-24.60419624
-0.958373927
3.428703188
1.161016289
-1.563572892
-7.208085689
-5.357928657
-7.337303412
-8.419792747
-8.035896534
-1.189982478
4.184727619
-0.069300381
-1.952489231
0.924982518
2.617870942
17.95726078
7.740238772
16.54581254
6.999313487
8.556243188
1.454115217
8.158784918
0.866784082
2.897862611
-11.21923946
0.287609932
-9.990375752
1.963529434
2.110675789
-3.472179526
2.156727953
-2.837170348
-5.992546167
-2.429482394
-0.237834124
-0.845731377
1.005072233
-0.677885265
-3.673780077
1.05014287
-2.010122952
-8.795430886
38.87567907
-0.825027471
0.460024517
-1.292323134
-0.390491018
-0.357638943
0.950453961
-11.90275831
2.422014539
-17.85269064
-0.591069379
-2.498715004
6.409848562
3.912868765
0.678139369
15.11824751
1.911726219
14.28259792
0.779418997
-16.72952145
9.637848239
50.44868211
0.881033134
1.783054273
-1.294776243
-3.105910041
1.15122012
15.28124388
-32.74305352
0.822586048
-5.830527037
2.801224173
-2.1736043
-1.603358932
27.35815335
-4.726075518
-0.243000356
0.352660943
12.40356637
-13.07689574
-1.542536726
-0.224443127
-6.014722699
-15.24213866
0.961384733
-14.14573609
2.404672956
8.052065497
23.93894808
0.395428966
-5.911733327
-8.47831948
0.152702045
19.10224121
-8.873486924
-1.822546067
-0.622136738
8.035753902
3.670531069
4.20082641
-1.238496322
-0.056137404
-34.77390861
20.35398397
-8.14137974
2.840710124
9.074411808
13.18417895
1.579001294
-11.02722489
-1.703445802
-6.256944788
1.029143478
-21.37294111
-11.86048187
0.469410257
-1.086763144
-2.384872932
-24.06631004
-14.81118508
-8.628040717
12.67061684
-0.356220328
0.189680423
8.253297153
12.00918415
-0.359337143
0.00870597
0.522667363
1.976121655
-2.188258395
-17.3438295
0.784299917
4.594516064
1.156477179
-3.378385558
5.41930973
-1.046357982
-0.964024963
-3.068630075
10.75050499
-67.74350621
-1.365499812
7.033311895
-0.621816854
-2.126443421
-7.819541658
4.948057779
-15.85730637
-18.83557169
19.87812086
9.445999905
-11.79816547
15.17089955
17.12280411
47.74447588
-1.389825685
7.374862169
9.21335893
14.92212915
8.959107701
-1.437911811
1.810362315
2.523677087
1.524786272
9.88820226
-0.890025439
-0.802799857
-9.656524163
13.6646338
8.004115891
-10.25127861
-2.119674569
-2.579340803
3.142501477
0.924613656
-2.787544321
-0.204392448
-1.760412113
12.86147491
31.96587633
0.287365574
7.889004291
4.620393477
15.61059704
-13.7522195
5.426360818
9.004612737
1.803592637
2.479782925
-0.740680072
9.292721718
2.286674801
24.62094711
6.505700679
-3.382905716
3.67156689
2.550473119
-9.134575683
-2.95590484
25.97966682
-6.267208605
6.571484196
5.929895491
-9.343048079
-2.996733639
-32.99473434
-0.99471242
9.436517113
-20.54826562
4.953192297
-16.2408876
-0.752470351
-1.089140715
-11.41526271
-2.980364497
1.863329006
3.029492288
7.142399861
-1.937640182
0.30530725
1.794015033
30.64190473
13.52370544
2.224225674
2.405002845
7.263438468
2.952958784
9.1473643
1.143751261
1.097743893
15.77204445
1.197372959
-8.661865088
-0.32278278
8.043613118
7.343618466
-2.122620291
26.12289534
-16.10888112
-1.681818857
0.978190448
-3.03844775
-23.42914015
11.74991362
17.4581761
3.028543445
-14.4677799
-24.79489415
-2.705806033
-0.052205794
3.234935797
-0.542707144
21.23481943
-22.16073943
-0.720888599
0.908278286
-3.521385517
-0.815213528
-7.426715485
3.918805814
4.295145463
0.659028229
-0.540510835
2.754515669
-1.697662744
-2.242614648
1.404288106
5.523353578
11.29979745
1.574454444
-6.885349682
18.71706637
8.130148355
9.597249933
-1.257366603
8.064674344
2.020704989
11.35417811
-7.852403258
0.061463489
20.09571231
11.62888817
35.64414921
5.817150216
10.28666597
4.015260843
14.88025231
0.653013112
5.195822156
2.793831919
2.242678282
2.184722541
-4.522070291
-0.209870002
0.624186206
-22.02789114
3.159012524
9.247586561
21.4324888
6.282365065
7.256232695
-0.651443993
-0.700057561
3.656929439
0.066617993
2.752138097
-0.197677838
-4.105836375
0.417252814
-1.555522346
10.15308121
-10.23561551
9.830954257
-1.174321746
-9.677672232
5.222859981
-6.315336328
-5.016680852
0.21414948
2.907476737
17.53579892
52.03678847
-11.16316889
-4.746174006
-0.862881238
-2.695463445
-10.18274303
-8.736757433
24.50829627
4.13218877
-5.599753421
-30.8629766
6.59318459
-7.022190049
-6.748583257
-12.04804893
-1.473556829
-8.801921863
-6.454152981
-0.500634969
55.30646683
-3.89698445
-1.328946718
-6.736656419
-6.565298297
20.41262606
-0.705279987
27.75857269
-9.736337583
3.267384049
15.60314463
30.15209542
12.38072957
12.7753776
7.021972577
15.24590083
1.488369999
1.098813516
0.401087888
12.21574481
-1.355622883
0.36223782
-0.579235146
-8.628122956
6.926501685
7.795819062
4.583236311
-1.522165188
-6.641989017
-0.941264341
11.92937451
-7.660276769
2.491578675
-0.680727173
2.906130799
6.200646355
-6.296116108
1.306537806
29.21103731
-1.818724672
-0.634981483
3.351961139
7.251947869
4.494807222
1.638388137
13.30681934
9.634988912
-1.317324357
-9.336410179
-0.472296773
7.853218767
3.379394688
2.19553356
1.542647298
12.25224236
2.333205372
-10.51205386
-1.842318114
-11.92515753
5.099471486
1.487750268
-2.966189615
1.457234095
1.933189978
-5.338761438
0.523092844
2.210957319
-0.934939924
3.382220358
14.07288955
-0.554557308
-0.053639886
0.825666941
2.348509448
8.047402266
-2.312334285
7.246441199
-3.117350275
-6.322886562
-12.10827874
12.12421954
1.292020334
-8.572783928
-2.772155664
2.017026503
-15.30584567
-0.558404006
4.205079786
-11.97314492
-0.630000506
0.785186031
1.283726048
1.459930912
2.526524086
0.274266971
-6.052085618
2.173445842
-15.37434789
23.32629737
9.423941274
-9.057058046
8.698030879
-1.671052224
11.48836425
-6.33671027
-0.722408451
24.90757241
-1.39678731
10.51053884
1.14102364
9.153728568
11.46246892
-8.977608125
-4.582479515
-2.724957194
11.18620686
0.183851745
4.669567683
1.025758414
0.04610713
0.182925072
-21.46890887
9.943187087
1.467052255
18.86966509
-3.282683394
-2.64545714
6.454244881
0.218218791
-10.54337248
20.84311019
-9.949428096
8.695702139
-9.711519026
-0.894909541
3.338232161
-24.79391496
13.40251448
-1.807693449
-2.711724673
-0.5134861
-1.389304782
-2.886017112
-1.011795264
-9.668841865
0.436451766
-9.655941881
-2.98553679
8.347703419
10.35087136
-6.686889359
-32.33873551
5.367924583
8.661289696
-8.305558416
1.479985659
-35.26809079
-12.94560155
-5.121345225
0.668095568
0.010246732
-0.562145109
5.394395644
11.4315851
7.396594271
15.09911018
-3.368307382
-0.360294174
5.12070978
1.089649223
-2.47725464
-15.55067974
5.038553441
1.133061682
-18.77392935
-6.629684977
-1.592463771
0.06808486
-0.925232968
-7.581564841
-22.05184874
-2.902589808
4.200446622
3.703113784
-3.235686413
-1.239005618
-2.859793766
-11.97664533
0.698872653
-0.625799381
2.498763787
-6.636079394
3.205387159
20.85164721
-6.899609464
-0.063077788
-5.623891778
1.872065335
15.9340541
0.36809406
-9.277758526
-2.192743974
1.977789972
-4.875043544
37.48679074
19.91245582
-6.736810948
-1.63251072
6.76559258
9.14847829
1.198192554
10.62241546
-12.30249749
2.625340617
4.890704274
-0.150369778
9.502845714
3.593577121
-11.97307223
-3.373425816
-13.35626955
20.96239629
-8.117497966
-3.925703254
-24.32936072
1.2034172
-2.605146063
-1.020937985
10.74468301
-6.106390742
3.437479583
0.958078362
-1.409298436
-3.825431764
10.82485531
-16.10122721
-2.529599792
-0.75437508
0.03734362
8.116649314
0.398338004
12.71024079
6.714077801
2.625433616
16.30467578
10.80373962
6.777263184
-12.34566678
-2.614058393
-2.932315146
0.603032079
-0.317142379
-2.399931192
8.565178531
-0.819785046
12.83486537
3.924668235
-7.211825123
33.04526307
2.713555286
12.03471836
0.32780802
2.047987095
14.94104775
25.34618493
-10.29403112
10.88010457
2.229081948
-8.135131253
11.72850722
-0.437488198
-2.58067025
-1.922567574
9.535563674
10.56610325
3.511935207
12.76869992
-16.95733124
-0.914406858
8.318993849
-0.039387813
10.00112481
-1.293698138
16.86276248
2.367461852
1.508229026
8.096050464
2.984228785
0.754506937
-1.67854726
-1.477166978
21.66732089
-1.611802276
-6.249860842
-0.523430012
-9.246309919
-4.289981961
-2.593904621
6.003426459
11.01901751
-11.70525354
4.527119217
-4.756607659
-26.76622564
-6.409307892
0.375005573
-5.718437857
1.073267601
21.03708602
-3.049259274
10.6047458
1.000254076
16.05558481
7.46736902
1.843756714
-6.353688814
-5.204884589
7.952495478
-4.571834577
2.859533585
8.709476157
-5.877319502
-10.419082
1.609507288
3.25916696
5.28322833
8.688508203
-30.21138058
-22.32322012
8.698807908
9.165192918
-0.908308046
-8.926613469
-5.989243224
8.533273074
-7.552831796
3.584880202
12.5026299
4.437576608
0.003207452
-0.244094466
1.83168715
14.41605923
3.34133241
12.80458801
12.70952698
-25.2396854
-1.49935997
-5.008257646
3.359863418
0.875247408
-8.53749705
3.67276404
-3.990014957
-3.063011387
6.592899664
0.507004428
-3.782987974
8.762263011
-2.365285599
9.219354532
17.94271358
1.564649414
0.390174244
9.440717493
-8.998835793
1.89797284
-3.859648553
6.801238912
-2.53289468
-9.009428096
1.706702103
5.318277497
-0.825982526
-5.820345355
0.699194085
2.615929928
-6.540107861
6.075581549
3.345945989
-0.065150007
-7.609577247
31.79587733
1.137965079
-2.088331921
-3.02392037
20.52442438
7.244236715
-2.665426092
-2.895122078
-0.132567777
1.813267045
6.174360209
-2.001046958
-0.121464912
8.638068319
8.716761515
6.343899113
3.201472546
2.199616547
21.27193866
0.733123252
-3.779601923
-0.010268872
6.009618609
1.781436543
15.6507235
-9.822726678
0.532556506
6.266877383
-7.224728639
6.512062405
5.659205909
-0.995315898
3.013387883
-4.009737906
10.21104542
-5.353444623
13.64380475
-3.453000899
-1.685729891
2.843329302
3.572910552
-7.096623691
-0.058736646
-5.97119964
-1.015462545
0.583771521
-1.892950567
-6.259070906
-15.27909405
-6.63473177
2.902483287
-7.043059859
2.867801897
-8.891579718
-0.464203926
-3.891975604
12.36945645
-21.36493672
3.667251296
11.63491457
-2.356162141
2.579536214
-11.19177494
7.893516052
-7.452300657
1.462287968
-10.66211517
26.03801781
3.045856972
14.84044376
4.720352647
-1.159652963
-0.381971955
6.740150406
-11.0013807
-14.59161048
-13.35488727
-0.264468647
11.31746957
3.451761982
17.87775099
7.98074437
-1.988781287
-1.293407044
4.316168184
-1.420371696
1.113563032
1.564578187
-18.16358891
-3.709657859
-4.463843624
2.053839331
-1.149839549
-4.082184805
6.219311763
15.59156603
8.913985706
0.08150081
14.025557
6.547997872
12.05525975
0.05418949
1.777395776
1.103281057
-4.902549321
7.969816522
2.902685059
5.46139348
15.79281428
1.668748666
1.059039479
-12.09667725
-6.971727048
2.089013853
-11.02009135
-1.75575445
-8.702862912
-2.75883131
-2.154116864
2.169661555
11.56941029
2.313994377
12.90446692
-10.34075343
0.999212945
2.176222909
-7.985400651
9.008130821
1.5149275
3.664519504
-8.389970919
-4.815463835
6.925019092
2.969143298
11.33686984
2.431291232
8.720029384
-1.542157721
-0.003982555
1.966306368
9.302268584
9.120639111
-1.258442824
6.835734237
0.01691417
8.649379724
9.904666713
-5.08894692
-2.604171272
-7.564590675
5.77865296
15.13077319
-21.56603467
1.363516195
15.81112647
-1.864175781
-5.728485957
-3.050820474
8.03724627
-3.591533644
-10.1733802
6.690725082
3.31640718
14.87197046
7.750025078
-5.403967507
11.35247897
-6.439283753
20.98607067
-0.807775028
17.57391035
1.499092686
2.219418484
8.595602513
-3.636154485
7.38514093
-49.39931631
8.617732734
10.29772583
2.240626097
2.094306744
18.78472543
-7.199187995
22.71882181
1.580075069
-6.13634231
1.921078926
-3.312165609
4.69538562
-2.349530126
-11.59899912
5.90152334
4.030537963
-0.910867338
7.612112278
7.897600762
-0.241318933
15.88342217
7.446364686
-9.144564064
8.10451906
-0.200646847
-12.40769241
8.341172272
10.45520995
12.99497492
21.08151061
0.848764327
6.54475245
104.4433877
29.73125534
-9.126024236
-4.604997852
-21.65336388
-19.87044748
-2.762081991
-0.331514196
1.363139293
0.8317103
1.378433392
-17.50134638
3.547858509
3.642669554
1.07220077
9.19469405
0.948218223
3.781111448
-7.174877606
-0.74647997
-8.674121834
11.46500495
3.879985101
3.464928178
65.13293587
6.565973092
-2.139070965
0.493355774
25.47663064
-16.79619001
-5.308353689
-8.735412205
-1.429191559
-5.241720545
-5.398686039
2.623703985
14.41050212
-1.115378079
5.7090116
17.46592496
0.204514131
7.002873934
0.417980763
0.692259733
21.42146312
0.57310616
2.777524796
-5.202205978
0.814583307
9.028833369
-0.555677271
-3.931621857
14.40514473
-21.95072275
20.60148051
5.437741461
-2.018490795
3.485531332
1.044904165
4.317521818
-6.421820941
78.99107701
-1.112697618
4.904186193
-0.752039958
-5.4977367
-2.279438669
-1.682276707
2.805501053
-11.6541076
11.39566138
0.562119529
-3.703127997
12.2892255
7.807641208
-4.019575568
-1.182493998
20.26280918
-5.545756639
-3.471546107
-4.816364562
-9.564771592
1.287846408
6.383173516
-1.712715689
29.71755509
22.95688236
-21.13021059
6.194723156
-0.897414372
4.000494259
-0.598995734
7.675847862
6.48980818
0.621474194
13.73778412
-5.947516221
-7.942432119
3.498587067
15.64308989
-1.00851701
-0.436231137
1.021918748
12.40025175
2.412020709
1.528976684
50.8275008
-13.94129128
3.83331208
-0.287553144
10.9754019
-1.866524092
-11.02166168
16.83214499
2.010395092
-7.176130845
2.828862652
6.441026961
-1.667434024
8.469963251
-7.653818551
-7.410288155
-21.91188957
-5.443336693
1.152914197
3.311163735
8.232416245
0.942860561
2.627270797
9.999844974
6.894791608
-32.42087524
-3.24194041
-7.500019319
11.42191945
-2.991855488
8.334792976
9.437911399
7.995146227
9.528362409
-5.783738511
9.701778267
0.949552449
8.839951608
-4.494017971
9.360015518
8.789275499
1.087141491
2.169711143
4.619449767
20.91085571
2.690000556
-17.6225378
37.73663299
-2.122915977
14.69274914
-2.146374036
-1.574745406
-2.265020401
-2.245723287
9.968003566
8.002438097
-5.17954469
4.068614664
8.820839474
4.040783634
2.349257929
16.61967233
10.81301543
10.012997
5.400377757
-2.779321269
-16.93971662
9.696025698
-0.727862823
2.017672269
-9.041147244
8.200727562
-3.659270425
0.65904734
1.187495657
0.38159609
0.889289122
-21.60003626
5.894762992
1.937684176
7.85687977
-0.049950171
7.979580934
-27.87114227
-13.80642602
-2.438457628
2.053740487
-1.050699533
1.434581142
-1.768382559
-5.674369807
-5.365865621
7.531571758
-1.237421055
6.573620737
1.007066602
19.1635507
-25.7787028
4.180275958
4.610494749
-3.016423092
19.01541377
-14.14725494
7.527328799
-2.594107129
22.72769981
8.128192239
-2.744316806
0.920389495
-2.14921172
9.87027453
-6.908653867
0.587310045
-2.474468627
0.963640655
-13.18650318
-5.183223785
8.003807268
-2.832288448
5.575868869
-2.087788394
-2.768067032
-2.862574252
-3.299486792
-3.195725948
-1.29640759
9.254156944
-1.752961944
-2.102340085
-3.066478515
-14.39881207
14.79123535
-43.48667736
-79.44511611
9.034325785
-2.528609058
-2.538401818
2.79656454
0.070348541
-3.442569179
-10.40418635
3.510032138
-0.723609874
-6.520959499
1.07311085
-1.073682621
-5.540013491
5.959963296
-1.739855334
-0.935781764
-6.772435962
-8.49116746
-1.808955055
-3.492652323
0.516155587
-0.898128642
0.014905673
-12.50550975
5.188833443
-6.686658343
4.603934381
0.86400297
7.368246821
-0.832438733
-2.398959998
-11.39383018
8.227184221
-1.632126344
-14.81062622
-6.839809384
2.886211074
5.586882732
-5.639509948
-11.15041822
5.584326557
21.37637634
-0.989841087
2.054420978
3.137585304
-0.646413405
-5.874228945
2.431738899
0.182573105
-5.389973974
-0.036755503
-3.486915728
14.63523465
15.67876005
1.86016564
3.127477347
0.457734349
-1.736258382
-0.399082701
1.578968704
0.954700385
-0.27584279
-0.125198313
-1.830426745
2.55323787
6.522836203
-1.935565622
-0.763696468
4.665654881
-4.980871414
13.84448979
1.463945607
7.672360437
-15.2948475
-5.480696783
6.311695379
1.351903844
12.27184126
1.051241341
12.21379839
3.753583011
-4.383343256
-2.679328164
0.009754228
-1.219557102
-5.157813874
-29.13575299
8.960127792
0.471999969
25.44719318
-0.696689511
6.223482559
2.642963353
0.427022578
3.038679179
3.72624475
11.8597449
-10.25855934
2.228617123
-13.72506761
2.812817292
9.205710334
12.50555983
0.080373349
3.107539755
0.389028551
0.39430618
-7.718641376
-5.485419039
3.380528626
-1.416975616
-18.22213611
7.572736463
2.78082368
2.706209486
-1.062484633
2.5169628
6.053464326
3.625416923
2.530366459
-7.771690891
-0.704141813
-10.35479127
-5.254266049
4.297339793
0.814564303
2.379239723
32.99102065
2.301210199
3.035571208
-0.138741566
0.662881607
-2.252320758
2.35807271
2.659285514
-1.56823121
0.377412039
2.478754576
1.497394481
12.57807051
8.80376442
-1.017139174
-4.349864545
1.621267098
6.259834338
-2.557569752
-4.881618631
-7.780052248
-2.336961376
-1.872011695
-1.691224831
8.358505816
-0.840073213
2.717054741
-1.270120001
7.716977632
-5.607067139
-0.999674654
3.358819211
-0.791832815
-1.878550452
-15.91060434
2.220983407
1.654859861
0.821575652
27.47668325
6.527367712
-30.70014445
-1.444234634
1.358897632
10.89965937
2.891031826
-8.531969879
-1.08695623
1.823889315
-0.998557043
2.019877211
2.678866664
5.321206962
1.837209312
35.74600251
-3.538682976
3.274614475
6.493614126
-4.511352754
6.730012131
4.21290928
-5.280675537
-2.747632853
-1.311086782
-7.484815268
14.57585069
1.944442841
-5.015719525
2.66272295
-16.531678
4.635582264
-2.862577351
110.923722
3.558045996
0.55458396
10.42155528
-3.38527587
1.760668189
-0.983596445
-4.292225727
12.05727666
10.78036793
6.880207517
-7.067849964
-15.38069962
0.29911322
-2.920448585
6.800100757
-24.52475054
-5.541871268
-36.29759098
-3.553857764
-0.155148454
0.584804931
-11.36327131
0.897069765
-0.349635835
0.287843627
6.104805763
3.279249303
0.776979241
10.41551326
8.246695697
-7.091372829
2.468569965
-0.043176375
8.756796586
5.759130486
-5.555823821
-1.379802054
2.638188012
1.424721084
6.462866604
-7.201338993
5.067710431
-11.55464313
-4.577064532
-24.77842241
-5.344690764
1.370793777
-11.47090603
-6.997034169
2.59029124
14.68227409
-16.18841023
-4.079106253
7.308092761
-6.014367079
1.405753148
-3.934652019
-7.429442702
-5.484884276
-10.16872418
2.146666057
7.913618498
11.10139081
1.845305168
-27.73240246
10.81631886
-2.774871557
0.954313031
-7.545121755
-6.100476454
5.770142973
-10.53702829
9.008145186
2.903995761
2.169930564
-7.217201736
-1.211254598
-6.027237392
-0.113573164
-53.93470605
1.951251974
12.35046105
-5.541636104
8.808270851
0.291588678
-0.212965481
-3.019730035
6.800092105
-2.715099128
-4.674181468
-5.536842715
-10.98840066
-0.126662978
4.083690449
8.378477545
-7.63139582
6.858628043
8.785217731
-3.695383577
0.462808322
-3.111927199
-4.304407435
-10.1460334
58.01420549
-6.035585192
5.741145311
-0.113476117
1.905326612
10.12413836
-4.769608972
5.035228472
6.62347746
3.042794761
0.185785456
11.2694758
3.4154264
2.981127966
2.190485254
12.05315582
3.321467494
-4.729523828
3.689791836
7.427855663
0.292459773
-4.881034903
1.113030211
-12.33795511
-0.090974498
-2.915703751
30.10398443
2.910252914
-6.549936331
0.894281384
-15.55937441
5.840818889
-2.129415844
-8.178998824
2.351912407
-4.317982978
-0.270555073
27.93966501
-7.454181348
-5.615217439
5.186328228
-9.323540201
5.618906663
6.331156563
-12.68855103
-5.326927646
-5.725671191
0.359135521
-7.528439136
10.55415434
1.135946213
9.393802119
-0.085490618
6.516874798
-1.354549405
-0.620853645
10.06426557
5.485289753
0.501367097
13.44631057
0.092730705
-15.87477136
-0.124314216
-1.571803566
-3.367920609
10.1392005
1.810018669
-2.652079361
-0.782659513
-0.712607104
6.765315755
1.58577975
0.357400725
-6.757277572
15.8604913
0.833503764
0.37339702
19.8673531
-0.096658156
-6.91334279
6.551203595
44.33500936
-0.266016683
10.63835749
-5.146136087
8.982612403
0.120137407
-19.06690604
3.636365741
-8.851080136
1.148575428
2.997864709
-0.946807858
-1.528279368
-0.860151618
3.48876206
-2.950011632
2.430787394
4.78185098
7.356088255
-8.286358351
-5.835727429
9.769179104
7.202961634
2.678090309
-3.311624075
9.155033495
3.804990236
-5.190945735
9.170968415
9.122610456
-0.541693486
10.46071064
-2.244728114
-1.54729829
2.528474118
30.20022697
26.74421045
-2.838428238
19.57581123
-9.364331414
-0.738650966
-10.90035487
-6.858838136
0.529652279
0.332440072
5.039273784
8.597296706
5.941082923
-0.767576401
-4.5890436
0.479456177
0.31011629
-5.328141729
-0.788809388
13.12876324
5.623289805
-4.142555412
0.940639536
-0.403717495
13.47065736
-0.950508778
9.887870658
-38.90419037
13.23075753
13.63840035
3.5326387
5.8362166
7.255594047
12.08127861
1.716269796
2.90837556
-2.154447949
-3.960033414
-5.649823987
-1.629298038
1.520918191
5.22491069
2.702696153
-8.651651653
4.049744071
-0.742571163
6.432717008
-6.186846654
6.824384478
0.810336876
-0.20162322
-0.535062511
2.953201227
5.723986434
-30.40019797
-25.29979089
17.89340666
-1.574705107
4.128798518
-0.176912822
6.604942156
20.80856324
-1.674651096
1.59584457
0.894014052
4.958992937
10.20598344
7.406682246
-4.676971513
-1.947017604
-11.25150662
1.533997322
4.460680826
8.544438977
-2.548179512
1.207659971
9.386932372
0.205736329
-6.621852606
-5.574864012
-5.295132797
9.658486106
1.603616134
-7.986191135
-1.122342362
-17.75601782
0.574546572
-4.749346504
-4.101527974
-1.450206941
1.327891199
-4.819925474
4.30013015
-9.885640221
-9.701142876
-12.42875993
3.40645765
-1.057561311
5.647297622
1.461482187
3.057304353
19.30725343
6.201535502
-11.78125434
-8.533286608
0.012088993
2.672153771
3.151754865
1.400741147
-0.721587477
-5.650769607
11.38367771
4.051439458
-1.282316412
7.564971152
5.300895723
-9.96470844
-5.272379109
9.931101787
1.621900453
-1.416148493
-1.348897214
10.47456682
12.47955257
-0.201687585
-0.093247298
-5.833406827
-7.140099239
-0.941029787
7.638588084
-0.064764712
11.14081221
-1.90651279
0.491487242
3.869220364
13.04080189
-2.405064545
1.094708694
13.18853572
0.699433721
-1.958999062
1.307470598
-38.296356
8.344617298
4.889345647
2.90665053
-0.363252664
6.152114481
-2.938364773
9.524608877
1.569113867
-26.69833144
-6.781725824
-1.281771896
5.149860167
6.554211581
-6.165311107
-1.437015232
2.146726688
-0.091953789
1.806498991
1.511767154
9.606385733
4.829684231
-10.00613937
-3.115293427
6.340932113
-5.457439744
7.332162877
5.443922596
5.249209786
1.612535562
15.49477413
-0.85995321
14.24228257
-0.540265029
-6.619402125
-19.06850391
2.459831735
17.19179728
12.90955166
0.175876994
-6.043522234
1.967078567
5.665732876
6.780043789
-2.20772218
3.389017753
9.15669549
5.297990774
2.95952153
3.049880761
-3.935220567
6.247473473
-6.228572372
-5.163815624
-5.988719935
-0.034360096
7.23715494
5.125701865
-10.06958583
13.64660717
2.39896508
-2.077488153
-4.605785978
7.36908289
1.063534188
3.635780181
-2.412500422
-9.808588998
0.540060752
6.094224467
24.85791121
5.296164827
3.68687801
3.283527369
1.768303692
18.49873661
-6.294706726
11.18030154
10.49057534
8.103156379
5.912022012
-0.988467614
-2.708912729
7.442527785
-5.578014608
1.908560797
-1.066553824
-4.252398012
24.3614389
5.309651076
-2.749970647
7.04017174
-12.65877304
1.110741842
-4.843969864
-18.74375676
-6.728790076
-3.243237095
-10.97285134
-5.48456717
-0.42969356
10.54744613
-7.669457736
3.076369574
-1.656008918
22.86394455
-3.396351365
-2.029630436
-5.613185914
-2.852384542
4.209753891
47.55876265
3.193709237
-4.54656385
-2.859172924
2.740319019
-4.343045682
-8.504365389
8.601283198
12.66664769
5.918694148
2.02087684
10.62437929
1.706991358
7.962945496
9.068478583
-2.511703809
-5.435562166
-0.755442342
7.529610792
-2.514264716
0.588954315
-7.339334633
1.844444492
3.383107857
-5.035078533
3.228453575
-2.172530857
4.872387336
-0.681555762
1.161390111
12.01452571
-1.028611067
-26.40234969
-0.654376571
2.248021105
2.357268513
2.859822762
-1.982810912
0.789368516
1.186452345
9.735306982
1.999709304
6.460188489
-7.248441228
15.00560774
-6.020679976
41.93598139
-8.726009324
1.157164035
5.222636482
27.53184664
-1.16929148
-6.144927008
10.17236668
-5.840668326
-1.568104553
0.700642682
-6.699809991
5.594023305
-6.712141632
0.780384493
6.543365297
-1.869580738
-5.266576553
-7.716848313
-13.72691431
-0.935909703
-3.705894017
-2.858577039
-5.809380059
-11.38768893
20.75623485
7.545915505
-1.306457481
8.950408696
8.271248255
4.184038643
4.642783348
-2.394966855
-4.733447593
-2.504872766
0.225911231
3.474192916
-9.745285947
5.916550892
2.88646813
8.723774493
1.225394203
-3.408525013
9.493518534
-12.00467614
1.649534786
1.009946882
-0.667935905
-4.746076895
6.436317285
-16.60649628
1.546710317
1.794902484
2.707319026
0.142772106
17.41994294
0.728143451
3.736784157
-0.888056543
0.343647345
-0.537242399
4.440882782
19.09613728
45.68760587
4.782100677
3.894125278
18.95601604
4.935987718
2.187976359
-1.329355751
2.888124198
-0.206491375
1.141568038
-0.034878114
5.277759579
4.164615311
-1.610032617
18.1843227
5.793974324
3.223643664
5.042073863
0.99251553
0.360753782
0.665371779
-1.612114859
16.9610268
-0.079084402
2.544358997
-3.550758104
2.265030582
5.992106585
-4.763450977
-0.000372235
10.23789446
5.219468721
0.661453407
-5.714332258
4.672230018
-3.518343339
10.46939744
-2.590671056
0.406958231
-1.441845685
0.556034227
4.729512454
5.389381386
1.632759104
-6.077132221
1.013930561
-6.549844777
8.530662477
6.391255167
1.866001929
6.94387966
3.553141995
-2.783785174
-29.5143645
2.521481037
8.262718458
5.50351345
-10.21653875
-1.624502469
-0.85437509
0.033130408
-17.57264383
-1.757374929
-4.547025541
2.207651875
7.451807369
4.439177184
-8.217586058
0.830163467
5.888638848
0.126133051
-0.262310457
-1.972468216
-8.266343425
2.262574773
-2.457082859
-3.591163454
10.76545593
-0.898267374
-0.120789514
-9.499898187
12.33916497
7.182603397
-3.868861424
-6.511608752
0.883501331
-1.555443997
-4.770563328
1.2335709
-1.67328362
-8.270493332
18.07639937
6.420011209
0.398739928
0.082802972
16.61297003
-8.295229795
-3.123247002
5.243362463
-5.747130133
-3.308904535
6.169397963
0.602252859
4.647953187
5.785077435
12.17784796
3.467827903
-11.14109832
5.676468207
-5.919335273
0.816860624
-12.04196962
-4.972231261
-9.775900292
-2.556037532
8.088375112
-0.732874513
4.327613283
0.324677647
-1.3227265
-0.742289012
28.37118884
-3.459220937
1.90430293
6.016964462
-3.751196446
-2.73226674
-4.643741828
38.06787902
-2.161702606
-1.139360965
1.148509217
-2.454211885
0.163976036
-4.183693924
5.127317572
-6.454695271
0.361006907
-20.25201376
-8.956759252
-3.620435441
1.530647646
-3.017263292
6.950893723
-0.959956314
4.674623537
4.507586261
-3.030606481
-1.381849168
-0.062966793
5.07116931
-3.915410603
-3.430898901
4.926336478
5.173708911
-0.163999605
5.002743403
-0.620445587
-0.201811768
2.337531609
0.091114065
-3.170579783
4.765993295
-3.63983518
9.959349401
-21.4685354
3.883226242
1.104602779
-0.983027903
-4.209673052
4.191129808
0.979354812
0.034705524
2.435124933
-4.158240244
-3.235307665
4.984488802
-0.496015066
-8.394634729
-1.49413133
-4.396938626
-3.760158457
-2.413774538
-3.759206047
8.31808246
35.2130099
10.08084979
-7.36023998
-5.557688173
-4.104657542
-4.630038708
2.554903945
-13.22801292
0.044131817
-7.283583617
0.976525883
3.589013715
8.381577975
2.005941735
-2.256217975
-0.842661991
10.71830566
-8.644384636
2.868134979
3.326806434
4.589931952
-7.751329328
-4.357218571
3.362237034
-0.738333627
-5.844884157
-9.343021083
-0.455232229
0.615272339
6.106367946
-5.354584463
-1.41717327
-23.16336597
0.897741527
0.830949164
-26.67364548
-7.372352186
-1.080318686
8.746048395
-9.906459985
-2.293300431
-4.292349505
-8.521349937
-11.52607609
5.657304707
1.32317383
7.817592189
-0.892868651
-1.062348908
6.268255883
0.367851046
12.16229197
7.570178307
-3.265057521
1.662833525
6.418871233
-14.03964911
6.897857782
0.995593321
-18.98982499
-2.464486613
-0.147221032
12.98841996
-7.009042089
-25.99495939
-12.79763783
3.474089913
-4.075696665
-3.877715494
-1.965342675
16.07915332
6.245029918
27.90102594
1.710768865
3.951428849
-12.09365268
-0.638689918
-1.875487672
0.300871449
-1.29183252
-4.039887072
5.699562897
3.976659643
-4.54894245
1.160276625
2.858825281
-12.058729
-0.049151594
1.034177026
-0.180827117
-14.18565265
-1.4427966
-0.01533253
-4.550390464
-4.271974055
5.331678333
5.086864769
6.718366373
6.126225433
7.765316574
7.433915165
-2.879343421
10.31719024
13.2708598
2.94740707
8.588361815
3.29307313
3.745490945
-7.436409123
9.355054621
-1.454740463
7.867820507
-24.17481611
2.326034489
-8.885684752
0.010990062
4.871867164
2.751437548
0.24631191
-2.878438213
10.34584828
1.377323673
0.587299998
1.968382578
4.223217029
1.0748135
2.627009717
7.867522237
-2.136868091
12.58544699
-4.791014472
3.876237828
0.364628413
3.655224379
4.98697566
-1.469729193
2.530001832
-8.839662399
-1.718062741
7.981136925
5.006891999
-1.220379453
-4.489401503
-2.517687892
9.122116078
6.881327621
8.802382828
1.401616063
-0.662525366
0.12530629
47.96502606
-1.25641404
-6.895021104
8.732759105
23.64708399
4.284484269
-1.553168672
0.040616156
-2.335692777
5.517584973
-2.309962314
5.049636352
-5.077876004
4.363248187
1.669355888
-0.876629983
-4.543660952
-7.682979074
-4.332016665
-6.478967395
-8.52610695
-2.159142867
-1.363881189
-62.24072874
-1.766296189
7.773800646
4.896745973
9.778677814
5.096754517
13.55438026
4.004540348
-0.106818402
-1.374558201
5.39168912
2.423463249
4.598101811
-12.04699545
-18.86774081
-0.645616
-5.706409507
-33.42672171
2.673024923
6.435721292
-0.231588224
-5.944413034
2.020084777
5.23619154
5.027579415
-1.157634078
3.657739166
18.70053378
-3.942688816
-0.812371632
-0.738095916
-0.844170112
-9.035193477
2.449945229
-5.633704617
3.485791493
-1.806367817
-4.645339361
3.460089661
-3.047665766
-0.920437904
-5.325727023
-1.194179059
2.0440854
-4.494602272
20.20584005
-1.527046186
-2.512106017
7.039338709
0.53894231
-5.164069319
3.31184638
1.7174408
13.48840868
-0.307602719
21.24341366
0.093966375
-5.523566935
9.291416494
7.715792278
-0.292978269
1.883312445
-5.013318927
-3.255348681
0.465154971
0.261556015
2.49072742
2.183212002
13.55539125
-1.670196792
2.434221113
6.761055638
1.183529159
2.432729524
1.250520477
4.766422616
2.015890887
-10.90947937
5.997814341
-0.331655968
-1.311780968
1.190902794
-5.32951802
7.124987355
1.504557286
7.279603651
2.555582632
6.52135505
5.91532345
1.778401192
-9.370597265
4.51713162
10.19377161
-2.32475313
13.05103156
0.030060614
3.745119454
1.396423191
1.034851966
-1.220987167
-45.83108458
9.85626796
7.056204902
3.866213168
4.930055735
-1.640805014
-0.508990789
6.959694606
4.653452582
-2.784217879
4.871573917
-1.834539948
-1.912460822
10.02485005
1.403854079
-14.84383276
3.10587486
4.407729844
0.105237602
8.581015519
-0.605976278
3.615053651
-5.384414552
-1.944593726
-0.389106667
5.414423081
-1.621250421
0.325290635
-9.493203918
-12.96090174
0.830303676
-19.37523148
-2.745061719
-3.739251307
-2.820978907
10.10874034
5.561982094
-1.708526925
4.40921928
5.811310558
10.41748586
-2.212126406
1.533816249
-1.951802046
-0.859010908
1.226791628
-0.903982648
1.29002485
-9.107213306
3.855344541
7.536738022
2.918229703
4.313179626
16.18997173
-7.049055379
5.438270388
5.927208863
2.23840664
3.896401665
7.246757227
-11.12496829
0.101845796
0.435858933
1.058238819
5.25965939
11.92327298
0.453213617
8.363692785
-17.60106342
-6.863098064
3.516621039
2.844012266
-1.797883482
-4.993496404
-4.612423336
7.80861574
7.412950009
-4.59858066
0.194499478
-0.181469304
9.184476947
-15.61559529
3.43882827
-1.110675976
15.39263477
14.4555883
2.127528199
50.60443579
-3.567406569
-8.328706186
-0.00977774
-2.88000081
-0.831023972
4.487319363
9.706393991
-3.375098
-1.50028274
25.86996531
-0.407687333
8.609273422
-4.300597428
-4.720866724
8.479712395
-0.77984482
2.481341515
-1.706242254
-0.318612133
-0.585079194
-6.054754957
-4.74597323
-5.246615834
14.5628293
6.144693314
0.139277617
1.232280914
-2.350246033
2.193130885
0.36984059
-5.759265917
4.280708444
5.960925713
-4.224228208
5.311217931
-31.8823672
3.016550181
-7.282377971
-1.900232412
-19.49986465
8.646021654
5.064003782
-12.74133632
3.027562604
-0.996855071
16.74328469
-2.152875706
-5.405659136
2.65987103
2.902269682
5.10624762
-14.61977287
0.918428779
-0.271970837
3.465706114
5.221712405
-4.392564874
9.657384543
9.923168621
4.897260427
7.848269793
-3.395029169
-1.079530363
0.653501592
12.47603851
0.082221002
-2.318996139
-4.316918438
-0.872214882
-6.264309735
-1.973707902
5.138608813
13.3898406
6.872094753
5.099514356
3.928723404
3.716669761
3.267346451
1.481453166
2.690235296
-2.061172656
-1.452621178
4.954929644
-2.92764076
1.278744144
-17.05934534
-18.4446754
3.511052571
-5.306071224
33.31987812
0.567609114
-7.276962831
0.4013195
3.266890098
-6.746725052
7.971078533
-1.118926963
151.1253732
-3.164166976
-2.538111781
-2.604297382
-8.537764227
-1.18964504
28.2266977
0.776396373
0.457742226
-1.100701424
0.806005367
-5.063592135
54.69585835
14.05250784
-15.61435693
-8.858997308
-5.204586736
5.631498476
1.271501264
1.473793533
9.0189317
-4.474113658
8.735594572
4.366736356
4.740764188
16.0742387
0.015753397
-1.098953967
5.380650452
1.770558268
-5.590662292
-0.290177672
6.731664939
1.149129158
-5.287579317
-3.935522051
1.69916636
-1.252883874
3.019495975
-0.794877573
1.331052525
2.814053084
3.153848885
-8.520039552
2.876246016
5.734833399
2.906849231
4.402273951
0.368957003
-2.764764732
2.730255952
-8.29708029
-3.686072405
-1.887895076
4.28217199
6.359602004
-1.625479063
2.914981451
1.897230912
2.230606401
4.089425368
8.41241329
0.817663733
1.87615599
6.462622007
0.811029453
0.643577968
-3.139377151
-3.85017671
4.188857775
3.702615999
-0.075131782
1.327325098
10.97533635
16.66085355
0.452160711
-1.911522868
7.963276763
-7.325402787
1.848237417
2.089807351
5.644645662
3.822718781
0.021802104
-2.947980781
2.552191469
20.7334087
-11.64908597
7.273697824
-4.581713128
2.083758064
-4.548763722
1.094435469
2.137510488
3.518862117
-0.669484428
2.782599677
-2.954103254
14.32781195
2.428700112
0.265375723
3.269518704
-2.120978448
5.90918687
2.549627551
7.084742863
-21.20781289
6.579923626
-7.169925203
2.700610379
-15.34567973
6.658401533
2.121895151
-13.8029112
4.919019337
-2.809468976
3.18295215
-7.411216764
4.113965147
2.431108936
1.931450619
26.88126748
-2.814482482
2.052082937
4.232027401
-3.830895079
-0.845641355
13.98644683
16.47755519
-16.46338374
13.2298895
-0.777432937
6.225307862
7.758978659
1.412588748
-2.602239439
12.12860811
-2.70826969
4.909459384
7.04505137
-4.919578494
-4.841210452
5.290737891
12.37231103
-2.400342333
-0.467836467
-2.403418019
5.610698602
25.16032888
-7.459497726
8.743144764
-21.72963055
-3.04177375
-1.154800314
-3.114491141
2.674826964
-1.849236635
9.329767854
18.03456341
4.265238577
-1.608200347
1.05499784
11.77189788
-5.017556998
0.624965981
-0.628285787
-6.584663819
1.341135297
2.557469895
-3.70172312
-6.582653567
-11.935159
-2.851156535
0.800589214
2.01972701
2.693665188
4.370778596
-4.298359951
30.03748967
-8.202251524
0.0962781
10.67971528
2.97872318
-2.319516697
-3.461011187
13.7079938
6.420488487
-3.62882225
7.82174408
4.278945334
1.782509467
-5.385370261
-4.865473914
0.453797566
-5.212527482
0.167907785
1.752482021
4.856813765
-0.271703149
-1.099839825
3.203787736
-2.587218592
-5.253494832
3.673647901
7.282093435
-5.807208976
0.821542795
5.669405158
-7.436452352
-6.364874757
3.4720826
-1.220583498
1.969827649
-7.800325814
2.670212407
-10.30346229
35.39831985
5.531338237
6.247012478
6.57027942
0.984959728
-6.412116607
1.824345608
-0.491203978
-0.722383638
6.013793605
-5.312427022
-4.952319286
-7.485751301
1.430691819
-0.029139364
7.582591685
8.72597479
3.064743364
13.59406541
-2.601023525
0.764220116
0.431389256
6.422992246
0.297203113
2.163824972
-0.655974015
31.73627418
-9.971668546
-1.930439618
3.519134854
0.315210949
2.408144484
2.679140454
0.310372496
-4.907250003
4.503042159
-8.89441297
-6.404052465
7.838485665
-3.681583004
-6.906359485
-0.583733309
-0.579871373
-1.747805144
-1.016361987
3.22697209
0.890446611
-7.818078655
-3.861538771
-19.80560135
0.352128908
4.726287369
-16.11241609
-18.95418046
-7.277071959
8.277718393
5.970382265
-9.162246368
-0.707368506
-0.524638608
-4.599996804
-5.596486048
-4.563928537
-5.552660144
-1.947821393
6.61733124
-1.691077268
2.5020652
-2.26827074
2.599718818
-2.966898131
6.329166186
-2.471605971
-0.325693434
0.465145084
-2.423040363
2.226674627
-4.57794309
-1.242976281
-9.205390342
-1.521024063
4.293168
-0.349280694
7.099791542
-4.276718568
1.099080941
-3.913951592
6.519496121
9.793034587
3.384911205
-0.972716751
4.813450893
5.160964733
-8.239022984
5.272562657
-0.246359639
19.83019875
-0.252107399
-2.895987246
0.97555043
-7.671314345
-0.388472246
-17.1274694
-1.891667403
5.880812642
5.043237466
1.165706014
-0.340130341
1.543253977
3.297479678
-3.828106224
-2.797578718
2.883853021
2.279696515
4.47795797
6.600156297
2.71411028
1.037223623
4.625389482
3.696360512
-33.52033881
0.654028144
1.643101592
-0.019518247
22.31002185
12.39217653
2.543376494
11.99200175
-1.662799823
7.586879219
-6.175446993
6.481323028
-0.470370046
16.13207848
0.496003757
8.893514114
1.976352858
18.52670686
6.725687088
2.526799509
-1.254152647
0.084904929
-4.605778583
4.703645463
8.416183515
1.665385454
0.229500122
-4.090813007
-6.250728075
-3.211892793
-0.069118325
0.129058002
4.761084758
-6.411148856
-22.0694919
-8.375684783
-4.388885324
1.642821975
4.919770583
1.850307356
48.71223373
3.486966574
2.382080559
1.908890416
0.292797484
5.119299915
1.594396066
3.65598904
9.328348725
5.450030764
11.76911305
-2.548921325
4.811680003
-4.868012677
-5.00929704
-9.908160135
-2.896403335
7.24818864
1.06582571
10.14697406
0.610077106
-3.02122954
-1.049816672
23.49696898
-0.550230265
13.36077538
1.093325248
4.671768784
2.395756925
0.769858373
-7.03962271
-2.065168982
-0.766449342
0.397405271
-4.52058265
0.038177187
-4.2734768
0.377368947
0.339957154
3.383820131
-8.434912372
-1.221878835
5.713171034
-2.136496641
2.644739929
61.95432937
-3.246132114
15.52639072
1.394169336
0.865392835
3.326871566
2.456597735
7.193329132
2.949712727
8.000011098
6.382006408
5.436451457
1.904108566
12.55290515
5.493892161
1.183285605
0.919570239
1.146878851
6.293312929
3.660838748
2.973088993
-9.896759102
-5.404598644
45.35284864
-2.145077205
5.546976158
1.722893562
2.695281716
18.92463797
2.09573114
9.759040432
15.20112474
-6.197798915
-0.220686067
1.594739165
-0.124596502
0.356624128
3.024164495
14.101872
11.62069848
-3.645108901
7.66005324
-10.38568788
3.881427179
3.626256255
2.075006565
0.820293453
-3.782408005
3.136895081
-1.758975033
-5.079520253
4.95585798
-3.798501681
-2.351192818
4.961978231
9.949266072
-2.779867307
3.143547704
-1.394353166
-3.664334544
-7.040188
4.123067419
-4.106330395
-2.231927422
8.22448407
7.819785412
1.929404012
-4.719631966
-3.107362492
-5.333873361
-2.933967691
-9.396776574
-4.18337745
-2.517584469
15.16565812
0.054589123
-3.073023272
-10.16264626
5.109071395
2.970402547
3.869890893
6.074497514
-1.138520977
4.447258365
-0.245716144
-6.392556891
6.496031837
-0.248369596
2.560623488
-7.894060065
0.806238167
-3.25000877
-1.871080605
3.518066679
2.539098973
-6.970978287
8.434713682
12.79458728
1.265900305
-3.496083287
-5.140408885
-2.175867231
3.392917868
1.343479183
3.127372735
0.212469101
-0.001582929
-0.244396468
7.04386948
4.361206058
4.344553973
-3.624602125
-6.498506991
-6.55007425
3.672077728
-6.434973287
7.971596193
2.439432147
11.82615637
10.64235157
1.122738438
2.306832549
8.817569745
-8.099585458
6.768372136
3.489581818
5.68804465
2.079180872
-23.1507143
1.612000041
4.410296634
5.202886793
5.795842586
4.382884107
-2.424357187
4.152826825
-3.471817251
14.11185198
-5.773363746
-10.38815032
-1.100234792
10.15403025
2.320116447
0.823095173
34.63662269
3.59765292
5.532547193
-1.877611692
-3.68957169
1.857144199
12.43290414
4.655091493
0.095186304
8.127129319
-4.988406094
-3.492116217
-11.07001037
3.227990239
-30.5313257
8.961605793
-14.88580885
-1.674329069
5.466964135
2.544137139
1.826130001
-4.417490599
6.372827139
2.109433778
-3.421756451
1.120660218
-1.106469173
-3.746793307
3.723483475
-0.285153527
-2.142868492
-2.302960691
5.053563423
10.80660064
-0.659735021
42.27288744
4.706064692
2.609162748
-8.610514385
5.083997136
4.908740235
-0.89348358
-44.46101417
0.768789911
-24.0072983
6.396053941
-3.961836037
-7.84461103
3.890744109
4.348782434
6.211299188
4.279101104
-15.65571411
2.946181257
4.68575355
11.3247034
-3.149192391
3.113816767
-4.403315393
3.779087617
0.057621358
0.2489167
13.58249715
10.669238
-0.073246532
2.279422137
5.289630988
4.886672481
9.348013882
-14.4221787
9.05468988
-7.778028531
-3.238717211
-8.991608769
0.707235028
6.317552053
5.581567197
12.70214265
0.341175519
-2.423829469
21.72520812
-0.776346886
6.108897964
-8.931534972
1.52325451
7.113631956
-16.81828857
15.04903341
1.518566867
4.637827987
1.367093657
7.491003484
20.38300175
3.309435874
1.704152759
11.17527602
4.259036029
-0.459611954
-1.211318546
-11.64092705
8.576940589
3.849414198
2.811956306
8.633558428
1.376433024
18.00083974
0.231022697
6.42400305
-8.7475169
6.79117627
-2.181371339
-4.983580264
14.1693681
12.93987131
7.87146983
5.966638524
2.932331081
6.131593283
9.555299439
4.187745862
0.47154019
-0.778915438
-4.20483845
0.501136833
-4.645759579
0.794862046
5.539639431
2.125442373
-2.295729423
13.93151065
6.232376911
-1.954029182
0.299912924
-4.194442523
0.043639931
-4.546313633
-4.926676204
0.724505223
37.11924194
-8.548966769
-11.35514949
4.314550151
-2.048069853
5.797166465
4.724922299
16.0332696
-9.660711542
12.86215552
12.45943696
3.327016603
3.735516048
4.035458978
5.245165087
-4.371073545
-5.426562658
-7.497104145
4.716240225
-5.881312088
-3.289176578
4.881480085
-0.971087792
-4.778089362
-0.624384764
-0.450163034
-1.813087904
1.09220004
-4.242850844
-9.348750334
48.37732
-2.316437617
6.894077542
10.02848642
-11.72456547
-18.42710087
17.0344063
0.046555969
14.20686735
0.310430138
7.59316544
-1.280715475
-2.551163776
4.42971405
3.046271566
-0.739250845
4.671946777
18.48746501
2.507726152
5.196262569
-1.628595828
1.345934603
11.4797337
3.102031363
0.695533624
5.853361698
16.46175675
12.14170331
-21.70723581
-4.448331378
0.533271856
7.288784793
-0.884275056
2.222934428
-5.403504033
4.791330473
-6.804973064
4.707687631
2.660210919
-3.694817619
2.984676876
-5.385548196
-0.482572738
-0.587243828
15.84816024
4.236196742
-3.954367044
3.123524106
-0.649615521
1.862461555
-6.245651367
0.729461378
0.65797652
-13.66279002
7.717958696
4.614677081
7.205619272
0.959803253
-13.20452845
-0.009712642
-2.193498837
7.312612412
4.589160436
-4.541068665
5.951443681
0.258101306
40.0593691
22.16893817
0.012845209
-2.05816345
5.80734998
1.629971539
1.955890295
-2.412304523
-1.225204355
-2.197366926
3.689789079
-2.513496624
6.812251302
5.017555938
10.04943227
-3.224445807
-17.63802177
-3.771562778
-1.275657877
-4.406621115
-6.248429479
5.654104811
14.23295071
-19.6238938
2.20868698
0.451139677
-3.680590452
-9.63102621
-5.95302485
-1.91784779
32.08457723
-3.188028243
6.066593446
-1.568286202
-1.9256106
-0.815186177
1.258458271
5.07233411
-4.503256086
6.411376115
-5.451989969
-3.779727977
-3.667405456
2.730318043
2.19661703
2.906249485
7.905555298
6.86137543
-4.864919282
5.307873019
5.834438335
1.327903074
13.23703043
0.617379857
12.73625906
-9.4637632
1.468209365
4.547201206
27.65090509
0.200943086
-16.48952995
-0.576487264
-7.834932381
8.359840574
3.946310204
-3.975022688
-2.189984155
-4.535095788
4.823048553
7.398272223
-1.124000521
-1.396622551
2.187754073
-2.723906481
5.799606024
0.786146203
10.84224413
-0.668682822
-19.93909494
-8.353412303
-5.449740992
6.273989715
-4.348431336
-0.705281781
-6.786851614
13.35761019
-4.833108691
-1.530057741
9.63883935
-3.981324636
4.229318368
3.900196418
10.49605615
2.811448438
-17.56430088
25.11321781
1.846509388
-4.093758467
-14.83494007
-10.3108069
10.40907038
6.203992413
0.951971256
-6.567297979
-3.41941781
25.26678829
-4.151184579
-1.852829143
-1.042202352
-2.190665851
-14.04049292
-2.62552303
-3.910973241
-0.90344348
2.373644342
11.3204802
5.913303474
0.674032158
-5.493991525
-1.451616948
-2.447422885
2.804147625
-2.578425554
5.912537959
20.03420123
24.06659121
-0.617556348
-3.009204648
-2.270370365
-6.565364767
-2.830487665
-1.980677992
-3.872018671
2.63300995
-3.254832672
2.77251698
-2.724140401
-1.916989272
-6.067859644
3.649167836
-1.019062484
11.71183464
-3.235802084
-0.887663642
-2.972868694
6.65599206
0.142919672
2.083063727
0.024852151
4.078094283
11.33707124
-4.335466456
1.764081948
-0.349130905
4.64386365
-1.233166995
2.432636929
15.84313136
-0.467842597
0.849858717
-1.359634557
4.514700738
0.578025628
-5.364089701
16.50740409
1.615379262
2.574556969
15.58071859
8.0451108
5.906545589
0.010745016
0.084612776
-10.45875804
8.065014972
5.587144396
0.571216211
5.961435213
5.14277182
5.958851423
2.422154614
-0.547953243
-1.772417963
-3.881597967
-2.943805345
34.47536624
7.167547348
1.64915017
1.321402394
-2.761096429
-0.317536959
-0.766099139
-1.952013122
-1.712103527
7.488723414
1.999466778
-1.552308542
-18.8767495
-5.051806286
-3.053716907
-5.021789109
5.830256905
0.655412731
-7.860474255
5.088665593
5.398806381
-6.667028911
1.769584238
4.745311901
2.140060903
0.849737092
-0.416286504
-4.9743797
-3.459258531
3.237271357
14.46713696
1.60735539
-8.712398016
0.444928393
-8.080964941
5.168718576
-0.654888096
-0.159183719
-12.37706726
4.975449265
-27.27349194
-2.650897617
-5.706944305
2.019994967
3.738498639
4.799053454
11.85511065
0.396555874
-2.716222422
0.121412279
3.23447247
4.592704168
-0.955267857
-13.19602384
8.736834915
-2.979662288
28.07149171
15.86794889
-4.339204214
-2.777056853
-8.014704633
-3.0737737
3.086825755
-0.647726075
7.055164915
-0.334571056
1.735849364
-0.850086323
0.853212614
-0.103513719
2.442196813
-3.643415317
3.964788132
57.68611712
-0.541141033
-9.086574914
4.066196844
-1.748568945
-3.121632311
3.056317485
0.960763924
-15.16766581
4.565601207
25.86767995
16.02519858
2.90563631
-16.22865595
-10.76955306
-5.366585384
-2.08542735
15.46499486
24.46584504
2.074542993
0.009328055
-5.506381672
-14.52004525
-4.332810847
17.19831035
0.756971703
-0.736279872
0.471010253
3.670558686
-9.250758667
1.5028804
1.284786531
0.810949004
3.566796764
-0.322407102
-15.95077111
5.147162176
-1.211106272
28.0430723
4.545451982
1.946370189
3.971510216
3.185121195
1.722074797
8.49157419
6.04696416
-2.426562008
0.082270997
-0.337836172
-1.142328797
-0.6209237
10.71326292
0.791803873
-5.844713991
1.53483428
9.780621212
1.476625892
6.525757726
-5.084347905
-3.396066908
-5.346546656
-0.766350366
-4.126718991
7.338268277
2.744706794
0.67545217
4.33855587
7.001201368
-3.130682378
-0.407429433
12.90163705
-3.17261792
6.04044337
3.558296291
4.17753161
-2.61309359
1.551882102
-0.469336108
0.628269003
-3.613034708
-6.379370242
5.463014507
6.989987758
3.102268033
2.987743018
-0.23006281
-7.064034367
7.336844337
-1.544474301
-0.158711859
-2.835258582
1.403977627
-1.469747361
6.217517242
-4.424547742
-2.858283526
-4.337055813
3.561103881
0.717358997
-4.284192943
-0.043761118
-0.367672279
-3.026629802
6.181911465
-1.324732927
4.651913358
15.47809653
-2.26227104
7.162560926
7.122110133
24.13970192
12.72485785
8.758063356
2.499717823
-5.462344742
-1.473091474
6.204817546
4.067367252
-4.341791931
-3.632583487
-3.764060213
7.081005737
16.10739186
2.355476722
5.361411901
4.654524783
-0.500790749
1.53909211
1.89717684
1.802520765
5.148242299
6.078763569
1.821484947
3.855111898
2.243187651
11.75275019
2.248626238
-0.551538813
5.954483097
3.267651863
14.30926612
4.864995275
-0.096045954
2.801543294
-7.755346699
3.422576484
3.03843988
-4.043776513
-4.477364589
4.486814872
-0.700921808
-0.092385612
15.72465087
-8.835792055
1.216655054
15.60591668
1.685075168
-1.741883483
-3.3695826
-5.033623854
-1.009169387
-35.31826935
4.033215328
-4.582741818
1.75670107
47.18016956
9.718813194
5.792394005
3.3005945
3.148364055
4.094577719
3.080237381
-7.711007954
1.062173299
-3.89657558
4.095471401
2.712344864
-6.647510337
-4.48710997
34.93217744
8.361306156
0.739107603
-8.21038483
-4.133415058
3.385924562
-3.39426958
4.11476206
-3.432242678
1.064077257
5.361976037
1.573228427
3.805985372
19.41835235
0.80598197
-7.609969291
-0.072037004
0.423903196
3.8627784
6.025509677
0.27684415
7.222836033
10.32379538
14.06020508
0.752341316
4.192761011
-2.813623224
0.500414851
7.344238992
-1.322531884
-6.504964862
-1.763658764
-3.23045531
4.094255832
-6.105324988
-2.873123604
3.470785436
-0.532133712
0.602998205
-5.188937522
-8.036365152
1.166901405
4.247434761
0.277584159
0.282598778
-2.697198636
-2.961316986
3.982572153
7.1938986
-0.156455307
2.117801149
8.364726293
6.036368236
-3.981091547
9.717369487
-5.542953558
4.286754549
-2.914015817
-4.307855623
-4.317309465
6.700617771
4.684829226
-0.713819264
-6.075360508
-0.901019817
8.11817767
5.106068474
9.31571106
-2.596695319
4.044102844
-9.534826376
-0.821234451
0.434691783
-12.73506793
-9.299123461
1.272720982
-11.02143531
-5.549054031
1.658849388
6.448121433
-1.706223115
-3.350943488
-1.395777692
-4.945745293
-3.888334304
-3.372265396
-2.129620137
-3.993473398
5.424563533
-6.454267542
-0.24303534
-5.845132176
2.581902723
4.972863576
-5.827403871
-6.385748354
3.901546848
-10.11328202
-0.791346099
4.967485227
20.58058511
-6.002500373
2.694825345
3.282413723
1.746631473
11.64992885
-4.161720193
11.40890105
-6.691844333
2.289172141
4.399537062
-57.50458845
-4.754951509
-2.314926624
-1.445309387
-0.068470209
-6.845343165
-0.824307357
6.185119672
4.990621944
6.553419062
-4.918995421
-2.229084257
2.711402415
10.4614524
3.133183514
-1.398652114
3.178722109
-4.154639967
-6.620409344
6.014394918
4.254446136
1.510697368
5.784800339
29.11285923
4.555551693
-7.522642683
33.40539745
-2.708348915
-3.502520681
-0.104452462
-5.222742062
-10.73527533
13.22818577
-13.03852376
1.571372298
1.26097237
-13.49770442
-5.504104956
-3.142828773
-3.452704859
-2.483798358
-4.594479939
-2.493961691
103.8301903
-5.100975867
-3.404848842
-3.157773613
-0.236206627
7.239050761
4.533900716
4.005013324
-3.911394554
-0.540604396
-2.294037533
3.267296299
-2.402247881
11.88262885
-7.144498058
-1.797565697
6.541027195
4.064466944
-5.013229286
2.408868132
1.953815014
5.206613904
-1.2562785
-3.216100359
6.12516407
-0.365635381
2.985399199
2.178444509
4.766917879
-0.067009537
1.51699679
0.885914029
-2.308284726
4.217267513
-0.361160845
-4.151595337
-5.929296729
1.984760068
-8.124806884
3.760132494
-3.986204425
-3.328540555
-5.756547149
-5.996565096
4.882274597
2.036113381
0.615744683
-4.560982083
3.10941998
-8.40205321
-9.506522458
-4.624802758
5.572983925
-4.111841921
-18.74195009
1.48739568
-2.783326501
4.603433577
-3.732364017
1.336774249
-0.798958417
-3.551101196
2.050576601
-0.786879544
-4.279480481
-2.098487178
-5.335473065
0.064303288
-16.04110314
5.86500821
-3.331286995
12.75336413
-9.160316817
-1.204020108
4.045314771
-3.053275008
-5.191339315
1.195136132
4.586610415
17.84121383
-3.540974136
-0.402648732
4.429114882
-3.173516541
4.462551936
4.160751809
4.155964573
3.65954616
6.672162698
2.956804784
3.45727097
10.44930978
-5.140786354
7.533265778
0.110792422
0.707604013
1.106932789
7.541641785
-3.340176381
4.078600257
-3.626559441
-5.481411557
7.974100228
0.930717352
-4.91941418
11.42215131
-3.15231466
-2.464616048
-3.845680177
7.531797902
-5.79978413
5.315104394
2.702242269
-4.917140864
48.83342416
2.421910789
-3.488324632
4.441777752
1.654908844
4.459369322
-0.322457711
-4.245586455
27.62781684
-3.187324748
-0.508866556
-6.04131201
2.989444982
2.543604343
4.633979755
0.303883749
0.321454554
-1.558511566
4.828469691
-4.432932662
4.252061458
-0.291108738
-0.253113019
4.160129471
-6.982899987
0.013719844
2.784020772
-3.385030986
-3.674077864
4.854589777
-22.20477469
-6.412885478
-0.508729732
-7.295708021
0.127213369
1.046635047
9.623990039
5.425872505
-2.177378151
3.882147162
-4.404004104
2.312248319
5.472596889
-8.676991293
1.118322852
9.344008203
4.563767639
4.772010403
3.517803034
-3.668419534
4.056875495
-4.449362265
-2.839463084
3.694894996
6.061245553
4.582841798
0.812415288
27.6884048
-0.786903394
1.058931175
-1.926199483
6.203201266
-3.735519184
0.511667558
-0.467850926
0.143971441
3.882596615
-4.763537372
2.238194037
3.391917316
-2.603755185
3.486176749
-0.727519573
-3.919860553
-2.596384091
0.246346967
3.092893498
23.91046339
-5.336778611
-8.817910368
-1.858765926
1.126278538
-1.65064306
2.341081823
5.188225401
-7.910242254
-2.441145566
0.553801136
-12.4340047
2.017300466
-1.483870712
5.600175385
-10.91746049
-2.839369443
-2.54440044
5.666987533
-5.16844496
-7.808066376
3.257212083
-9.580350646
0.84843131
-47.29288163
-0.828110861
-7.173659793
-0.45192034
-3.279904435
-1.648084619
9.338238825
4.29955966
2.474260082
-3.779548583
-3.895261938
1.130515532
-2.218429423
5.271846949
-3.850196551
1.610688623
-5.683437073
-5.858222305
1.945186868
-0.923462224
5.001489381
7.879196888
0.486805787
2.323617471
-4.101209231
-3.122840629
-4.632680152
-7.782971661
4.888266977
6.49146458
1.534871961
2.146646496
1.490727792
1.466405969
-4.632149252
11.85510733
2.929888386
-4.610762217
-0.918767677
5.492592131
-6.423152618
4.628641512
-3.598770576
3.709886731
7.819533423
-1.982663566
2.886384385
-4.275661796
4.316747174
7.191678972
-3.712143933
10.84368354
1.936311454
-5.375342934
0.63717562
-3.273800418
0.332623381
-2.901709688
-2.490521328
2.537415024
-0.395262504
3.579643127
4.307375075
-3.368841335
1.09609354
-5.072230987
6.157335207
8.747110752
0.424868062
-3.245334707
1.07742049
3.3868728
3.081255196
1.965893771
6.640396501
-3.498578418
-3.135878109
0.463549366
-2.317885061
2.851870068
3.804478299
11.81001617
-4.157763245
-2.173699145
-2.446568178
8.170212019
3.202828029
5.362566949
10.73944307
2.103997884
4.616399171
-14.24741444
3.891531282
-4.449287547
1.595825811
-4.487876287
0.989124192
-10.80745515
5.712800699
25.47180966
3.563743076
-0.177948392
-2.233199012
7.389375428
2.527149093
3.132413398
3.577876444
4.324964154
5.0612718
0.316451447
-0.534789043
0.461782417
4.138747745
0.795620323
2.866906102
8.086094585
-5.550217669
-4.109615749
-3.634021452
7.366444326
-0.393998042
1.301830456
9.198988364
17.89579174
7.054855409
-16.35055188
7.109387034
-23.69756027
3.770714849
12.71710055
-2.293117246
5.388149587
-6.883163209
1.927601376
4.596132393
14.50861463
3.850637054
5.538629073
3.418171576
5.790314005
-5.4016257
1.447385664
4.3404893
4.254592637
-8.693528871
3.341561514
-3.79591683
-1.407921248
-12.78420989
-3.187275121
-18.75865319
-4.642739275
0.806798742
-6.210548835
2.881506696
-8.051542471
-0.092772432
1.116325623
2.387095343
2.420201663
7.166591616
2.357105249
3.780442073
3.403087314
-1.081373013
-1.009467987
-10.75918765
3.853013061
19.82295617
0.586073363
-2.216011597
0.072678483
4.176702416
23.18832939
3.870966372
9.989103919
0.456790402
-4.582700948
4.910088288
-2.657423535
-7.941490208
3.611324877
-4.206183354
3.862201914
3.909687984
-10.56493351
1.725372813
-0.440217941
2.776703474
-8.763280324
3.780466982
-0.563724255
7.063606264
1.979425838
-0.948379833
8.940236674
-2.698253762
5.779044029
-1.25577434
19.81270908
2.368856186
2.108864855
-2.694631808
-4.099018681
7.59465917
-3.303538711
3.778220068
-7.430561806
4.254513132
-4.345688103
5.758839994
-7.056509498
-13.22976784
-0.085924083
-2.96496564
-5.584481804
-2.104058545
4.696400715
6.924543234
2.181303791
1.921695895
-3.792256861
4.05190251
-2.657608778
1.913759222
3.640880452
2.865041592
-5.400942609
-5.269948465
5.10287445
3.62750488
20.62261956
-1.563446975
1.124329302
4.177001317
-3.20996537
0.227410736
-7.10399042
-9.313226941
4.554073556
0.609131866
11.2244004
5.667352241
-4.845054732
-2.160105703
-5.400483529
-4.136653519
-2.90371596
-7.863923037
3.915202072
-1.903454701
1.819598101
6.230100239
-5.249263884
-4.443301233
-5.64305741
6.920433083
5.349810728
17.91202112
3.123806122
-3.030310114
8.559688289
3.207239671
1.620007627
44.18098725
4.030709938
-0.110110257
9.492394067
-4.309184866
4.375896691
-1.040418396
3.625257576
2.220303069
3.592075409
0.058695918
-6.748415332
-36.69953164
-4.379387309
9.236787964
-4.16566293
2.401565199
3.881263329
9.668595305
1.904744738
-2.958923086
0.094128354
2.088386813
0.368400577
-4.214690187
1.596368087
-1.139424713
2.418174518
25.17114464
6.435249411
-16.61061003
5.175616704
4.837754587
-4.485625941
0.861515528
-4.484221743
-3.665543822
17.13503335
-1.712709547
-0.707939152
4.581959111
-2.042962635
-7.065140786
3.980850133
-41.68738494
0.428414865
-0.497450882
-19.845205
1.409709294
-1.776165598
5.182777904
3.580652438
0.778485474
-32.25672456
7.187293044
8.608808441
-1.635701426
0.584508613
8.018094791
4.799973385
-2.313515897
-2.347725595
-3.96797559
-5.165205387
1.296913008
4.412024485
11.04600331
-9.958320628
1.434741087
-2.214438215
-4.916946595
5.822814523
7.786233258
2.586821609
-0.097178341
1.378480834
6.060904842
4.122996687
3.772637754
-0.168811105
5.37412572
-3.614607865
4.39516078
5.813327006
-4.699599022
2.204878212
2.998544919
-0.777599931
-1.710528611
4.058553188
1.680779124
5.355588983
-5.854479177
3.59482494
1.838998098
1.768872941
-7.435376187
-9.352274171
0.030056956
-0.896721964
3.475560487
-0.608358952
3.585946995
8.089165916
-4.298427471
4.388807875
-1.663707027
3.019290867
3.089565085
4.150284322
-4.556099052
-3.719710492
15.31477447
-3.870260822
1.263069783
-1.079716964
-0.726331554
8.9673096
-0.385563945
3.752001614
3.410691681
-6.123448219
-8.542826136
-16.74330742
-3.227139434
-1.012207726
-5.248763292
6.165056354
0.440251608
1.162008949
10.88675652
-3.661393721
-5.427325541
-8.513893825
1.565906193
10.6921906
10.78153651
-1.914417341
2.400177098
-4.080117201
1.62031004
-3.42827716
-1.371603452
-7.120398899
-0.009852153
4.326138526
3.668637334
13.50459952
14.53244642
12.54199021
-0.808102608
-3.244050622
-1.569120595
-7.433658277
-1.677619622
4.235942403
0.286190985
-2.263756294
-2.419393033
4.07517092
1.618177518
10.12320478
1.092599904
-1.035163113
0.271674052
-17.10181292
4.073988798
-4.482881736
-6.466923428
-6.355882311
3.687525789
4.358450672
4.061723688
-0.714514707
5.6309976
17.32837516
1.830443668
2.566392955
7.131321004
-1.273012877
4.003347327
-0.037015474
1.198689178
-5.339639345
-3.272934083
1.478525353
1.37470966
-0.199827908
6.15477453
-0.257632548
15.30419137
4.333084206
3.443602158
6.86334414
1.976734955
10.25835049
5.341234968
4.059836423
-2.759952435
0.881155982
1.551326441
6.096509005
11.2810178
-2.812818582
6.512646865
1.042825302
-0.708409522
11.07440138
4.804948334
5.111239005
-1.031006974
5.578132814
6.736490804
13.19409652
-11.96785836
2.309103795
5.290893371
7.233707951
-7.120650232
1.867075534
3.744567591
1.27718391
3.094179965
8.861467854
-3.609960884
1.719088889
8.409856148
3.939340249
10.64402169
-0.803038878
-3.529671954
4.737104147
-3.423473353
-7.69759198
5.551198806
4.874774616
-1.180269395
-1.616277098
9.76877433
-9.137419189
0.169336711
0.955934737
-1.980318546
-2.189250342
-2.058486141
2.746254685
3.081040214
-10.58035969
2.312817298
-0.890701685
9.833066867
-3.40167255
5.519029518
0.756642813
3.703633493
-2.614609597
1.963249844
-12.30974501
-1.073742024
2.216321068
-1.803576454
2.455844059
-10.8932513
2.206416866
-3.608605882
1.850757801
-3.879991992
4.479929718
-2.716873136
-7.740464944
38.45047339
-3.095457205
4.254123566
9.118206169
15.94417886
-1.13167905
-2.593028806
-3.86707965
-5.431145221
1.509467301
0.944040746
0.052497605
-1.328828667
-5.841972894
4.409482981
-1.50747161
4.541620154
-3.429361393
8.403501179
-1.503378283
3.646903237
9.588610901
1.544311967
5.572626695
4.534629223
5.030084568
1.888688907
2.81300493
29.18948802
3.221781568
18.17359749
2.145772292
-3.636287469
4.826218049
-4.926481205
-0.432053133
-3.449567537
-5.917274571
-0.268691663
2.744545792
6.508212767
-24.88503056
-5.656674431
-1.277864638
6.761879385
2.998475947
-4.7904701
-2.268298197
14.83065704
-2.274464762
-2.86545806
-18.63503513
0.855835478
5.575792476
-1.185119072
-1.127232955
0.692036535
-0.589909294
0.704502208
-5.304868248
-0.035984517
18.09921006
-0.526946744
-3.559557351
2.116917524
3.567872517
8.643763988
-1.515119418
3.178926106
5.524875189
26.23877273
-0.775035266
1.293053767
4.820905091
-3.164038454
2.719846976
4.251290385
0.207316765
5.566276478
4.778129999
3.318473151
0.626053911
3.461981686
1.965680599
113.9486648
1.777498612
6.577214272
1.94612574
1.358353912
-4.270891066
6.015903784
11.51208515
1.551113744
-0.637286254
5.295420212
2.271494045
2.276487966
1.196891044
1.696982176
-3.500743498
3.971282826
0.852190379
-3.452512097
1.568435861
-7.516596554
-4.116687037
-7.966255296
-3.216129054
4.508658007
10.60971229
1.943893456
4.269018889
-9.658161183
-0.25919405
2.053606929
-9.725684558
-4.315061058
-0.446772993
3.617485639
-6.99110625
3.893591091
-6.028476298
-1.851543635
2.2462303
1.492502301
-4.579682986
-2.379069592
-2.622825041
6.975858862
-0.093313782
5.216301457
-6.22386951
4.046240871
2.345823028
-10.97262414
-0.650801167
-3.272308503
-1.624405301
11.51754446
3.17154604
-1.570213203
4.049012932
0.248031575
3.979748539
8.45849122
-0.272559115
-11.64559887
-3.262064482
6.22095203
0.753512068
4.669102349
14.67903367
-2.95309153
-8.395926827
-1.412027859
5.880462624
-3.261137579
2.822475874
-4.838908369
-9.719570538
-2.462247305
-5.200048494
47.54069486
3.923446394
5.622054031
-4.337130607
7.901382639
3.649485406
-7.551041656
-3.388861154
3.765551479
3.796094537
0.029278974
0.859619292
-10.60310883
2.776028319
-9.64959383
-3.407581264
-2.760164416
0.121916072
-4.333662406
-1.670012469
-3.8625647
-2.643340809
2.957808924
2.054375958
-0.028572903
6.796630215
1.165121909
-3.71705278
2.584989163
3.807363861
-0.940272023
2.400838663
0.610837669
-3.74316451
4.270690022
-1.3425223
0.151378872
-4.6568396
2.928734554
-1.547459025
-1.383746189
1.878686529
16.85047276
2.899011301
-1.780512405
-1.454528758
-4.690533711
5.537342516
1.627177008
-4.811938361
-2.419390019
0.884227475
13.83382267
-5.50896489
7.8898125
3.991195503
3.853828836
-4.459780211
-15.45644829
2.33473103
2.699379681
-1.827599695
1.750776995
5.190211218
-6.913735668
17.47552501
2.666654092
4.68437558
5.176394542
0.461249053
-1.444386256
1.262425806
10.71725066
3.84262354
0.363767834
-8.88481405
-1.376500597
2.007717801
40.52307436
-4.18359075
-0.067328392
3.542322811
-7.052290812
1.719998633
9.574120799
-6.78060447
-1.340411875
-6.815985336
-7.074528163
2.065757267
-1.112759855
-2.89815577
1.326571739
34.74618355
0.276968131
7.63247113
-2.79484887
-5.436915749
-2.643200743
4.670640393
-2.858170986
-2.638334933
-0.409685809
-6.104234481
-6.464333791
-0.422159033
-2.23748326
2.693971318
-8.265257932
5.030256015
-0.854638156
-5.673071757
-3.002477656
-18.72066024
8.081184971
-0.088311115
5.753037537
-2.037275007
-1.97098216
4.48501485
-0.121796829
5.944570953
-4.385061282
-0.226438085
4.919166096
1.360240513
1.508827092
6.709770873
-5.888796201
2.37117404
-3.302932962
2.572846346
2.827602643
1.884147414
1.864216832
-3.81546889
4.10554889
-3.733731195
-4.636352267
-3.8068141
7.337876735
-0.913472441
4.298767199
-2.939335111
3.357606078
1.149891357
-4.998863994
3.37093184
-0.614008687
4.078860575
7.815873773
-3.400172919
1.149285908
-1.903125898
0.021470875
-10.54516349
0.20157688
40.77228838
4.423994281
4.683303648
9.048358718
-11.04669167
3.913419883
-3.934805177
5.48021867
0.347672664
8.45939069
-2.523072529
1.363395117
-2.751333907
1.01005026
-1.182895719
-0.628181784
0.118175256
-1.291365545
-5.452146319
12.92662374
-4.190687503
-5.417410005
15.27772164
8.563019653
1.123740104
-3.546975401
1.374732498
4.487837831
3.798883857
2.973979491
16.28279579
-1.795374507
-21.17495931
-6.189868274
10.99059873
7.540024407
-191.8496222
1.500016516
9.323090658
0.908609748
4.027129088
-2.10446266
10.51739482
9.434158943
4.420977577
-1.8413104
-4.964285042
1.670974954
-2.791936479
-19.92241897
-0.924685527
-3.297677273
-3.235819983
3.502525141
3.143005588
3.52157192
-5.790720347
3.673591369
-5.129578013
-2.297201847
-2.118439969
-2.359026996
-2.64636623
21.76761477
1.869684905
10.632709
-4.458545675
1.98797515
3.662084197
-1.776843625
-8.646893212
16.33013354
-1.445502813
2.058924125
3.129624968
-4.19691041
3.513115084
7.191018399
-1.047230652
12.89549359
-1.097684424
5.366084748
6.994258752
3.386274617
6.848840251
1.236663067
-0.347217175
3.250835107
1.513883979
-1.323970431
7.251861293
-2.106687217
13.27316104
-2.193624546
0.327336963
1.777426847
2.411640538
-0.781347846
-7.782676747
16.69397837
4.099546748
3.036746139
4.700121831
-1.253804555
-3.397423846
-1.645922994
0.151109897
-2.530140683
-1.894626193
-1.8765378
-2.833070907
-1.893501265
-5.555167753
-4.174460803
-3.432790856
1.462249548
3.839800178
-4.794775017
0.929739923
-3.646457769
-1.890831531
8.128192077
-3.260344773
6.453699498
-4.109873249
-4.297552956
-4.386299765
5.964595695
10.17034623
-3.281858316
12.35987871
-3.975215429
-1.425909827
11.9230372
4.432804072
-2.100090099
2.863681463
-0.706323027
3.115441932
5.716727129
6.958247569
-0.904726101
-4.016964635
4.72384164
3.996681907
2.074047402
0.132074944
4.133324081
-3.071520881
-0.410276658
0.042841811
1.039774901
3.164226402
-2.605634895
-4.945368706
0.108082549
1.328020161
5.875351097
-3.429211075
-1.781979364
-0.584322109
3.632749993
-6.15721093
12.26402542
-4.71874342
3.306884734
-43.65973208
12.35925693
1.139121573
3.555892243
-1.547636526
-2.037728942
-4.141333292
0.269697995
-0.078218691
1.542681305
-0.724461663
0.771457622
-8.539845688
4.275524319
-5.040840894
-3.673200164
-2.856727888
5.559982369
-1.113579407
9.013691234
5.211710105
5.921588479
0.48448828
-13.90398831
4.475815995
-44.06106486
-5.158351546
4.914908202
15.28648572
-22.76698687
3.189631882
4.867549229
-8.562720007
5.34044122
-0.061669357
-2.999741868
2.058410032
2.210723277
3.047202427
-6.309022716
2.323081532
-6.298084853
22.29893732
-3.180822658
-2.898858606
4.578869138
1.864328151
3.5536178
7.179813392
-2.768186407
-3.125478907
-4.61246726
-7.229848424
3.321711432
4.28195842
2.64986298
-3.377754633
-0.619564281
3.837709062
4.831998981
13.33692838
3.651373284
-3.447125575
4.831059785
3.744075683
1.018195532
3.7856105
-1.99425955
0.647466943
3.414920456
-17.48233906
-3.029258722
6.242270764
-1.456762082
-1.161357107
-5.523702034
-5.385584813
3.943255459
1.432415087
0.943944349
12.6392524
7.770961308
3.665619226
11.0835247
-1.859549888
-11.83889185
-5.690894739
-7.186864696
-8.216786128
-3.732678303
3.473616643
-4.356583941
5.562786165
4.854051289
-30.2104087
-3.917286013
9.441363677
4.404880661
4.896874202
-5.123417706
1.996068735
0.898021634
-1.038085145
3.218430017
-0.891909981
4.330037734
-12.7710255
-1.814160378
1.345306222
-5.379452592
7.657398934
2.577025523
3.906099231
10.33549666
9.859407592
-0.754622142
0.109023864
-2.809051624
-3.768366199
-3.973350802
4.610360666
-18.9292781
-1.134486386
5.47627177
-3.706517666
2.802493739
4.229913046
-3.108818652
0.775178065
3.695957027
3.401968956
5.184431037
-10.5128698
3.851155634
-3.152741795
-0.924886367
8.827981412
-3.754367486
-23.23734761
-1.102082804
2.681857584
-1.035007384
-0.242247602
-5.275387292
-1.088522421
-3.783793786
3.495891303
3.071433467
2.732942415
4.434192002
2.06041865
9.473028354
2.813189598
8.385023892
4.204754595
3.32031677
3.65562796
-2.755607799
0.877356346
4.364744321
0.81133956
-10.35876849
-0.264846565
3.945062318
4.834239861
3.643529413
-3.229552162
-2.847186118
-2.77470239
-4.614307272
0.954839112
2.91549317
-4.96099012
-3.456219233
-3.059619526
1.800222428
-3.968120654
-6.996132867
7.56058318
4.347772365
-2.627239623
-18.41570646
3.820863479
-1.107759822
1.830729868
-4.501272212
-0.583142713
1.949212837
7.439604467
1.001574198
-0.184151411
1.842763209
-3.397023956
3.174017283
-3.160986166
-1.384829297
0.655318764
-1.581256207
4.574953392
4.984476147
0.578543724
3.084712248
-2.80600724
-19.31454661
2.936194301
-1.893970823
-3.975695562
-4.273517199
-0.851513004
3.565593504
-0.906082985
6.919242917
0.887882101
-3.638665743
-0.758260178
-4.645556846
-4.623344829
3.967520305
-3.815559097
-3.099270613
0.33077208
9.881434837
-1.700054496
3.226181012
0.361961716
7.859254648
0.451607156
-4.424569808
10.2935775
-1.359226128
-4.75597564
-4.635580517
-0.276712305
