name a20 apoptosis bclxl bid caspase ceramide creb ctla4 cytoskeletonsignaling disc erk fas fasl fast flip fyn gap gpcr grb2 gzmb iap ifng ifngt il2 il2ra il2rat il2rb il2rbt jak lck mcl1 mek nfat nfkb p2 p27 pdgfr pi3k plcg1 proliferation rantes ras s1p sfas smad socs sphk1 stat3 tbet tcr tnf tpl2 tradd zap70 il15 stimuli cd45 stimuli2 pdgf tax
A1.1 0.0033 0.1642 -0.2194 0.2888 0.2581 1.0 0.4137 0.0176 0.067 0.2987 1.0 0.2499 0.266 0.0033 0.0989 0.1054 0.01 -0.2228 0.0929 0.4222 -0.1037 0.1627 0.2377 -0.195 -0.0397 -0.0306 0.3265 0.652 0.0602 0.0745 0.0039 0.0655 -0.0015 0.0122 0.0598 0.0099 -0.1575 -0.0038 -0.0083 0.0007 0.0033 0.1261 -0.4951 -0.213 -0.2005 0.0304 -0.0709 0.0313 1.0 0.0338 0.0033 0.0003 0.0306 0.0 0.1 0.1 0.0 0.0 0.0 0.0
A1.2 0.0117 0.1909 -0.2533 0.3368 0.3 1.0 0.4251 0.0567 0.0852 0.3035 1.0 0.2664 0.2817 0.0117 0.1136 0.1339 0.0072 -0.2228 0.0938 0.5357 -0.1155 0.2027 0.3509 -0.1794 -0.034 -0.0216 0.3296 0.652 0.0716 0.0946 0.0262 0.1664 0.039 0.0431 0.0745 0.0118 -0.1575 0.0968 -0.0079 0.0008 0.0117 0.1277 -0.4951 -0.2243 -0.2005 0.0307 -0.0709 0.0372 1.0 0.1089 0.0117 0.0268 0.0329 0.0 0.1 0.1 0.0 0.0 0.0 0.0
A1.3 0.0423 0.221 -0.2776 0.4651 0.3474 1.0 0.4559 0.1318 0.1392 0.3149 1.0 0.3021 0.3262 0.0423 0.1579 0.2187 0.0004 -0.2228 0.1033 0.5721 -0.1409 0.3109 0.3846 -0.1349 -0.0163 0.0081 0.3383 0.652 0.1061 0.179 0.0422 0.1706 0.1402 0.156 0.1142 0.0175 -0.1575 0.0998 -0.0037 0.0012 0.0423 0.1359 -0.4951 -0.2308 -0.2005 0.0323 -0.0709 0.0551 1.0 0.0611 0.0423 0.0387 0.0358 0.0155 0.1 0.1 0.0 0.0 0.0 0.0
A1.4 0.1553 0.294 -0.2803 0.4996 0.462 1.0 0.5472 0.0928 0.2317 0.3362 1.0 0.3994 0.4442 0.1553 0.2825 0.207 -0.0003 -0.2228 0.1191 0.5985 -0.1445 0.2802 0.3979 -0.1169 -0.0046 0.032 0.3938 0.752 0.2411 0.1707 0.0644 0.1757 0.1416 0.2037 0.261 0.0399 -0.1575 0.1034 0.0034 0.0028 0.1553 0.1456 -0.4951 -0.2348 -0.2005 0.0693 -0.0709 0.1253 1.0 -0.014 0.1553 0.0811 0.0197 0.0155 0.1 0.1 0.0 0.0 0.0 0.0
A1.5 0.1626 0.4099 -0.2887 0.5018 0.487 1.0 0.5238 0.0176 0.198 0.4979 1.0 0.5426 0.4651 0.1626 0.2258 0.1541 -0.0003 -0.2228 0.1417 0.5709 -0.1401 0.1982 0.4178 -0.096 0.0089 0.0596 0.4979 0.752 0.2513 0.109 0.0697 0.1828 0.1436 0.2306 0.2309 0.0734 -0.1575 0.1084 0.0136 0.0052 0.1626 0.1593 -0.4951 -0.2929 -0.2005 0.0683 -0.0709 0.2306 1.0 0.0339 0.1626 0.1849 0.0173 0.0 0.1 0.1 0.0 0.0 0.0 0.0
A1.6 0.1538 0.4095 -0.2907 0.4954 0.4864 1.0 0.4242 0.0176 0.2617 0.5365 1.0 0.5409 0.4645 0.1538 0.0814 0.2541 0.0335 -0.2228 0.2486 0.5346 -0.1439 0.1996 0.4221 -0.0966 0.0067 0.0542 0.4978 0.752 0.2481 0.204 0.0647 0.2367 0.159 0.1984 0.2314 0.1728 -0.1575 0.1465 0.1618 -0.0585 0.1538 0.2631 -0.4951 -0.2953 -0.2005 0.0674 -0.0709 0.2289 1.0 0.0339 0.1538 0.1906 0.0198 0.0155 0.1 0.1 0.0 0.0 0.0 0.0
A1.7 0.1538 0.4095 -0.2907 0.4954 0.4864 1.0 0.4242 0.0928 0.2505 0.5365 1.0 0.5409 0.4645 0.1538 0.0814 0.2365 0.0335 -0.2228 0.2486 0.5346 -0.1439 0.1996 0.4221 -0.0966 0.0067 0.0542 0.4978 0.752 0.2481 0.1916 0.0647 0.2367 0.159 0.1984 0.2314 0.1728 -0.1575 0.1465 0.1618 -0.0585 0.1538 0.2631 -0.4951 -0.2953 -0.2005 0.0674 -0.0709 0.2289 1.0 -0.014 0.1538 0.1906 0.0198 0.0155 0.1 0.1 0.0 0.0 0.0 0.0
A1.8 0.1538 0.4095 -0.2907 0.4954 0.4864 1.0 0.4242 0.0567 0.2793 0.5364 1.0 0.5409 0.4645 0.1538 0.0814 0.2817 0.0335 -0.2228 0.2486 0.5346 -0.1439 0.1996 0.4221 -0.0966 0.0067 0.0542 0.4978 0.752 0.2481 0.2236 0.0647 0.2367 0.159 0.1984 0.2314 0.1728 -0.1575 0.1465 0.1618 -0.0585 0.1538 0.2631 -0.4951 -0.2953 -0.2005 0.0674 -0.0709 0.2289 1.0 0.1089 0.1538 0.1906 0.0198 0.0155 0.1 0.1 0.0 0.0 0.0 0.0
A1.9 0.1538 0.4095 -0.2907 0.4954 0.4864 1.0 0.4242 0.1318 0.2681 0.5364 1.0 0.5409 0.4645 0.1538 0.0814 0.2641 0.0335 -0.2228 0.2486 0.5346 -0.1439 0.1996 0.4221 -0.0966 0.0067 0.0542 0.4978 0.752 0.2481 0.2111 0.0647 0.2367 0.159 0.1984 0.2314 0.1728 -0.1575 0.1465 0.1618 -0.0585 0.1538 0.2631 -0.4951 -0.2953 -0.2005 0.0674 -0.0709 0.2289 1.0 0.0611 0.1538 0.1906 0.0198 0.0155 0.1 0.1 0.0 0.0 0.0 0.0
A1.10 0.1524 0.4101 -0.2917 0.4977 0.4873 1.0 0.4239 0.0567 0.1792 0.5356 1.0 0.5395 0.4618 0.1524 0.0805 0.2816 0.0189 -0.2228 0.2485 0.5343 -0.1458 0.1985 0.42 -0.0992 0.0058 0.0527 0.4973 0.752 0.247 0.2235 0.0609 0.2124 0.1521 0.1931 0.231 0.1727 -0.1575 0.1294 0.0617 0.0415 0.1524 0.2164 -0.4951 -0.296 -0.2005 0.0676 -0.0709 0.2283 1.0 0.1089 0.1524 0.1861 0.0206 0.0155 0.1 0.1 0.0 0.0 0.0 0.0
A2.1 0.0087 0.1345 -0.1799 0.2286 0.2113 1.0 0.1272 0.0176 0.0405 0.2973 0.2143 0.1452 0.0786 0.0087 0.0122 0.0636 0.1361 -0.2228 1.0 0.3187 -0.0778 0.1702 0.2538 -0.1784 -0.0355 -0.0259 0.1798 0.3634 0.0434 0.045 0.0053 0.2729 0.0575 0.032 0.0625 0.0072 -0.1575 0.1428 0.3999 0.0005 0.0087 0.5252 -0.4951 -0.1959 -0.2005 0.0221 -0.0709 0.0225 1.0 0.0338 0.0087 0.0364 0.022 0.0 0.1 0.1 0.0 0.0 0.0 0.0
A2.2 0.0525 0.2681 -0.2463 0.4424 0.4212 1.0 0.2538 0.0928 0.2044 0.3297 0.4678 0.2611 0.2201 0.0525 0.0908 0.164 0.1658 -0.2228 1.0 0.4926 -0.1254 0.288 0.4158 -0.1027 -0.0041 0.028 0.243 0.4565 0.187 0.1404 0.0677 0.4462 0.2186 0.1935 0.2639 0.0309 -0.1575 0.2947 0.4999 0.0022 0.0525 0.6662 -0.4951 -0.2522 -0.2005 0.0503 -0.0709 0.0972 1.0 -0.014 0.0525 0.0878 0.0296 0.0155 0.1 0.1 0.0 0.0 0.0 0.0
A2.3 0.0133 0.1648 -0.2191 0.2866 0.2589 1.0 0.1595 0.0567 0.0604 0.3002 0.2737 0.1664 0.1024 0.0133 0.0316 0.0949 0.1786 -0.2228 1.0 0.4391 -0.0959 0.2072 0.3608 -0.17 -0.0322 -0.0206 0.1927 0.3852 0.0536 0.0671 0.0189 0.3438 0.0777 0.0491 0.0761 0.0089 -0.1575 0.1929 0.4999 0.0006 0.0133 0.6615 -0.4951 -0.2103 -0.2005 0.0235 -0.0709 0.0279 1.0 0.1089 0.0133 0.0497 0.0267 0.0 0.1 0.1 0.0 0.0 0.0 0.0
A2.4 0.0227 0.1997 -0.255 0.4196 0.3138 1.0 0.2215 0.1318 0.1167 0.3017 0.3663 0.1986 0.1436 0.0227 0.0755 0.1833 0.1753 -0.2228 1.0 0.4848 -0.1381 0.3055 0.3752 -0.1528 -0.0256 -0.0095 0.2138 0.4192 0.0771 0.154 0.0464 0.4444 0.1181 0.0838 0.1122 0.0127 -0.1575 0.2934 0.4999 0.0009 0.0227 0.6627 -0.4951 -0.2256 -0.2005 0.0272 -0.0709 0.04 1.0 0.0611 0.0227 0.0765 0.038 0.0155 0.1 0.1 0.0 0.0 0.0 0.0
A2.5 0.1647 0.364 -0.2272 0.4221 0.4148 1.0 0.3312 0.0176 0.1622 0.3594 0.4686 0.3684 0.3456 0.1647 0.1986 0.0978 0.161 -0.2228 1.0 0.5022 -0.1093 0.2073 0.438 -0.0774 0.0125 0.0621 0.3001 0.5568 0.2262 0.0692 0.0947 0.4471 0.2189 0.2384 0.2343 0.0692 -0.1575 0.2953 0.4999 0.0049 0.1647 0.668 -0.4951 -0.2683 -0.2005 0.0571 -0.0709 0.2175 1.0 0.0339 0.1647 0.1291 0.0077 0.0 0.1 0.1 0.0 0.0 0.0 0.0
A2.6 0.1617 0.3877 -0.261 0.4479 0.452 1.0 0.2313 0.0176 0.244 0.5381 0.4686 0.4742 0.3452 0.1617 0.0252 0.2263 0.1611 -0.2228 1.0 0.4656 -0.121 0.2077 0.4393 -0.0778 0.0122 0.0616 0.4 0.5568 0.2399 0.1844 0.0764 0.4471 0.2189 0.2273 0.2344 0.1715 -0.1575 0.2953 0.4999 -0.0586 0.1617 0.668 -0.4951 -0.2816 -0.2005 0.0613 -0.0709 0.2247 1.0 0.0338 0.1617 0.228 0.0117 0.0155 0.1 0.1 0.0 0.0 0.0 0.0
A2.7 0.1617 0.3877 -0.2611 0.4479 0.4521 1.0 0.2313 0.0927 0.2328 0.5382 0.4686 0.4742 0.3452 0.1617 0.0252 0.2087 0.1611 -0.2228 1.0 0.4656 -0.121 0.2077 0.4393 -0.0778 0.0122 0.0616 0.4 0.5568 0.2399 0.1719 0.0764 0.4471 0.2189 0.2273 0.2344 0.1715 -0.1575 0.2953 0.4999 -0.0586 0.1617 0.668 -0.4951 -0.2816 -0.2005 0.0613 -0.0709 0.2247 1.0 -0.014 0.1617 0.228 0.0117 0.0155 0.1 0.1 0.0 0.0 0.0 0.0
A2.8 0.1617 0.3877 -0.261 0.4479 0.452 1.0 0.2313 0.1318 0.1504 0.5381 0.4686 0.4742 0.3452 0.1617 0.0252 0.2363 0.1611 -0.2228 1.0 0.4656 -0.121 0.2077 0.4393 -0.0778 0.0122 0.0616 0.4 0.5568 0.2399 0.1914 0.0764 0.4471 0.2189 0.2273 0.2344 0.1715 -0.1575 0.2953 0.4999 -0.0586 0.1617 0.668 -0.4951 -0.2816 -0.2005 0.0613 -0.0709 0.2247 1.0 0.0611 0.1617 0.228 0.0117 0.0155 0.1 0.1 0.0 0.0 0.0 0.0
A2.9 0.1617 0.3877 -0.261 0.4479 0.452 1.0 0.2313 0.0567 0.2616 0.5381 0.4686 0.4742 0.3452 0.1617 0.0252 0.2539 0.1611 -0.2228 1.0 0.4656 -0.121 0.2077 0.4393 -0.0778 0.0122 0.0616 0.4 0.5568 0.2399 0.2039 0.0764 0.4471 0.2189 0.2273 0.2344 0.1715 -0.1575 0.2953 0.4999 -0.0586 0.1617 0.668 -0.4951 -0.2816 -0.2005 0.0613 -0.0709 0.2247 1.0 0.1089 0.1617 0.228 0.0117 0.0155 0.1 0.1 0.0 0.0 0.0 0.0
A2.10 0.1617 0.3877 -0.261 0.4479 0.452 1.0 0.2313 0.1318 0.2504 0.5381 0.4686 0.4742 0.3452 0.1617 0.0252 0.2363 0.1611 -0.2228 1.0 0.4656 -0.121 0.2077 0.4393 -0.0778 0.0122 0.0616 0.4 0.5568 0.2399 0.1914 0.0764 0.4471 0.2189 0.2273 0.2344 0.1715 -0.1575 0.2953 0.4999 -0.0586 0.1617 0.668 -0.4951 -0.2816 -0.2005 0.0613 -0.0709 0.2247 1.0 0.0611 0.1617 0.228 0.0117 0.0155 0.1 0.1 0.0 0.0 0.0 0.0
A2.11 0.171 0.3792 -0.2474 0.4329 0.4387 1.0 0.2316 0.0567 0.0981 0.5099 0.4687 0.4759 0.3503 0.171 0.1364 0.1542 0.1601 -0.2228 1.0 0.4659 -0.1088 0.2085 0.4398 -0.0727 0.0156 0.0684 0.401 0.5568 0.2444 0.109 0.0868 0.4473 0.2189 0.2618 0.2347 0.1722 -0.1575 0.2954 0.4999 0.0415 0.171 0.6683 -0.4951 -0.2744 -0.2005 0.0616 -0.0709 0.227 1.0 0.1089 0.171 0.2315 0.0066 0.0 0.1 0.1 0.0 0.0 0.0 0.0
A3.1 -0.0031 0.1124 -0.149 0.1403 0.1766 1.0 0.0647 0.0176 0.189 0.2897 0.0467 0.1091 0.0239 -0.0031 -0.0126 0.2971 0.0134 -0.2228 0.2846 0.2949 -0.0537 0.1668 0.2478 -0.1895 -0.0362 -0.0238 1.0 0.3018 0.1595 0.21 0.1324 0.0728 0.0006 -0.0114 0.0613 0.0264 -0.1575 0.0014 0.0779 0.0019 -0.0031 0.1402 -0.4951 -0.1879 -0.2005 0.0591 -0.0709 0.0829 1.0 0.0338 -0.0031 -0.0008 0.0166 0.0 0.1 0.1 0.0 0.0 0.0 0.0
A3.2 0.0402 0.3444 -0.2016 0.3417 0.384 1.0 0.1771 0.0176 0.3527 0.3586 0.3257 0.3155 0.2884 0.0402 0.0364 0.3971 0.0587 -0.2228 0.3916 0.4443 -0.0972 0.2018 0.429 -0.0975 0.0048 0.0496 1.0 0.4043 0.2846 0.3051 0.1925 0.2766 0.1703 0.1481 0.2322 0.1789 -0.1575 0.1747 0.2261 -0.0581 0.0402 0.3398 -0.4951 -0.2956 -0.2005 0.0786 -0.0709 0.2479 1.0 0.0338 0.0402 0.0554 0.023 0.0155 0.1 0.1 0.0 0.0 0.0 0.0
A3.3 0.0113 0.2503 -0.2146 0.3568 0.3933 1.0 0.1615 0.0927 0.3415 0.3264 0.2245 0.251 0.2212 0.0113 0.0395 0.3795 0.0664 -0.2228 0.3916 0.4562 -0.1231 0.2776 0.3985 -0.1384 -0.0106 0.0245 1.0 0.3671 0.2801 0.2927 0.1856 0.2751 0.0699 0.0418 0.2601 0.1781 -0.1575 0.1737 0.2261 0.0419 0.0113 0.3369 -0.4951 -0.2553 -0.2005 0.0852 -0.0709 0.2455 1.0 -0.014 0.0113 0.0445 0.0352 0.0155 0.1 0.1 0.0 0.0 0.0 0.0
A3.4 -0.0011 0.1417 -0.1811 0.1946 0.2227 1.0 0.0851 0.0567 0.2703 0.2927 0.0721 0.1267 0.0419 -0.0011 0.0021 0.4247 0.0299 -0.2228 0.3916 0.4115 -0.0722 0.2058 0.3598 -0.178 -0.0297 -0.0109 1.0 0.3111 0.2583 0.3246 0.1438 0.1031 0.0092 -0.0039 0.0756 0.0427 -0.1575 0.0228 0.1261 0.003 -0.0011 0.1984 -0.4951 -0.2026 -0.2005 0.0865 -0.0709 0.1342 1.0 0.1089 -0.0011 0.0049 0.0218 0.0155 0.1 0.1 0.0 0.0 0.0 0.0
A3.5 0.0042 0.1755 -0.2027 0.3203 0.2758 1.0 0.1365 0.1318 0.3591 0.2956 0.132 0.158 0.0831 0.0042 0.0413 0.4071 0.0691 -0.2228 0.3916 0.4544 -0.1147 0.3093 0.3864 -0.1524 -0.0152 0.0176 1.0 0.3331 0.2804 0.3122 0.1705 0.1746 0.0295 0.0154 0.1136 0.0782 -0.1575 0.0733 0.2261 0.0055 0.0042 0.336 -0.4951 -0.2186 -0.2005 0.0881 -0.0709 0.2457 1.0 0.0611 0.0042 0.0186 0.0338 0.0155 0.1 0.1 0.0 0.0 0.0 0.0
A3.6 0.153 0.3244 -0.1773 0.2723 0.3525 1.0 0.1779 0.0567 0.3703 0.3604 0.326 0.3314 0.2982 0.153 0.1432 0.4247 0.0568 -0.2228 0.3916 0.4452 -0.0625 0.2043 0.4329 -0.0877 0.0112 0.0627 1.0 0.5044 0.3245 0.3246 0.3009 0.2769 0.1704 0.1954 0.2331 0.1855 -0.1575 0.175 0.2261 -0.0576 0.153 0.3405 -0.4951 -0.2513 -0.2005 0.0886 -0.0709 0.2686 1.0 0.1089 0.153 0.0969 -0.0045 0.0155 0.1 0.1 0.0 0.0 0.0 0.0
A3.7 0.1515 0.3714 -0.2385 0.3842 0.4265 1.0 0.1779 0.0176 0.3527 0.5315 0.326 0.4435 0.2974 0.1515 0.0038 0.3971 0.057 -0.2228 0.3916 0.4452 -0.1048 0.2042 0.4328 -0.0886 0.0107 0.0616 1.0 0.5044 0.3238 0.3051 0.1657 0.2769 0.1704 0.1896 0.2331 0.1853 -0.1575 0.1749 0.2261 -0.0576 0.1515 0.3404 -0.4951 -0.2762 -0.2005 0.0885 -0.0709 0.2682 1.0 0.0338 0.1515 0.1963 0.0084 0.0155 0.1 0.1 0.0 0.0 0.0 0.0
A3.8 0.1515 0.3714 -0.2385 0.3842 0.4265 1.0 0.1779 0.0927 0.3415 0.5315 0.326 0.4435 0.2974 0.1515 0.0038 0.3794 0.057 -0.2228 0.3916 0.4452 -0.1048 0.2042 0.4328 -0.0886 0.0107 0.0616 1.0 0.5044 0.3238 0.2927 0.1657 0.2769 0.1704 0.1896 0.2331 0.1853 -0.1575 0.1749 0.2261 -0.0576 0.1515 0.3404 -0.4951 -0.2762 -0.2005 0.0885 -0.0709 0.2682 1.0 -0.014 0.1515 0.1963 0.0084 0.0155 0.1 0.1 0.0 0.0 0.0 0.0
A3.9 0.1562 0.3468 -0.2324 0.368 0.3877 1.0 0.178 0.0176 0.3527 0.5309 0.3261 0.4388 0.2999 0.1562 0.0064 0.3971 0.0565 -0.2228 0.3916 0.4453 0.0045 0.2046 0.433 -0.086 0.0123 0.065 1.0 0.5044 0.3259 0.3051 0.1681 0.277 0.1704 0.2069 0.2332 0.1857 -0.1575 0.175 0.2261 -0.0576 0.1562 0.3406 -0.4951 -0.262 -0.2005 0.0887 -0.0709 0.2694 1.0 0.0338 0.1562 0.198 -0.0251 0.0155 0.1 0.1 0.0 0.0 0.0 0.0
A3.10 0.1583 0.3174 -0.201 0.2386 0.3416 1.0 0.1781 0.0927 0.3415 0.5291 0.3261 0.4318 0.3011 0.1583 0.008 0.3795 0.0563 -0.2228 0.3916 0.4454 0.0535 0.2048 0.4331 -0.0849 0.0131 0.0666 1.0 0.5044 0.3269 0.2927 0.1695 0.277 0.1705 0.2148 0.2333 0.1859 -0.1575 0.175 0.2261 -0.0576 0.1583 0.3407 -0.4951 -0.2461 -0.2005 0.0888 -0.0709 0.2699 1.0 -0.014 0.1583 0.1988 -0.0401 0.0155 0.1 0.1 0.0 0.0 0.0 0.0
A3.11 0.1515 0.3714 -0.2385 0.3841 0.4264 1.0 0.1779 0.0566 0.3703 0.5315 0.326 0.4435 0.2974 0.1515 0.0038 0.4246 0.057 -0.2228 0.3916 0.4452 -0.1048 0.2042 0.4328 -0.0886 0.0107 0.0616 1.0 0.5044 0.3238 0.3246 0.1657 0.2769 0.1704 0.1896 0.2331 0.1853 -0.1575 0.1749 0.2261 -0.0576 0.1515 0.3404 -0.4951 -0.2762 -0.2005 0.0885 -0.0709 0.2682 1.0 0.1089 0.1515 0.1963 0.0084 0.0155 0.1 0.1 0.0 0.0 0.0 0.0
A3.12 0.1515 0.3714 -0.2385 0.3841 0.4264 1.0 0.1779 0.1317 0.3591 0.5315 0.326 0.4435 0.2974 0.1515 0.0038 0.4071 0.057 -0.2228 0.3916 0.4452 -0.1048 0.2042 0.4328 -0.0886 0.0107 0.0616 1.0 0.5044 0.3238 0.3122 0.1657 0.2769 0.1704 0.1896 0.2331 0.1853 -0.1575 0.1749 0.2261 -0.0576 0.1515 0.3404 -0.4951 -0.2762 -0.2005 0.0885 -0.0709 0.2682 1.0 0.0611 0.1515 0.1963 0.0084 0.0155 0.1 0.1 0.0 0.0 0.0 0.0
A3.13 0.1639 0.3204 -0.1793 0.1816 0.3462 1.0 0.1783 0.1318 0.3591 0.5007 0.3262 0.435 0.3041 0.1639 0.1173 0.4071 0.0557 -0.2228 0.3916 0.4456 -0.0215 0.2052 0.4333 -0.0818 0.0151 0.0706 1.0 0.5045 0.3295 0.3122 0.2779 0.2771 0.1705 0.2355 0.2335 0.1863 -0.1575 0.1751 0.2261 -0.0575 0.1639 0.3409 -0.4951 -0.2459 -0.2005 0.0889 -0.0709 0.2712 1.0 0.0611 0.1639 0.2009 -0.0185 0.0155 0.1 0.1 0.0 0.0 0.0 0.0
A4.1 -0.0067 0.1247 -0.1679 0.1987 0.196 1.0 0.051 0.0176 0.0996 0.2869 0.0135 0.1017 0.0042 -0.0067 -0.0191 0.1565 -0.009 -0.2228 0.1441 0.2887 -0.0778 0.1618 0.237 -0.2006 -0.0423 -0.0354 0.5062 1.0 0.0823 0.1107 0.0317 0.0332 -0.0107 -0.0249 0.0594 0.0136 -0.1575 -0.0267 0.0147 0.001 -0.0067 0.0639 -0.4951 -0.1954 -0.2005 0.0381 -0.0709 0.0428 1.0 0.0338 -0.0067 -0.0087 0.0243 0.0 0.1 0.1 0.0 0.0 0.0 0.0
A4.2 -0.0004 0.2567 -0.2263 0.4038 0.4034 1.0 0.1151 0.0928 0.2715 0.302 0.106 0.1706 0.0663 -0.0004 0.0223 0.2695 0.0518 -0.2228 0.2816 0.4368 -0.1487 0.2675 0.3773 -0.1625 -0.0208 0.0066 0.6137 1.0 0.2135 0.2149 0.0888 0.1435 0.0207 -0.0015 0.2563 0.0671 -0.1575 0.0514 0.1766 0.0047 -0.0004 0.2762 -0.4951 -0.2622 -0.2005 0.07 -0.0709 0.2109 1.0 -0.014 -0.0004 0.0118 0.0447 0.0155 0.1 0.1 0.0 0.0 0.0 0.0
A4.3 0.0061 0.3554 -0.225 0.3922 0.4013 1.0 0.1247 0.0176 0.2832 0.3391 0.1986 0.2694 0.2034 0.0061 0.003 0.2878 0.0495 -0.2228 0.2824 0.4204 -0.1398 0.1817 0.3887 -0.1495 -0.0169 0.0121 0.6162 1.0 0.2051 0.2279 0.1021 0.2442 0.0611 0.0225 0.2248 0.1657 -0.1575 0.1518 0.1769 0.041 0.0061 0.2775 -0.4951 -0.3115 -0.2005 0.0649 -0.0709 0.2066 1.0 0.0338 0.0061 0.0375 0.041 0.0155 0.1 0.1 0.0 0.0 0.0 0.0
A4.4 -0.0062 0.1524 -0.2039 0.2486 0.2395 1.0 0.0634 0.0567 0.1354 0.287 0.0203 0.1115 0.0085 -0.0062 -0.0079 0.2127 -0.0045 -0.2228 0.1727 0.4014 -0.0957 0.1966 0.3397 -0.198 -0.0408 -0.0326 0.6067 1.0 0.103 0.1504 0.0525 0.0413 -0.0084 -0.0227 0.0722 0.017 -0.1575 -0.0209 0.0276 0.0012 -0.0062 0.0794 -0.4951 -0.2097 -0.2005 0.0438 -0.0709 0.0535 1.0 0.1089 -0.0062 -0.0071 0.0296 0.0 0.1 0.1 0.0 0.0 0.0 0.0
A4.5 -0.0039 0.187 -0.2343 0.3828 0.2939 1.0 0.1005 0.1318 0.1883 0.2857 0.0459 0.1311 0.0275 -0.0039 0.0249 0.2958 0.0119 -0.2228 0.2803 0.4376 -0.1434 0.2938 0.3526 -0.1857 -0.0337 -0.0185 0.6091 1.0 0.2111 0.2335 0.0661 0.0718 0.0003 -0.0142 0.1079 0.0349 -0.1575 0.0006 0.076 0.0025 -0.0039 0.1381 -0.4951 -0.227 -0.2005 0.0738 -0.0709 0.1097 1.0 0.0611 -0.0039 -0.0013 0.0436 0.0155 0.1 0.1 0.0 0.0 0.0 0.0
A4.6 0.0374 0.3537 -0.216 0.3861 0.3987 1.0 0.1668 0.0567 0.3023 0.3564 0.3005 0.3098 0.2734 0.0374 0.0314 0.3179 0.0416 -0.2228 0.2848 0.4397 -0.1154 0.198 0.4208 -0.1059 0.0003 0.0407 0.6248 1.0 0.226 0.2491 0.116 0.2465 0.1618 0.1379 0.2308 0.1692 -0.1575 0.1534 0.178 -0.0587 0.0374 0.2819 -0.4951 -0.3012 -0.2005 0.0626 -0.0709 0.2174 1.0 0.1089 0.0374 0.0494 0.0289 0.0155 0.1 0.1 0.0 0.0 0.0 0.0
A4.7 0.1503 0.3337 -0.1916 0.3164 0.3671 1.0 0.1676 0.1318 0.2915 0.3583 0.3009 0.3258 0.2833 0.1503 0.1382 0.3008 0.0399 -0.2228 0.2853 0.4406 -0.0807 0.2005 0.4247 -0.0961 0.0067 0.0539 0.6267 1.0 0.2662 0.2371 0.2248 0.247 0.1619 0.1853 0.2317 0.1758 -0.1575 0.1538 0.1783 -0.0583 0.1503 0.2828 -0.4951 -0.2569 -0.2005 0.0727 -0.0709 0.2383 1.0 0.0611 0.1503 0.0909 0.0013 0.0155 0.1 0.1 0.0 0.0 0.0 0.0
A4.8 0.1487 0.3807 -0.2528 0.4283 0.4411 1.0 0.1676 0.0176 0.285 0.5293 0.3009 0.4379 0.2824 0.1487 -0.0011 0.2908 0.04 -0.2228 0.2853 0.4405 -0.123 0.2004 0.4246 -0.097 0.0061 0.0528 0.6265 1.0 0.2654 0.23 0.0896 0.2469 0.1619 0.1795 0.2317 0.1757 -0.1575 0.1538 0.1783 -0.0583 0.1487 0.2827 -0.4951 -0.2819 -0.2005 0.0727 -0.0709 0.2379 1.0 0.0338 0.1487 0.1904 0.0143 0.0155 0.1 0.1 0.0 0.0 0.0 0.0
A4.9 0.1487 0.3807 -0.2528 0.4283 0.4411 1.0 0.1676 0.0927 0.2738 0.5293 0.3009 0.4379 0.2824 0.1487 -0.0011 0.2732 0.04 -0.2228 0.2853 0.4405 -0.123 0.2004 0.4246 -0.097 0.0061 0.0528 0.6265 1.0 0.2654 0.2175 0.0896 0.2469 0.1619 0.1795 0.2317 0.1757 -0.1575 0.1538 0.1783 -0.0583 0.1487 0.2827 -0.4951 -0.2819 -0.2005 0.0727 -0.0709 0.2379 1.0 -0.014 0.1487 0.1904 0.0143 0.0155 0.1 0.1 0.0 0.0 0.0 0.0
A4.10 0.1555 0.3267 -0.2152 0.2826 0.3562 1.0 0.1678 0.0176 0.2852 0.527 0.3011 0.4262 0.2862 0.1555 0.003 0.291 0.0393 -0.2228 0.2855 0.4407 0.0354 0.201 0.425 -0.0933 0.0086 0.0578 0.6273 1.0 0.2687 0.2301 0.0935 0.2471 0.1619 0.2047 0.2319 0.1762 -0.1575 0.1539 0.1783 -0.0582 0.1555 0.2831 -0.4951 -0.2517 -0.2005 0.0729 -0.0709 0.2396 1.0 0.0338 0.1555 0.1929 -0.0343 0.0155 0.1 0.1 0.0 0.0 0.0 0.0
A4.11 0.1612 0.3297 -0.1936 0.2256 0.3609 1.0 0.168 0.0928 0.2741 0.4986 0.3012 0.4294 0.2893 0.1612 0.1124 0.2736 0.0388 -0.2228 0.2857 0.4409 -0.0397 0.2014 0.4253 -0.0902 0.0105 0.0619 0.6279 1.0 0.2714 0.2178 0.202 0.2473 0.162 0.2254 0.2321 0.1767 -0.1575 0.154 0.1784 -0.0582 0.1612 0.2834 -0.4951 -0.2516 -0.2005 0.0731 -0.0709 0.241 1.0 -0.014 0.1612 0.195 -0.0126 0.0155 0.1 0.1 0.0 0.0 0.0 0.0
A4.12 0.1487 0.3807 -0.2528 0.4283 0.4411 1.0 0.1676 0.0566 0.3026 0.5293 0.3009 0.4378 0.2824 0.1487 -0.0011 0.3183 0.04 -0.2228 0.2853 0.4405 -0.1229 0.2004 0.4247 -0.097 0.0061 0.0528 0.6265 1.0 0.2654 0.2495 0.0896 0.2469 0.1619 0.1795 0.2317 0.1757 -0.1575 0.1538 0.1783 -0.0583 0.1487 0.2827 -0.4951 -0.2819 -0.2005 0.0727 -0.0709 0.2379 1.0 0.1089 0.1487 0.1904 0.0143 0.0155 0.1 0.1 0.0 0.0 0.0 0.0
A4.13 0.1487 0.3807 -0.2528 0.4283 0.4411 1.0 0.1676 0.1318 0.2914 0.5293 0.3009 0.4379 0.2824 0.1487 -0.0011 0.3008 0.04 -0.2228 0.2853 0.4405 -0.123 0.2004 0.4246 -0.097 0.0061 0.0528 0.6265 1.0 0.2654 0.237 0.0896 0.2469 0.1619 0.1795 0.2317 0.1757 -0.1575 0.1538 0.1783 -0.0583 0.1487 0.2827 -0.4951 -0.2819 -0.2005 0.0727 -0.0709 0.2379 1.0 0.0611 0.1487 0.1904 0.0143 0.0155 0.1 0.1 0.0 0.0 0.0 0.0
A4.14 0.1534 0.3561 -0.2467 0.4121 0.4023 1.0 0.1677 0.0567 0.3027 0.5288 0.301 0.4332 0.285 0.1534 0.0015 0.3185 0.0396 -0.2228 0.2854 0.4407 -0.0137 0.2008 0.4249 -0.0944 0.0078 0.0562 0.627 1.0 0.2676 0.2496 0.092 0.247 0.1619 0.1968 0.2318 0.1761 -0.1575 0.1538 0.1783 -0.0583 0.1534 0.283 -0.4951 -0.2676 -0.2005 0.0729 -0.0709 0.2391 1.0 0.1089 0.1534 0.1921 -0.0192 0.0155 0.1 0.1 0.0 0.0 0.0 0.0
A5.1 0.0005 0.1654 -0.2213 0.2933 0.2599 1.0 0.4132 0.0176 0.0669 0.297 1.0 0.2472 0.261 0.0005 0.0973 0.1051 -0.0181 -0.2228 0.0926 0.4215 -0.1074 0.1607 0.2335 -0.2 -0.0414 -0.0334 0.3255 0.652 0.058 0.0743 -0.0033 0.0189 -0.0148 0.0019 0.059 0.0096 -0.1575 -0.0368 -0.0084 0.0007 0.0005 0.0363 -0.4951 -0.2144 -0.2005 0.0307 -0.0709 0.0302 1.0 0.0338 0.0005 -0.0084 0.0321 0.0 0.1 0.1 0.0 0.0 0.0 0.0
A5.2 0.004 0.3075 -0.3068 0.5279 0.4831 1.0 0.5401 0.0928 0.2474 0.3119 1.0 0.3462 0.3768 0.004 0.1551 0.2316 0.0053 -0.2228 0.2437 0.5902 -0.1911 0.2555 0.3497 -0.1843 -0.0325 -0.0158 0.4806 0.752 0.1893 0.1882 0.0383 0.0616 -0.0026 0.0147 0.2519 0.0313 -0.1575 -0.0066 0.0596 0.0022 0.004 0.1186 -0.4951 -0.2872 -0.2005 0.067 -0.0709 0.0984 1.0 -0.014 0.004 -0.0001 0.0567 0.0155 0.1 0.1 0.0 0.0 0.0 0.0
A5.3 0.0156 0.3904 -0.2693 0.4817 0.4564 1.0 0.5174 0.0176 0.2595 0.3056 1.0 0.3842 0.4036 0.0156 0.239 0.2507 0.0445 -0.2228 0.2452 0.5633 -0.166 0.1757 0.374 -0.1574 -0.0172 0.0143 0.4858 0.752 0.1875 0.2016 0.069 0.1335 0.0178 0.0574 0.2226 0.0628 -0.1575 0.0443 0.1602 0.0044 0.0156 0.257 -0.4951 -0.3268 -0.2005 0.0612 -0.0709 0.1974 1.0 0.0339 0.0156 0.016 0.0474 0.0155 0.1 0.1 0.0 0.0 0.0 0.0
A5.4 0.0003 0.1974 -0.2636 0.3539 0.3103 1.0 0.4229 0.0567 0.0939 0.3127 1.0 0.3084 0.3623 0.0003 0.1036 0.1476 -0.0158 -0.2228 0.1075 0.5331 -0.1298 0.1949 0.3351 -0.1987 -0.0407 -0.0321 0.3777 0.752 0.071 0.1043 0.0044 0.0231 -0.0136 0.0012 0.0716 0.0117 -0.1575 -0.0338 -0.0018 0.0008 0.0003 0.0444 -0.4951 -0.2311 -0.2005 0.0344 -0.0709 0.0369 1.0 0.1089 0.0003 -0.0077 0.0389 0.0 0.1 0.1 0.0 0.0 0.0 0.0
A5.5 0.0012 0.2301 -0.2976 0.4834 0.3617 1.0 0.4494 0.1318 0.1646 0.3085 1.0 0.3193 0.3659 0.0012 0.1321 0.2586 -0.0102 -0.2228 0.1431 0.5644 -0.1767 0.2879 0.3388 -0.1951 -0.0387 -0.028 0.4784 0.752 0.1007 0.2072 0.0272 0.0331 -0.0107 0.0044 0.1058 0.0166 -0.1575 -0.0267 0.0143 0.0012 0.0012 0.0638 -0.4951 -0.2479 -0.2005 0.0425 -0.0709 0.0523 1.0 0.0611 0.0012 -0.0058 0.0528 0.0155 0.1 0.1 0.0 0.0 0.0 0.0
A5.6 0.0426 0.3826 -0.2538 0.4532 0.444 1.0 0.4235 0.1318 0.2678 0.3635 1.0 0.4129 0.4555 0.0426 0.1139 0.2636 0.0352 -0.2228 0.2481 0.5338 -0.1364 0.1972 0.4183 -0.1055 0.0009 0.0421 0.496 0.752 0.2087 0.2108 0.0911 0.2362 0.1588 0.1568 0.2305 0.1663 -0.1575 0.1462 0.1615 -0.059 0.0426 0.2622 -0.4951 -0.3146 -0.2005 0.0574 -0.0709 0.2084 1.0 0.0611 0.0426 0.0496 0.0344 0.0155 0.1 0.1 0.0 0.0 0.0 0.0
A5.7 0.0121 0.3879 -0.2676 0.4668 0.4524 1.0 0.4189 0.0567 0.2775 0.3474 1.0 0.3876 0.4125 0.0121 0.0976 0.2788 0.0429 -0.2228 0.2457 0.5283 -0.1629 0.1809 0.3862 -0.1486 -0.016 0.0142 0.4876 0.752 0.1882 0.2215 0.0775 0.234 0.0582 0.0447 0.2246 0.1629 -0.1575 0.1446 0.1605 0.0408 0.0121 0.2579 -0.4951 -0.3265 -0.2005 0.0597 -0.0709 0.1978 1.0 0.1089 0.0121 0.0381 0.047 0.0155 0.1 0.1 0.0 0.0 0.0 0.0
A5.8 0.1554 0.3624 -0.2294 0.3834 0.4124 1.0 0.4243 0.0927 0.2506 0.3654 1.0 0.4288 0.4653 0.1554 0.2207 0.2366 0.0334 -0.2228 0.2487 0.5347 -0.1017 0.1997 0.4222 -0.0957 0.0073 0.0553 0.4979 0.752 0.2488 0.1916 0.1999 0.2367 0.159 0.2042 0.2315 0.173 -0.1575 0.1466 0.1618 -0.0585 0.1554 0.2632 -0.4951 -0.2703 -0.2005 0.0675 -0.0709 0.2293 1.0 -0.014 0.1554 0.0912 0.0068 0.0155 0.1 0.1 0.0 0.0 0.0 0.0
A5.9 0.1538 0.4095 -0.2907 0.4954 0.4864 1.0 0.4242 0.0176 0.2617 0.5365 1.0 0.5409 0.4645 0.1538 0.0814 0.2541 0.0335 -0.2228 0.2486 0.5346 -0.1439 0.1996 0.4221 -0.0966 0.0067 0.0542 0.4978 0.752 0.2481 0.204 0.0647 0.2367 0.159 0.1984 0.2314 0.1728 -0.1575 0.1465 0.1618 -0.0585 0.1538 0.2631 -0.4951 -0.2953 -0.2005 0.0674 -0.0709 0.2289 1.0 0.0339 0.1538 0.1906 0.0198 0.0155 0.1 0.1 0.0 0.0 0.0 0.0
A5.10 0.1538 0.4095 -0.2907 0.4954 0.4864 1.0 0.4242 0.0928 0.2505 0.5365 1.0 0.5409 0.4645 0.1538 0.0814 0.2365 0.0335 -0.2228 0.2486 0.5346 -0.1439 0.1996 0.4221 -0.0966 0.0067 0.0542 0.4978 0.752 0.2481 0.1916 0.0647 0.2367 0.159 0.1984 0.2314 0.1728 -0.1575 0.1465 0.1618 -0.0585 0.1538 0.2631 -0.4951 -0.2953 -0.2005 0.0674 -0.0709 0.2289 1.0 -0.014 0.1538 0.1906 0.0198 0.0155 0.1 0.1 0.0 0.0 0.0 0.0
A5.11 0.1663 0.3584 -0.2314 0.2926 0.4061 1.0 0.4245 0.0176 0.2619 0.5056 1.0 0.5324 0.4712 0.1663 0.1948 0.2545 0.0323 -0.2228 0.249 0.535 -0.0606 0.2006 0.4227 -0.0899 0.0111 0.0633 0.4991 0.752 0.254 0.2043 0.1772 0.2371 0.1591 0.2443 0.2318 0.1738 -0.1575 0.1468 0.1619 -0.0584 0.1663 0.2638 -0.4951 -0.265 -0.2005 0.0679 -0.0709 0.232 1.0 0.0338 0.1663 0.1952 -0.0071 0.0155 0.1 0.1 0.0 0.0 0.0 0.0
A5.12 0.1538 0.4095 -0.2907 0.4954 0.4864 1.0 0.4242 0.0567 0.2793 0.5364 1.0 0.5409 0.4645 0.1538 0.0814 0.2817 0.0335 -0.2228 0.2486 0.5346 -0.1439 0.1996 0.4221 -0.0966 0.0067 0.0542 0.4978 0.752 0.2481 0.2236 0.0647 0.2367 0.159 0.1984 0.2314 0.1728 -0.1575 0.1465 0.1618 -0.0585 0.1538 0.2631 -0.4951 -0.2953 -0.2005 0.0674 -0.0709 0.2289 1.0 0.1089 0.1538 0.1906 0.0198 0.0155 0.1 0.1 0.0 0.0 0.0 0.0
A5.13 0.1538 0.4095 -0.2907 0.4954 0.4864 1.0 0.4242 0.1318 0.2681 0.5364 1.0 0.5409 0.4645 0.1538 0.0814 0.2641 0.0335 -0.2228 0.2486 0.5346 -0.1439 0.1996 0.4221 -0.0966 0.0067 0.0542 0.4978 0.752 0.2481 0.2111 0.0647 0.2367 0.159 0.1984 0.2314 0.1728 -0.1575 0.1465 0.1618 -0.0585 0.1538 0.2631 -0.4951 -0.2953 -0.2005 0.0674 -0.0709 0.2289 1.0 0.0611 0.1538 0.1906 0.0198 0.0155 0.1 0.1 0.0 0.0 0.0 0.0
A5.14 0.1607 0.3555 -0.2531 0.3497 0.4015 1.0 0.4244 0.0567 0.2794 0.5341 1.0 0.5292 0.4682 0.1607 0.0855 0.2819 0.0329 -0.2228 0.2489 0.5348 0.0144 0.2002 0.4225 -0.0929 0.0091 0.0592 0.4985 0.752 0.2514 0.2237 0.0686 0.2369 0.159 0.2236 0.2316 0.1734 -0.1575 0.1467 0.1619 -0.0585 0.1607 0.2635 -0.4951 -0.2651 -0.2005 0.0677 -0.0709 0.2306 1.0 0.1089 0.1607 0.1931 -0.0288 0.0155 0.1 0.1 0.0 0.0 0.0 0.0
A5.15 0.1585 0.3848 -0.2845 0.4792 0.4476 1.0 0.4243 0.1318 0.2682 0.5359 1.0 0.5363 0.467 0.1585 0.084 0.2643 0.0331 -0.2228 0.2488 0.5348 -0.0347 0.2 0.4224 -0.0941 0.0084 0.0576 0.4983 0.752 0.2503 0.2112 0.0672 0.2368 0.159 0.2157 0.2316 0.1732 -0.1575 0.1466 0.1618 -0.0585 0.1585 0.2633 -0.4951 -0.281 -0.2005 0.0676 -0.0709 0.2301 1.0 0.0611 0.1585 0.1923 -0.0137 0.0155 0.1 0.1 0.0 0.0 0.0 0.0
A6.1 0.0877 0.1266 -0.157 0.1477 0.199 1.0 0.4023 0.0176 0.0697 0.3503 0.921 0.3203 0.3978 0.0877 0.1383 0.1096 -0.0472 -0.2228 0.0971 0.4324 0.0078 0.2247 0.3648 -0.0427 0.0143 0.0539 0.3413 0.623 0.122 0.0775 0.2192 1.0 0.4025 0.3232 0.0825 0.0202 -0.1575 1.0 -0.0064 0.0014 0.0877 0.0497 -0.4951 -0.1681 -0.2005 0.019 -0.0709 0.0634 1.0 0.0338 0.0877 0.2646 -0.0157 0.0 0.1 0.1 0.0 0.0 0.0 0.0
A6.2 0.1187 0.1547 -0.1872 0.2012 0.2431 1.0 0.4533 0.0567 0.0923 0.3671 1.021 0.3687 0.4676 0.1187 0.1763 0.1451 -0.0542 -0.2228 0.105 0.5628 0.01 0.2748 0.4975 0.0011 0.0318 0.0832 0.369 0.6597 0.1507 0.1026 0.2368 1.0 0.5025 0.4376 0.1009 0.0249 -0.1575 1.0 -0.0029 0.0018 0.1187 0.057 -0.4951 -0.1734 -0.2005 0.019 -0.0709 0.0783 1.0 0.1089 0.1187 0.276 -0.0211 0.0 0.1 0.1 0.0 0.0 0.0 0.0
A6.3 0.2351 0.1606 -0.2117 0.3149 0.2524 1.0 0.4804 0.1318 0.1547 0.3804 1.021 0.446 0.5811 0.2351 0.3092 0.243 -0.0528 -0.2228 0.1275 0.5948 0.0798 0.3698 0.5036 0.0146 0.0406 0.1013 0.4236 0.7597 0.2143 0.1962 0.256 1.0 0.5025 0.4979 0.1358 0.0354 -0.1575 1.0 0.0073 0.0025 0.2351 0.07 -0.4951 -0.1416 -0.2005 0.0354 -0.0709 0.1113 1.0 0.0611 0.2351 0.3188 -0.0597 0.0155 0.1 0.1 0.0 0.0 0.0 0.0
A6.4 0.2412 0.2121 -0.2463 0.3625 0.3332 1.0 0.5711 0.0928 0.2556 0.5197 1.021 0.5669 0.5928 0.2412 0.3032 0.2446 -0.0499 -0.2228 0.1567 0.6206 -0.0333 0.3371 0.5136 0.0263 0.0483 0.1172 0.5259 0.7597 0.3193 0.1973 0.2568 1.0 0.5025 0.5204 0.2819 0.0528 -0.1575 1.0 0.0204 0.0037 0.2412 0.0865 -0.4951 -0.1665 -0.2005 0.0646 -0.0709 0.1659 1.0 -0.014 0.2412 0.421 -0.0267 0.0155 0.1 0.1 0.0 0.0 0.0 0.0
A6.5 0.2292 0.2862 -0.2481 0.3935 0.4497 1.0 0.547 0.0176 0.2671 0.5648 1.021 0.5897 0.6015 0.2292 0.1624 0.2626 -0.0341 -0.2228 0.2571 0.5921 -0.0532 0.2527 0.5306 0.035 0.054 0.129 0.5276 0.7597 0.3049 0.2101 0.2559 1.0 0.5025 0.4762 0.2509 0.0822 -0.1575 1.0 0.0656 0.0058 0.2292 0.1411 -0.4951 -0.2086 -0.2005 0.0586 -0.0709 0.2584 1.0 0.0338 0.2292 0.4166 -0.0189 0.0155 0.1 0.1 0.0 0.0 0.0 0.0
A6.6 0.2264 0.3803 -0.2411 0.3799 0.4405 1.0 0.447 0.0176 0.2671 0.5814 1.021 0.614 0.6 0.2264 0.1254 0.2625 0.0103 -0.2228 0.2571 0.5553 -0.0502 0.2524 0.5305 0.0335 0.053 0.1269 0.5273 0.7597 0.3036 0.21 0.2511 1.0 0.5025 0.4658 0.2508 0.182 -0.1575 1.0 0.1655 -0.0578 0.2264 0.2767 -0.4951 -0.2584 -0.2005 0.0585 -0.0709 0.2577 1.0 0.0338 0.2264 0.4156 -0.0194 0.0155 0.1 0.1 0.0 0.0 0.0 0.0
A6.7 0.2264 0.3804 -0.2411 0.38 0.4405 1.0 0.447 0.0927 0.2559 0.5814 1.021 0.614 0.6 0.2264 0.1254 0.2449 0.0103 -0.2228 0.2571 0.5553 -0.0503 0.2524 0.5305 0.0335 0.053 0.1269 0.5273 0.7597 0.3036 0.1976 0.2511 1.0 0.5025 0.4658 0.2508 0.182 -0.1575 1.0 0.1655 -0.0578 0.2264 0.2767 -0.4951 -0.2584 -0.2005 0.0585 -0.0709 0.2577 1.0 -0.014 0.2264 0.4156 -0.0194 0.0155 0.1 0.1 0.0 0.0 0.0 0.0
A6.8 0.2264 0.3803 -0.2411 0.3799 0.4405 1.0 0.447 0.0567 0.2847 0.5814 1.021 0.614 0.6 0.2264 0.1254 0.2901 0.0103 -0.2228 0.2571 0.5553 -0.0502 0.2524 0.5305 0.0335 0.053 0.1269 0.5273 0.7597 0.3036 0.2295 0.2511 1.0 0.5025 0.4658 0.2508 0.182 -0.1575 1.0 0.1655 -0.0578 0.2264 0.2767 -0.4951 -0.2584 -0.2005 0.0585 -0.0709 0.2577 1.0 0.1089 0.2264 0.4156 -0.0194 0.0155 0.1 0.1 0.0 0.0 0.0 0.0
A6.9 0.2264 0.3803 -0.2411 0.3799 0.4405 1.0 0.447 0.1318 0.2735 0.5814 1.021 0.614 0.6 0.2264 0.1254 0.2725 0.0103 -0.2228 0.2571 0.5553 -0.0502 0.2524 0.5305 0.0335 0.053 0.1269 0.5273 0.7597 0.3036 0.2171 0.2511 1.0 0.5025 0.4658 0.2508 0.182 -0.1575 1.0 0.1655 -0.0578 0.2264 0.2767 -0.4951 -0.2584 -0.2005 0.0585 -0.0709 0.2577 1.0 0.0611 0.2264 0.4156 -0.0194 0.0155 0.1 0.1 0.0 0.0 0.0 0.0
A6.10 0.2264 0.3803 -0.2411 0.3799 0.4405 1.0 0.447 0.0567 0.2847 0.5814 1.021 0.614 0.6 0.2264 0.1254 0.2901 0.0103 -0.2228 0.2571 0.5553 -0.0502 0.2524 0.5305 0.0335 0.053 0.1269 0.5273 0.7597 0.3036 0.2295 0.2511 1.0 0.5025 0.4658 0.2508 0.182 -0.1575 1.0 0.1655 0.0422 0.2264 0.2767 -0.4951 -0.2584 -0.2005 0.0585 -0.0709 0.2577 1.0 0.1089 0.2264 0.4156 -0.0194 0.0155 0.1 0.1 0.0 0.0 0.0 0.0
