name	MDAMB231_1	MDAMB231_2	MDAMB231_3	MDAMB231_4
ABL1	10.43212696	10.34419772	10.40961649	10.40620234
AKT1	11.00299793	11.10279088	10.97003065	11.08088504
ANXA1	12.69916974	12.93889502	12.68756295	12.89386241
XIAP	9.75297909	9.89960228	10.20839042	9.9142735
ARAF	10.240188	10.03549422	10.15722626	9.97524408
RHOA	12.33631176	12.29629639	12.86848139	12.32642896
ATF3	6.20894753	5.35673255	6.12564438	5.47655783
ATM	9.35638607	9.24476473	9.43668613	9.32319074
BGN	7.10972577	7.01833752	7.11089048	6.99693186
BRAF	7.79811997	7.4909092	7.72919646	7.44341041
BUB1	10.00518402	11.00037269	10.00685052	10.92700709
CASP3	8.70824665	9.24353871	8.77409855	8.21034562
CCNG2	9.16623711	7.94878423	9.19646467	8.02880686
CDK1	9.62796343	10.51774537	9.67349219	10.59559991
CDC20	9.86725022	11.07816171	9.78547988	11.03023357
CDC25A	7.58012417	8.93389866	7.70697159	8.91308668
CDC25C	7.59931277	8.00383669	7.464584	8.08129419
CDK5	7.56923872	7.52417779	7.51247675	7.49632838
CDK6	10.1461377	10.51827644	10.22694147	10.54049906
CDKN1A	10.26198327	10.31263049	10.23178914	10.29359336
CHEK1	9.28040524	9.85249514	9.18937548	9.91402203
CHUK	9.06457347	9.39466611	9.09936618	9.48121122
COL13A1	8.15579664	8.67591491	8.18360183	8.55843161
CREB1	9.68096451	9.8428979	9.67827441	9.8395944
CREBBP	10.54136875	10.23342861	10.51466271	10.2621034
MAPK14	10.70327976	10.85405259	10.83525762	10.59174235
CSNK1E	10.58819241	10.50757384	10.62867692	10.46236081
CSNK2A1	11.32495622	11.35214219	11.38016412	11.38795236
CTNNB1	12.17006454	12.15239972	12.21129594	12.16066965
CYLD	9.0513774	8.8863578	8.98990073	8.83045668
CD55	11.29082979	11.05433626	11.25633557	11.06378184
DUSP1	11.15424737	10.85263745	11.16553183	10.8775162
DVL2	9.41404689	9.38463088	9.46423581	9.39753701
EGFR	12.0248955	11.59971321	11.97651499	11.60006279
ELK1	9.74989501	10.34831963	9.84899861	10.32385729
EP300	10.32748851	9.91167961	10.27208568	9.87768157
ERBB2	9.96119873	9.87067082	9.96366265	9.89706347
ERBB3	4.60167341	4.34925191	4.66686852	3.94672304
FBLN1	9.73703171	9.71477583	9.73276639	9.70995695
FDPS	10.53165125	10.54864475	10.47901827	10.49880034
FGF13	3.00987819	3.10568611	2.95043689	3.16202414
FOXM1	10.02164228	10.93597817	9.95200219	10.91678859
FMR1	9.82721574	9.8534095	9.86640037	9.83065795
FN1	16.03336269	15.68769406	16.02121845	15.69558416
FOS	4.62183994	4.57400723	4.61901798	4.37055545
MTOR	10.17887596	10.20576694	10.18065501	10.18690083
FYN	9.02970921	8.67696827	8.9919091	8.59806028
KAT2A	9.44558308	9.60000287	9.45639646	9.6453253
GSK3B	10.33503625	9.95142719	10.33347286	9.9496478
GSN	10.47790477	9.76455618	10.42654219	9.70141242
HDAC1	10.34472478	10.51494774	10.2936916	10.4585582
HIF1A	13.64878661	13.40243802	13.72784409	13.42780909
HMGB2	10.22086237	10.98643031	10.23233193	10.96574341
HMGCR	9.68844872	9.85752455	9.75403195	9.5473764
DNAJB2	8.39513716	8.05278941	8.45120016	8.08149924
ICAM1	11.03722969	9.58870341	11.01765483	9.6237532
IGF1R	9.58627753	9.1545794	9.51960296	9.18219764
IKBKB	8.82618037	8.60941396	8.74154135	8.53120658
IL4R	9.35751193	9.31431635	9.34653027	8.96390291
IL7R	9.0314193	9.06891326	8.97700825	9.07639596
ITGB8	6.34814248	6.10791965	6.29809289	6.11185924
JUN	9.81710333	10.21395766	9.80478766	10.16384211
LIMK2	7.76645969	8.06550382	7.62149722	8.13127136
LRP1	10.67985237	9.39141131	10.67754902	9.40065456
LTBP3	9.78036592	9.36910579	9.76141542	9.284823
SMAD4	9.96282582	9.74476197	9.94157407	9.8086556
MAPT	4.66456332	4.52147547	4.64260227	4.49505556
MDM2	9.13152445	9.24026179	9.76076287	9.92127282
MAP3K1	8.84428136	8.65323259	8.96911616	8.65034542
MAP3K4	8.79551142	9.06722282	8.88518021	9.10875854
MVD	8.019997	7.7317093	8.03687171	7.71003128
MVK	7.94026283	7.90984504	7.86944861	7.85896232
NFKBIA	10.52698189	10.2534076	10.54377633	10.18045918
NOTCH1	9.75907457	9.07752982	9.68426167	9.13548044
PAK1	8.27265258	8.57833707	8.27846002	8.53643499
PAK2	11.59588488	11.80883693	11.59984957	11.79903635
PDPK1	9.47110656	9.37713586	9.46938969	9.3851438
SERPINA1	10.99438374	9.99570573	10.95844878	9.95283441
PKM	14.64335283	14.77712492	14.64193722	14.75892646
PLK1	9.95703175	10.84936189	9.83426435	10.81291355
PPM1A	9.90769628	9.69638278	10.18673142	9.72791626
PPP2CA	11.34045496	11.64246657	11.33779714	11.7134389
PPP3CA	10.75326057	10.83316767	10.79174058	10.84470811
PPP4C	9.69112386	9.78424566	9.74933519	9.76768289
PPP3CB	10.1434241	10.05588755	10.14292306	10.19553142
PPP3CC	7.37735717	7.58213852	7.50837275	7.50564377
PRKACA	10.6516871	10.7209326	10.62004651	10.6883914
PKIA	5.65494007	5.89125805	5.34298079	5.82278875
PRKCA	11.17744335	11.19331986	11.13379557	11.20085473
PRKCD	9.22548468	9.07409295	9.16143718	9.07838936
PKN1	11.81353649	11.22925523	11.7795584	11.22327694
MAPK1	10.93552864	11.01103932	10.94906267	11.07718612
MAPK3	9.02287524	8.80751917	8.95134146	8.85374311
MAPK6	10.468852	10.49150714	10.52795693	10.52223839
MAPK8	8.83517727	8.91899786	8.64383427	9.177832
MAPK11	4.26638813	4.3215962	4.39546355	4.57768194
MAPK9	9.7959196	9.9697139	9.79101229	10.01275665
MAPK13	9.89275611	9.10362803	9.90663837	9.08906608
MAP2K1	10.01552314	10.32301701	10.04158301	10.23845824
MAP2K3	9.22949868	9.45160819	9.25256576	9.37941379
MAP2K6	3.82922972	3.78459663	3.96723664	3.64993524
MAP2K7	9.29999049	9.19312932	9.32233906	8.89483733
EIF2AK2	9.87635387	9.94275975	9.91229722	9.95542313
PTK6	6.44254366	5.76683787	6.48396055	5.91741108
PTPN1	11.22140523	11.64407416	11.20468363	11.6057875
PTPN11	11.60012639	12.1395744	12.02978968	12.1796584
PTPRA	10.91843635	10.73143336	10.89294707	10.77021842
RAC1	12.56158651	12.4974218	12.56530226	12.53454517
RAD23A	11.23983556	11.36702487	11.1820247	11.30558892
RAF1	10.40674276	10.53627766	10.4184752	10.56229604
RARA	9.35723056	9.07104243	9.0286269	8.94320833
RASGRF1	7.12270635	6.51918939	7.14474432	6.42009375
RB1	10.3151539	10.57921904	10.24442557	10.59460606
RELA	10.73675295	10.53768567	10.65865677	10.67072988
ROCK1	10.63405411	10.73857501	10.64207224	10.73016452
RPS6KA1	8.47998992	8.89423562	8.50250297	8.8148604
RPS6KA2	11.47256627	10.20058092	11.4906736	10.55194374
RPS6KA3	10.57042112	10.57022028	10.58973999	10.59254735
RPS6KB1	9.70243193	9.74964236	9.7478607	9.77384874
S100A2	9.38994054	9.56179399	9.40208909	9.55370322
MAPK12	7.09800697	7.10019623	7.07532941	7.24357171
SELPLG	7.68369483	6.48248357	7.54967119	6.34371131
MAP2K4	9.601479	9.62524534	9.80216632	9.61966527
SHC1	12.55026297	12.1101596	12.555828	12.11190504
SKIL	9.2880175	9.00465439	9.41503211	8.7784494
SKP2	8.11575496	9.47960002	8.24740638	9.4728625
SNAI1	4.57236446	4.37059965	4.51695118	4.54677495
SNRPA	10.12556361	10.41144302	10.11868186	10.41470817
SREBF2	11.31700445	10.47658705	11.27224538	10.36692905
SRPK1	11.87608559	12.22525628	11.921514	12.26711277
STAT3	11.16121217	10.91066701	11.16668464	10.91759214
AURKA	10.07625999	11.02582441	10.15813787	11.02671988
STK10	11.14189424	10.9186483	11.12832492	10.85964398
STK11	9.5390478	9.44084595	9.48248334	9.35769019
TACC1	10.56340241	10.8187512	10.50536345	10.82101978
TAF12	7.15977846	6.59399321	7.16454653	6.61137625
MAP3K7	9.6079233	9.7192143	9.64445311	9.74824177
TBL1X	10.01154219	9.69345637	10.00111721	9.71179022
ELOC	9.13252661	9.45703732	9.14889799	9.4929855
TCF3	10.19490836	10.60056882	10.24625873	10.54881364
TGFA	9.32585269	9.4901994	9.39043472	9.47736127
TGFB1	10.95415746	10.22711734	10.90689243	10.14568543
TOP2A	12.20034291	13.02230899	12.2156097	13.04255429
TP53	10.68878512	10.16467823	10.69670021	10.17786866
TPR	11.68570337	11.89113192	11.69653166	11.89382698
UBE2D3	12.3020909	12.36902199	12.34907593	12.41201513
UBE2I	11.06162004	11.21545846	11.08250782	11.23783185
SUMO1	10.53404005	10.56845728	10.59684079	10.65761015
VDR	8.62906473	8.74306202	8.59779342	8.72455881
VIM	14.91051981	14.9283795	14.89815008	14.93748026
WNT5A	7.27943098	7.05354835	7.32592828	6.98595373
YWHAZ	13.71356787	14.00468125	13.78280567	14.07331698
ZBTB17	7.70546597	7.76036154	7.78558574	7.68416989
MAPKAPK3	10.16135851	10.44640892	10.15149271	10.35920422
HMGA2	10.15414979	10.44031877	10.12957795	10.42903337
CUL2	10.00468357	10.37414165	10.08318839	10.25628083
OGT	11.0400896	10.63863733	11.04957979	10.64859566
PPM1D	7.9815259	8.03178156	7.85666132	8.037379
IKBKG	8.50671909	8.3412343	8.43368077	8.2899985
PIAS1	9.48901681	9.5292538	9.50232263	9.38705458
ADAM9	12.61122305	12.57029723	12.59126617	12.5620578
IQGAP1	13.12996793	12.97948348	13.12872321	12.98765982
HDAC3	9.84842798	10.02732455	9.80683273	9.99109486
KAT2B	8.4250292	8.74178568	8.4714171	8.72809997
TAF1B	8.78935208	9.06723578	8.8529473	9.09869806
PRPF4	9.89569949	10.55073206	9.89241052	10.56359256
RPS6KA5	6.39561298	6.38122616	6.66840521	6.63123771
MAPKAPK2	11.01113273	10.89588309	10.9425122	10.87189513
SNAP29	9.45329029	9.4612066	9.46507202	9.38818545
TAOK2	9.14337132	9.22675892	9.09039735	9.21001741
CKAP5	11.98959295	12.4180547	11.97429651	12.42422611
HUWE1	12.20578702	11.93633774	12.20364458	11.94959744
TRIM28	11.58364197	11.99235009	11.52211843	11.96425845
TNK2	8.51793913	8.54859576	8.59566871	8.48196314
STX6	9.73951034	9.63436671	9.83488934	9.61040654
PIAS3	10.24354568	10.10997313	10.23908586	10.15555486
NDC80	8.62731661	9.50133149	8.52874152	9.47593791
YAP1	11.98133922	11.98782551	11.99623729	12.01955676
PRMT5	11.10898263	11.4133153	11.10619933	11.39409242
TAB1	8.35603095	8.2286231	8.24842248	8.21770727
MAD2L2	8.50951978	8.67585363	8.46922819	8.77190986
PMVK	7.86935154	7.74863493	7.95057324	7.89242724
MAP3K2	10.21697763	9.87982852	10.16691183	9.99555373
COPS5	8.94327152	9.26222639	9.00733478	9.25176257
TRIOBP	10.06868671	9.6814374	9.93770481	9.67818635
CDC37	11.41560169	11.74081143	11.37910807	11.70449286
CHEK2	6.30397029	6.52340142	6.46349368	6.77854243
DKK1	11.9934999	12.2428136	11.99032888	12.26843577
TPX2	11.68788875	12.50099707	11.71174006	12.49368163
TNIK	5.04721362	5.21305524	5.15959474	5.26919769
USP22	11.91274694	11.96290587	11.91086698	11.97559162
SIRT1	9.24806155	9.08758221	9.29826084	9.15962424
TARDBP	11.02218871	11.61610174	11.07957736	11.66443952
BACE1	9.9773937	10.07567667	9.93367302	10.03131088
LATS2	9.43927216	9.34416223	9.46646917	9.33644049
SH3YL1	6.97993139	6.74865522	7.15218381	6.66482374
HIPK2	11.67163406	11.34365776	11.69102782	11.36612389
RHOD	8.21457978	7.81714488	8.18894909	7.89902454
RRM2B	9.56644764	9.48425572	9.58132795	9.47455738
EVL	7.97648286	8.00211513	7.9729007	8.03989987
CXXC5	9.06058798	8.49593559	9.08672367	8.43771471
TRIM33	10.30129323	10.26024313	10.3189487	10.32928844
MOCOS	9.32645004	8.57788754	9.17644178	8.53344322
PAG1	9.15013242	9.23986025	9.30423676	9.18961837
PBK	8.79236766	10.08881214	8.7880002	10.03369095
BIRC6	9.76773104	9.67955329	9.75564932	9.68661224
TAOK1	10.84966297	10.71965937	10.12025634	10.48972825
RFWD2	8.94021202	8.97746135	8.95689957	9.00917447
SETD7	11.42165621	11.47775957	11.40059978	11.55264266
CABLES2	8.39778191	8.63202306	8.49740539	8.62751277
NUF2	8.56345196	9.61524324	8.50136887	9.57536964
MEX3B	4.92738677	5.12127165	4.72995804	4.93022487
COMMD1	7.55360878	7.76989357	7.52980813	7.72034498
AMOTL1	9.97088241	10.14094607	9.93948831	10.13945152
RICTOR	10.35277744	9.81316195	10.42199945	9.84729376
TAOK	9.996517145	9.973209145	9.605326845	9.84987283
PPP3C	9.424680613	9.490397913	9.48101213	9.515294433