name	MDAMB231	MCF10A	Pert
ABL1	0.072169	0.25	0.072168784
ADAM9	0.057532	0.477723	0.035405166
AKT1	0.952419	0.118632	-0.046219559
AMOTL1	0	0.5	0
ANXA1	0.539533	0.065644	0.480576702
ARAF	0.625	0	0.625
ATF3	0.571059	0.064201	0.611748942
ATM	0.025227	0.385072	0.019068645
AURKA	0.562129	0.106807	0.553141614
BACE1	-0.069436	0.489176	-0.062045492
BGN	0.015708	0.588542	0.015219574
BIRC6	0.031673	0.457072	-0.005277492
BRAF	0.5	-0.25	0.5
BUB1	0.492671	0.039323	0.48322631
CABLES2	0.470414	0.044937	0.429499715
CASP3	-0.087389	0.398123	-0.066055723
CCNG2	-0.022455	0.495809	-0.023088052
CD55	0.348572	-0.014648	0.340990064
CDC20	0.521591	-0.060459	0.463788051
CDC25A	0.274246	-0.01112	0.246639787
CDC25C	0.261582	-0.011248	0.270730295
CDC37	0.572169	0.115123	0.572168784
CDK1	0.648463	-0.006247	0.646062749
CDK5	0	0.5	0
CDK6	0.5	0	0.5
CDKN1A	0.051777	0.513434	-0.020429819
CHEK1	0.638529	0.031452	0.7166109
CHEK2	0.518143	0.189622	0.515142473
CHUK	0.5	0.195369	0.5
CHUK:IKBKB	0.102062	0.039879	0.102062073
CKAP5	0.508619	0.019461	0.52133477
COL13A1	0.497821	0.062074	0.492017518
COMMD1	0.485053	-0.148215	0.505897581
COPS2:COPS5	0.195083	0.004749	0.169553664
COPS5	0.551777	0.013434	0.479570181
CREB1	0.633861	0.034173	0.62972502
CREBBP	-0.036665	0.498097	-0.06018231
CSNK1E	0	0.75	0
CSNK2A1	0.13747	0.517123	-0.006671219
CSNK2A1:CSNK2A2:CSNK2B	-0.013771	0.014717	-0.015151177
CSNK2A1:CSNK2A2:CSNK2B:RELA	0.069436	0.010824	0.062045492
CTNNB1	0.099343	0.559986	0.096257038
CUL1:ELK1:FBXO25:RBX1:SKP1	0.322169	0	0.322168784
CUL2	0.5	0	0.5
CXXC5	0.008186	0.506464	0.015739098
CYLD	-0.25	0.438535	-0.25
DKK1	0	0.5	0
DNAJB2	-0.008619	0.480539	-0.02133477
DUSP1	0.051777	0.513434	-0.020429819
DVL2	0.177831	0	0.177831216
EGFR	0.588736	0.08732	0.573840403
EIF2AK2	0.5	0	0.5
EIF2AK2:PDGFB:PDGFRB	0.144338	0	0.144337567
ELK1	0.644338	0	0.644337567
ELOC	0.644338	0	0.644337567
EP300	0.335617	-0.019633	0.274944611
ERBB2	0.167823	0.587427	0.162030042
ERBB3	0.041956	0.646857	0.040507511
EVL	-0.066988	0.386712	-0.063843209
FBLN1	0.007329	0.460677	0.01677369
FDPS	0.06647	0.922616	0.06658143
FGF13	0.008619	0.519461	0.02133477
FMR1	0.5	0	0.5
FN1	0.056916	0.595966	0.104376186
FOS	0.378939	0.640851	0.361151726
FOXM1	0.50211	0.053616	-0.533176262
FYN	0.507329	-0.039323	0.51677369
GSK3B	-0.195101	0.434613	-0.640461823
GSN	-0.151428	0.485352	-0.159009936
HDAC1	0.431223	-0.101932	0.451783474
HDAC3	-0.104496	0.502602	-0.104740448
HIF1A	0.355662	0	0.355662433
HIPK2	-0.036945	0.677697	-0.03703134
HMGA2	0.008619	0.519461	0.02133477
HMGB2	0.492671	0.039323	0.48322631
HMGCR	0.063513	0.761855	0.065302872
HUWE1	0.507329	-0.039323	0.51677369
ICAM1	0.608658	0.079412	0.560886714
IGF1R	0.005107	0.526245	-0.013431454
IKBKB	0	0.549758	0
IKBKG	0.5	0.12293	0.5
IL4R	0.551777	0.013434	0.479570181
IL7R	0.507705	0.007455	0.460932933
IQGAP1	0	0.611803	0
ITGB8	0.029586	0.455063	0.070500285
JUN	0.339424	0.548732	0.758275273
KAT2A	0.492671	0.039323	0.48322631
KAT2B	-0.093823	0.352167	-0.064400671
LATS2	0.373602	0.57896	0.387176679
LIMK2	0.008619	0.519461	0.02133477
LRP1	0.007329	0.460677	0.01677369
LTBP3	0.007329	0.460677	0.01677369
MAD2L2	0.491814	-0.006464	0.484260902
MAP2K1	0.771536	-0.008268	0.770629549
MAP2K3	0.552176	0.235656	-0.552175699
MAP2K4	0.5	0.144338	0.5
MAP2K6	0.070663	0.796701	0.086992674
MAP2K7	0.5	0.144338	0.5
MAP3K1	0.467483	0.072436	0.393256363
MAP3K2	0	0.5	0
MAP3K20	0	0	0
MAP3K4	0.032517	0.427564	0.106743637
MAP3K7	0	0.676777	0
MAPK1	0.218489	0.565467	0.232625717
MAPK11	0.126385	0.624035	0.00755691
MAPK12	0.626385	0.124035	0.50755691
MAPK13	0.600912	0.004257	0.525353026
MAPK14	0.687101	-0.026183	0.628119925
MAPK3	0.127237	0.407775	0.139840861
MAPK6	0.176777	0.5	0.176776695
MAPK8	0.618669	0.089984	0.545482506
MAPK9	0.226954	0.610511	0.134910499
MAPKAP1:MLST8:MTOR:RICTOR	0.102062	0	0.102062073
MAPKAPK2	0.193606	0.633945	0.153083846
MAPKAPK3	0.594862	0.048104	0.588268138
MAPT	0.007329	0.460677	0.01677369
MDM2	0.325014	0.512108	0.223090468
MEX3B	-0.015708	0.411458	-0.015219574
MOCOS	0.507329	-0.039323	0.51677369
MTOR	0.5	0	0.5
MTOR:RICTOR	0.102062	0	0.102062073
MTOR:RPTOR	0.102062	0	0.102062073
MVD	0.132939	0.845232	0.133162859
MVK	0.531756	0.380928	0.532651436
NDC80	0.490333	-0.089794	0.491476836
NFKBIA	0.276546	-0.099116	0.267383497
NOTCH1	0.571079	-0.013533	0.55048346
NUF2	0.490333	-0.089794	0.491476836
OGT	0.467483	0.072436	0.393256363
PAG1	0.509667	0.089794	0.508523164
PAK1	0.015829	0.527042	0.013991471
PAK2	0.5	0	0.5
PBK	0.5	0	0.5
PDPK1	0.027084	0.398338	0.018590872
PIAS1	0.148353	0.659506	0.663599203
PIAS3	0.007329	0.460677	0.01677369
PKIA	-0.015708	0.411458	-0.015219574
PKM	0.069436	0.510824	0.062045492
PKN1	0.644338	0	0.644337567
PLK1	0.77482	0.157661	0.740627021
PMVK	0.265878	0.690464	0.266325718
PPM1A	0	0.5	0
PPM1D	0.058335	0.33823	0.053130623
PPP2CA	0.258919	0.003561	0.256741784
PPP3CA	0	0.5	0
PPP3CB	0	0.5	0
PPP3CC	0	0.5	0
PPP4C	0.5	0	0.5
PRKACA	0	0.5	0
PRKCA	0.036084	0.625	0.036084392
PRKCD	0.482162	-0.007122	0.486516432
PRMT5	0.5	0	0.5
PRPF4	0.5	0	0.5
PTK6	0.679895	-0.000865	0.680185483
PTPN1	0.36253	-0.017123	0.506671219
PTPN11	0.544985	0.14417	0.549441211
PTPRA	0.029586	0.455063	0.070500285
RAC1	0.36253	-0.017123	0.506671219
RAD23A	0.5	0	0.5
RAF1	0.353671	0.080325	0.43689118
RARA	0.107662	0.592831	0.086213487
RASGRF1	0.508186	0.006464	0.515739098
RB1	-0.144338	0.5	-0.144337567
RELA	0.519612	0.081001	0.464305947
RFWD2	-0.066988	0.386712	-0.063843209
RHOA	0.53144	0.504453	0.531702949
RHOD	0.002179	0.437926	0.007982482
RICTOR	0.532517	-0.072436	0.606743637
ROCK1	-0.007329	0.539323	-0.01677369
RPS6KA1	0.604654	0.142535	0.590508215
RPS6KA2	0.025516	0.572169	0.025515518
RPS6KA3	0.508819	-0.002448	0.509641507
RPS6KA5	0.598644	0.152828	0.580147928
RPS6KB1	0.639917	0.101726	0.624750937
RRM2B	0.008186	0.506464	0.015739098
S100A2	-0.007329	0.539323	-0.01677369
SELPLG	0.551777	0.013434	0.479570181
SERPINA1	0.551777	0.013434	0.479570181
SETD7	0	0.5	0
SH3YL1	-0.008619	0.480539	-0.02133477
SHC1	-0.008619	0.480539	-0.02133477
SIRT1	0.784718	0.130412	0.781022746
SKIL	0.008186	0.506464	0.015739098
SKP2	0.5	0.375	0.5
SMAD4	0.069436	0.510824	0.062045492
SNAI1	0.677207	0.06551	0.711114051
SNAP29	0.066988	0.613288	0.063843209
SNRPA	0.508619	0.019461	0.52133477
SPI1	0.109366	0.015907	0.096428595
SREBF2	0.127026	0.52371	0.130605745
SRPK1	0.492671	0.039323	0.48322631
STAT3	0.746741	0.193741	-0.29464304
STK10	0.544985	0.14417	0.549441211
STK11	0.366139	-0.034173	0.37027498
STX6	0.00039	0.527417	-0.010866665
SUMO1	0.533173	0.14747	0.648385293
TAB1	0	0.5	0
TACC1	-0.008186	0.493536	-0.015739098
TAF12	0.007329	0.460677	0.01677369
TAF1B	0.492671	0.039323	0.48322631
TAOK1	0	0.5	0
TAOK2	0	0.5	0
TARDBP	0.5	0	0.5
TBL1X	0.507329	-0.039323	0.51677369
TCF3	-0.324097	0.492265	-0.772291932
TGFA	0.470414	0.044937	0.429499715
TGFB1	0.16374	0.587226	0.144754172
TNIK	0.515708	0.088542	0.515219574
TNK2	0.009667	0.589794	0.008523164
TOP2A	0.490333	-0.089794	0.491476836
TP53	0.508102	0.094841	0.522422978
TP53:SMAD2	0.127026	0.02371	0.130605745
TP63	-0.063513	-0.011855	-0.065302872
TPR	-0.007329	0.539323	-0.01677369
TPX2	0.490333	-0.089794	0.491476836
TRIM28	0.644338	0	0.644337567
TRIM33	0.651428	0.014648	0.659009936
TRIOBP	0.057532	0.477723	0.035405166
UBE2D3	-0.161084	0.5	-0.161084392
UBE2I	0.668082	0.080279	0.73229413
USP22	0	0.5	0
VDR	0.127026	0.52371	0.130605745
VIM	0.067095	0.574558	0.00565642
WNT	0.063513	0.261855	0.065302872
WNT5A	0.022455	0.504191	0.023088052
XIAP	0.051777	0.513434	-0.020429819
YAP1	0.485843	0.075796	0.468330945
YWHAZ	0.5	0	0.5
ZBTB17	0.054683	0.507954	0.048214297
ubiquitin	0.014947	0.148215	-0.005897581