name a20 apoptosis bclxl bid caspase ceramide creb ctla4 cytoskeletonsignaling disc erk fas fasl fast flip fyn gap gpcr grb2 gzmb iap ifng ifngt il2 il2ra il2rat il2rb il2rbt jak lck mcl1 mek nfat nfkb p2 p27 pdgfr pi3k plcg1 proliferation rantes ras s1p sfas smad socs sphk1 stat3 tbet tcr tnf tpl2 tradd zap70 il15 stimuli cd45 stimuli2 pdgf tax
A1.1 0.00331 0.1643 -0.21941 0.28882 0.25817 1.0 0.41374 0.01757 0.06704 0.2987 1.0 0.24991 0.26604 0.00331 0.09885 0.10534 0.01 -0.2228 0.09292 0.42221 -0.10378 0.16274 0.23766 -0.19502 -0.03966 -0.03065 0.32648 0.65203 0.06014 0.07449 0.0039 0.06555 -0.00152 0.01219 0.05978 0.00994 -0.15755 -0.00378 -0.00832 0.0007 0.00331 0.12615 -0.49512 -0.21301 -0.20052 0.03036 -0.0709 0.03125 1.0 0.03382 0.00331 0.00034 0.03063 0.0 0.1 0.1 0.0 0.0 0.0 0.0
A1.2 0.01168 0.19094 -0.25332 0.33686 0.30004 1.0 0.42511 0.05662 0.08517 0.30353 1.0 0.26645 0.28169 0.01168 0.11361 0.13383 0.00717 -0.2228 0.09379 0.53568 -0.11551 0.2027 0.3509 -0.17936 -0.03398 -0.02164 0.32956 0.65203 0.07163 0.09463 0.02618 0.16636 0.03896 0.04305 0.07446 0.01184 -0.15755 0.09679 -0.00792 0.00084 0.01168 0.12771 -0.49512 -0.22435 -0.20052 0.03073 -0.0709 0.03722 1.0 0.10896 0.01168 0.02679 0.03287 0.0 0.1 0.1 0.0 0.0 0.0 0.0
A1.3 0.04232 0.22107 -0.27765 0.46511 0.34738 1.0 0.45591 0.13177 0.13921 0.31495 1.0 0.3021 0.32616 0.04232 0.15794 0.21874 0.00038 -0.2228 0.10325 0.57214 -0.14097 0.31092 0.38456 -0.1349 -0.01631 0.00807 0.33829 0.65203 0.1061 0.17903 0.04225 0.17061 0.14017 0.15595 0.11422 0.01754 -0.15755 0.0998 -0.00367 0.00124 0.04232 0.13589 -0.49512 -0.23081 -0.20052 0.03234 -0.0709 0.05513 1.0 0.06114 0.04232 0.03874 0.03585 0.0155 0.1 0.1 0.0 0.0 0.0 0.0
A1.4 0.15527 0.29404 -0.28031 0.49969 0.46205 1.0 0.54716 0.09273 0.23169 0.33618 1.0 0.3994 0.44417 0.15527 0.28248 0.20693 -0.00029 -0.2228 0.11905 0.59853 -0.14452 0.28018 0.39788 -0.11689 -0.00464 0.03197 0.39379 0.75203 0.24112 0.17068 0.06438 0.17567 0.14161 0.20367 0.26101 0.03987 -0.15755 0.10338 0.00344 0.00282 0.15527 0.14564 -0.49512 -0.23484 -0.20052 0.06931 -0.0709 0.12529 1.0 -0.01401 0.15527 0.08107 0.01972 0.0155 0.1 0.1 0.0 0.0 0.0 0.0
A1.5 0.16257 0.40991 -0.2887 0.50182 0.48698 1.0 0.52384 0.01757 0.19808 0.49794 1.0 0.54262 0.46509 0.16257 0.22582 0.15413 -0.00031 -0.2228 0.1417 0.57092 -0.14014 0.19823 0.41783 -0.09596 0.00888 0.05964 0.4979 0.75203 0.25134 0.10899 0.06972 0.18276 0.14363 0.23057 0.2309 0.07338 -0.15755 0.10839 0.01364 0.00519 0.16257 0.15927 -0.49512 -0.29286 -0.20052 0.06827 -0.0709 0.2306 1.0 0.03382 0.16257 0.18492 0.0173 0.0 0.1 0.1 0.0 0.0 0.0 0.0
A1.6 0.15384 0.40953 -0.29065 0.49536 0.48638 1.0 0.42423 0.01757 0.2617 0.53645 1.0 0.54092 0.46445 0.15384 0.08138 0.25409 0.03355 -0.2228 0.24864 0.53463 -0.14393 0.19959 0.42213 -0.0966 0.00671 0.05417 0.49777 0.75203 0.24809 0.20403 0.06467 0.2367 0.15898 0.19842 0.2314 0.17284 -0.15755 0.14653 0.16176 -0.05849 0.15384 0.26308 -0.49512 -0.29528 -0.20052 0.06742 -0.0709 0.22891 1.0 0.03382 0.15384 0.19058 0.01977 0.0155 0.1 0.1 0.0 0.0 0.0 0.0
A1.7 0.15384 0.40953 -0.29065 0.49536 0.48638 1.0 0.42423 0.09273 0.25052 0.53645 1.0 0.54092 0.46445 0.15384 0.08138 0.23653 0.03355 -0.2228 0.24864 0.53463 -0.14393 0.19959 0.42213 -0.0966 0.00671 0.05417 0.49777 0.75203 0.24809 0.19161 0.06467 0.2367 0.15898 0.19842 0.2314 0.17284 -0.15755 0.14653 0.16176 -0.05849 0.15384 0.26308 -0.49512 -0.29528 -0.20052 0.06742 -0.0709 0.22891 1.0 -0.01401 0.15384 0.19058 0.01977 0.0155 0.1 0.1 0.0 0.0 0.0 0.0
A1.8 0.15384 0.40953 -0.29065 0.49536 0.48638 1.0 0.42423 0.05662 0.27928 0.53645 1.0 0.54092 0.46445 0.15384 0.08138 0.28171 0.03355 -0.2228 0.24864 0.53463 -0.14393 0.19959 0.42213 -0.0966 0.00671 0.05417 0.49777 0.75203 0.24809 0.22355 0.06467 0.2367 0.15898 0.19842 0.2314 0.17284 -0.15755 0.14653 0.16176 -0.05849 0.15384 0.26308 -0.49512 -0.29528 -0.20052 0.06742 -0.0709 0.22891 1.0 0.10896 0.15384 0.19058 0.01977 0.0155 0.1 0.1 0.0 0.0 0.0 0.0
A1.9 0.15384 0.40953 -0.29065 0.49536 0.48638 1.0 0.42423 0.13177 0.2681 0.53645 1.0 0.54092 0.46445 0.15384 0.08138 0.26413 0.03355 -0.2228 0.24864 0.53463 -0.14393 0.19959 0.42213 -0.0966 0.00671 0.05417 0.49777 0.75203 0.24809 0.21113 0.06467 0.2367 0.15898 0.19842 0.2314 0.17284 -0.15755 0.14653 0.16176 -0.05849 0.15384 0.26308 -0.49512 -0.29528 -0.20052 0.06742 -0.0709 0.22891 1.0 0.06114 0.15384 0.19058 0.01977 0.0155 0.1 0.1 0.0 0.0 0.0 0.0
A1.10 0.15239 0.41013 -0.29166 0.4977 0.48732 1.0 0.42393 0.05662 0.17919 0.53555 1.0 0.53952 0.46184 0.15239 0.08054 0.28156 0.01894 -0.2228 0.2485 0.53427 -0.14582 0.19853 0.41995 -0.09921 0.00578 0.05271 0.49726 0.75203 0.24699 0.22345 0.06094 0.21245 0.15207 0.19306 0.23101 0.17266 -0.15755 0.12938 0.06169 0.0415 0.15239 0.2164 -0.49512 -0.29603 -0.20052 0.0676 -0.0709 0.22834 1.0 0.10896 0.15239 0.18606 0.02055 0.0155 0.1 0.1 0.0 0.0 0.0 0.0
A2.1 0.00868 0.13452 -0.17993 0.22863 0.21139 1.0 0.1272 0.01758 0.04046 0.29735 0.21433 0.14523 0.07855 0.00868 0.01218 0.06359 0.13608 -0.2228 1.0 0.31868 -0.07786 0.17025 0.25377 -0.17838 -0.03545 -0.02588 0.17975 0.36335 0.04338 0.04496 0.00532 0.2729 0.05749 0.032 0.06254 0.00717 -0.15755 0.14284 0.39987 0.00051 0.00868 0.5252 -0.49512 -0.19593 -0.20052 0.02207 -0.0709 0.02254 1.0 0.03382 0.00868 0.03638 0.02204 0.0 0.1 0.1 0.0 0.0 0.0 0.0
A2.2 0.05251 0.26803 -0.24628 0.44233 0.42116 1.0 0.25385 0.09273 0.20438 0.32965 0.46782 0.26112 0.22005 0.05251 0.09081 0.16402 0.16581 -0.2228 1.0 0.49257 -0.12539 0.28798 0.41581 -0.10274 -0.00412 0.02799 0.243 0.45649 0.18699 0.14033 0.06775 0.44619 0.2186 0.1935 0.26387 0.03092 -0.15755 0.29466 0.49987 0.00219 0.05251 0.66624 -0.49512 -0.25216 -0.20052 0.05029 -0.0709 0.09716 1.0 -0.01401 0.05251 0.08777 0.02963 0.0155 0.1 0.1 0.0 0.0 0.0 0.0
A2.3 0.01331 0.1648 -0.21915 0.28659 0.25896 1.0 0.15953 0.05662 0.06039 0.30023 0.27367 0.16644 0.10237 0.01331 0.03157 0.09489 0.17858 -0.2228 1.0 0.43914 -0.09589 0.20721 0.36079 -0.16998 -0.03223 -0.02058 0.19273 0.38516 0.0536 0.0671 0.01892 0.34375 0.07766 0.04906 0.07612 0.00886 -0.15755 0.19294 0.49987 0.00063 0.01331 0.66155 -0.49512 -0.21027 -0.20052 0.02348 -0.0709 0.02785 1.0 0.10896 0.01331 0.04973 0.02674 0.0 0.1 0.1 0.0 0.0 0.0 0.0
A2.4 0.02274 0.19969 -0.25501 0.41965 0.31378 1.0 0.22153 0.13177 0.11666 0.3017 0.36629 0.19864 0.14358 0.02274 0.07546 0.18331 0.17533 -0.2228 1.0 0.48476 -0.13811 0.30549 0.37516 -0.15283 -0.02557 -0.00953 0.21378 0.41919 0.07706 0.15398 0.04644 0.44437 0.11808 0.0838 0.11222 0.01274 -0.15755 0.29338 0.49987 0.0009 0.02274 0.66274 -0.49512 -0.22558 -0.20052 0.02715 -0.0709 0.04004 1.0 0.06114 0.02274 0.07653 0.03797 0.0155 0.1 0.1 0.0 0.0 0.0 0.0
A2.5 0.16471 0.36394 -0.22724 0.42209 0.41474 1.0 0.33118 0.01757 0.16225 0.35943 0.46858 0.3684 0.34556 0.16471 0.19859 0.09783 0.161 -0.2228 1.0 0.50225 -0.10933 0.20735 0.438 -0.07742 0.01248 0.06211 0.30008 0.55677 0.22617 0.06918 0.09473 0.44711 0.21886 0.23845 0.23425 0.06921 -0.15755 0.29531 0.49987 0.00489 0.16471 0.66801 -0.49512 -0.26833 -0.20052 0.05708 -0.0709 0.21752 1.0 0.03382 0.16471 0.12914 0.00773 0.0 0.1 0.1 0.0 0.0 0.0 0.0
A2.6 0.16168 0.38766 -0.26102 0.44788 0.45201 1.0 0.23129 0.01758 0.244 0.53813 0.46857 0.47418 0.34519 0.16168 0.02516 0.22627 0.16107 -0.2228 1.0 0.46563 -0.12095 0.20774 0.43931 -0.0778 0.01224 0.06161 0.40001 0.55677 0.23993 0.18436 0.07642 0.44709 0.21886 0.22731 0.2344 0.17149 -0.15755 0.2953 0.49987 -0.05858 0.16168 0.66798 -0.49512 -0.28157 -0.20052 0.06128 -0.0709 0.22467 1.0 0.03382 0.16168 0.22803 0.01168 0.0155 0.1 0.1 0.0 0.0 0.0 0.0
A2.7 0.16168 0.38766 -0.26102 0.44788 0.45201 1.0 0.23129 0.09272 0.23282 0.53813 0.46857 0.47418 0.34519 0.16168 0.02516 0.2087 0.16107 -0.2228 1.0 0.46563 -0.12095 0.20774 0.43931 -0.0778 0.01224 0.06161 0.40001 0.55677 0.23993 0.17193 0.07641 0.44709 0.21886 0.22731 0.2344 0.17149 -0.15755 0.2953 0.49987 -0.05858 0.16168 0.66798 -0.49512 -0.28157 -0.20052 0.06128 -0.0709 0.22467 1.0 -0.01401 0.16168 0.22803 0.01168 0.0155 0.1 0.1 0.0 0.0 0.0 0.0
A2.8 0.16168 0.38766 -0.26102 0.44788 0.45201 1.0 0.23129 0.13177 0.15039 0.53813 0.46857 0.47418 0.34519 0.16168 0.02516 0.23631 0.16107 -0.2228 1.0 0.46563 -0.12095 0.20774 0.43931 -0.0778 0.01224 0.06161 0.40001 0.55677 0.23993 0.19145 0.07642 0.44709 0.21886 0.22731 0.2344 0.17149 -0.15755 0.2953 0.49987 -0.05858 0.16168 0.66798 -0.49512 -0.28157 -0.20052 0.06128 -0.0709 0.22467 1.0 0.06114 0.16168 0.22803 0.01168 0.0155 0.1 0.1 0.0 0.0 0.0 0.0
A2.9 0.16168 0.38766 -0.26102 0.44788 0.45201 1.0 0.23129 0.05662 0.26157 0.53813 0.46857 0.47418 0.34519 0.16168 0.02516 0.25388 0.16107 -0.2228 1.0 0.46563 -0.12095 0.20774 0.43931 -0.0778 0.01224 0.06161 0.40001 0.55677 0.23993 0.20388 0.07642 0.44709 0.21886 0.22731 0.2344 0.17149 -0.15755 0.2953 0.49987 -0.05858 0.16168 0.66798 -0.49512 -0.28157 -0.20052 0.06128 -0.0709 0.22467 1.0 0.10896 0.16168 0.22803 0.01168 0.0155 0.1 0.1 0.0 0.0 0.0 0.0
A2.10 0.16168 0.38766 -0.26102 0.44788 0.45201 1.0 0.23129 0.13177 0.25039 0.53813 0.46857 0.47418 0.34519 0.16168 0.02516 0.23631 0.16107 -0.2228 1.0 0.46563 -0.12095 0.20774 0.43931 -0.0778 0.01224 0.06161 0.40001 0.55677 0.23993 0.19145 0.07642 0.44709 0.21886 0.22731 0.2344 0.17149 -0.15755 0.2953 0.49987 -0.05858 0.16168 0.66798 -0.49512 -0.28157 -0.20052 0.06128 -0.0709 0.22467 1.0 0.06114 0.16168 0.22803 0.01168 0.0155 0.1 0.1 0.0 0.0 0.0 0.0
A2.11 0.17104 0.37916 -0.24741 0.4329 0.43865 1.0 0.23157 0.05662 0.09812 0.50989 0.46873 0.47588 0.35029 0.17104 0.13644 0.15417 0.16011 -0.2228 1.0 0.46592 -0.10883 0.20853 0.43975 -0.07274 0.01556 0.06843 0.40103 0.55683 0.2444 0.10902 0.08682 0.44728 0.21891 0.26178 0.23469 0.17223 -0.15755 0.29543 0.49987 0.04147 0.17104 0.66833 -0.49512 -0.27434 -0.20052 0.06163 -0.0709 0.22699 1.0 0.10896 0.17104 0.23149 0.00662 0.0 0.1 0.1 0.0 0.0 0.0 0.0
A3.1 -0.0031 0.11242 -0.14904 0.14034 0.17666 1.0 0.06465 0.01758 0.18903 0.28971 0.04674 0.10917 0.02392 -0.0031 -0.01259 0.29703 0.01337 -0.2228 0.2846 0.2949 -0.05376 0.16683 0.24777 -0.18947 -0.03625 -0.02378 1.0 0.30178 0.15947 0.21003 0.13235 0.07283 0.00055 -0.01144 0.06129 0.02637 -0.15755 0.00137 0.07794 0.00186 -0.0031 0.14016 -0.49512 -0.18798 -0.20052 0.05907 -0.0709 0.08286 1.0 0.03382 -0.0031 -0.00082 0.0166 0.0 0.1 0.1 0.0 0.0 0.0 0.0
A3.2 0.04018 0.34434 -0.20157 0.34168 0.38394 1.0 0.17711 0.01758 0.35267 0.35854 0.32573 0.31547 0.28841 0.04018 0.03638 0.39703 0.05865 -0.2228 0.39158 0.44435 -0.09713 0.20179 0.42902 -0.09746 0.00485 0.0496 1.0 0.40429 0.28464 0.3051 0.19254 0.27657 0.17032 0.14807 0.23221 0.17888 -0.15755 0.17472 0.22608 -0.05806 0.04018 0.3398 -0.49512 -0.29551 -0.20052 0.07855 -0.0709 0.2479 1.0 0.03382 0.04018 0.05536 0.02303 0.0155 0.1 0.1 0.0 0.0 0.0 0.0
A3.3 0.01136 0.25023 -0.21458 0.35669 0.3932 1.0 0.1615 0.09272 0.34149 0.32639 0.22449 0.25099 0.22123 0.01136 0.03951 0.37946 0.06642 -0.2228 0.39158 0.45624 -0.12303 0.27765 0.39845 -0.13834 -0.01056 0.02449 1.0 0.36709 0.28006 0.29267 0.18559 0.27508 0.0699 0.04185 0.26008 0.17812 -0.15755 0.17367 0.22608 0.04188 0.01136 0.33695 -0.49512 -0.25526 -0.20052 0.08521 -0.0709 0.24552 1.0 -0.01401 0.01136 0.04453 0.03518 0.0155 0.1 0.1 0.0 0.0 0.0 0.0
A3.4 -0.00106 0.14175 -0.18112 0.19457 0.22275 1.0 0.08507 0.05662 0.27024 0.29275 0.07209 0.12675 0.04193 -0.00106 0.0021 0.42464 0.02986 -0.2228 0.39158 0.41147 -0.07224 0.20585 0.35978 -0.17804 -0.02972 -0.01093 1.0 0.31109 0.25826 0.32463 0.14381 0.1031 0.00917 -0.0039 0.07562 0.0427 -0.15755 0.02277 0.12608 0.00302 -0.00106 0.19842 -0.49512 -0.20261 -0.20052 0.08646 -0.0709 0.1342 1.0 0.10896 -0.00106 0.0049 0.02183 0.0155 0.1 0.1 0.0 0.0 0.0 0.0
A3.5 0.00417 0.17552 -0.20269 0.32029 0.2758 1.0 0.13652 0.13177 0.35906 0.29562 0.13196 0.15802 0.08312 0.00417 0.04125 0.40707 0.06909 -0.2228 0.39158 0.45441 -0.11474 0.3093 0.38637 -0.15241 -0.0152 0.01761 1.0 0.33309 0.28037 0.3122 0.17053 0.17457 0.02951 0.01536 0.11362 0.07818 -0.15755 0.07331 0.22608 0.00553 0.00417 0.33597 -0.49512 -0.21859 -0.20052 0.08806 -0.0709 0.24568 1.0 0.06114 0.00417 0.01857 0.03379 0.0155 0.1 0.1 0.0 0.0 0.0 0.0
A3.6 0.15303 0.32433 -0.17732 0.27223 0.3525 1.0 0.17794 0.05662 0.37024 0.3604 0.32603 0.33143 0.29823 0.15303 0.14316 0.42464 0.0568 -0.2228 0.39158 0.44524 -0.06253 0.20432 0.43285 -0.08772 0.01124 0.06273 1.0 0.5044 0.32448 0.32463 0.3009 0.27692 0.17042 0.19541 0.23314 0.18547 -0.15755 0.17497 0.22608 -0.0576 0.15303 0.34048 -0.49512 -0.25125 -0.20052 0.08859 -0.0709 0.26861 1.0 0.10896 0.15303 0.09689 -0.00453 0.0155 0.1 0.1 0.0 0.0 0.0 0.0
A3.7 0.15146 0.37135 -0.23847 0.38408 0.42638 1.0 0.17789 0.01757 0.35267 0.53144 0.326 0.44346 0.29738 0.15146 0.00385 0.39703 0.05696 -0.2228 0.39158 0.44519 -0.10473 0.20418 0.43278 -0.08857 0.01069 0.06159 1.0 0.50439 0.32376 0.3051 0.16572 0.27689 0.17042 0.18964 0.23309 0.18535 -0.15755 0.17495 0.22608 -0.0576 0.15146 0.34042 -0.49512 -0.27616 -0.20052 0.08854 -0.0709 0.26823 1.0 0.03382 0.15146 0.1963 0.00837 0.0155 0.1 0.1 0.0 0.0 0.0 0.0
A3.8 0.15146 0.37135 -0.23847 0.38408 0.42638 1.0 0.17789 0.09272 0.34149 0.53144 0.326 0.44346 0.29738 0.15146 0.00385 0.37946 0.05696 -0.2228 0.39158 0.44519 -0.10473 0.20418 0.43278 -0.08857 0.01069 0.06159 1.0 0.50439 0.32376 0.29267 0.16572 0.27689 0.17042 0.18964 0.23309 0.18535 -0.15755 0.17495 0.22608 -0.0576 0.15146 0.34042 -0.49512 -0.27616 -0.20052 0.08854 -0.0709 0.26823 1.0 -0.01401 0.15146 0.1963 0.00837 0.0155 0.1 0.1 0.0 0.0 0.0 0.0
A3.9 0.15616 0.34669 -0.23238 0.36797 0.38763 1.0 0.17803 0.01757 0.35267 0.53085 0.32608 0.4388 0.29993 0.15616 0.00646 0.39703 0.05648 -0.2228 0.39158 0.44533 0.00451 0.20458 0.433 -0.08603 0.01235 0.06501 1.0 0.50441 0.32593 0.3051 0.16811 0.27698 0.17044 0.20695 0.23324 0.18571 -0.15755 0.17501 0.22608 -0.05758 0.15616 0.3406 -0.49512 -0.26194 -0.20052 0.08869 -0.0709 0.26936 1.0 0.03382 0.15616 0.19805 -0.02512 0.0155 0.1 0.1 0.0 0.0 0.0 0.0
A3.10 0.1583 0.31736 -0.20094 0.23854 0.34154 1.0 0.1781 0.09272 0.34149 0.5291 0.32611 0.4318 0.3011 0.1583 0.00798 0.37946 0.05626 -0.2228 0.39158 0.4454 0.05357 0.20476 0.43309 -0.08488 0.0131 0.06657 1.0 0.50443 0.32691 0.29267 0.1695 0.27702 0.17045 0.21483 0.2333 0.18587 -0.15755 0.17504 0.22608 -0.05757 0.1583 0.34068 -0.49512 -0.24605 -0.20052 0.08876 -0.0709 0.26987 1.0 -0.01401 0.1583 0.19884 -0.04016 0.0155 0.1 0.1 0.0 0.0 0.0 0.0
A3.11 0.15146 0.37135 -0.23847 0.38408 0.42638 1.0 0.17789 0.05662 0.37024 0.53144 0.326 0.44346 0.29738 0.15146 0.00385 0.42464 0.05696 -0.2228 0.39158 0.44519 -0.10473 0.20418 0.43278 -0.08857 0.01069 0.06159 1.0 0.50439 0.32376 0.32462 0.16572 0.27689 0.17042 0.18964 0.23309 0.18535 -0.15755 0.17495 0.22608 -0.0576 0.15146 0.34042 -0.49512 -0.27616 -0.20052 0.08854 -0.0709 0.26823 1.0 0.10896 0.15146 0.1963 0.00837 0.0155 0.1 0.1 0.0 0.0 0.0 0.0
A3.12 0.15146 0.37135 -0.23847 0.38408 0.42638 1.0 0.17789 0.13177 0.35906 0.53144 0.326 0.44346 0.29738 0.15146 0.00385 0.40707 0.05696 -0.2228 0.39158 0.44519 -0.10473 0.20418 0.43278 -0.08857 0.01069 0.06159 1.0 0.50439 0.32376 0.3122 0.16572 0.27689 0.17042 0.18964 0.23309 0.18535 -0.15755 0.17495 0.22608 -0.0576 0.15146 0.34042 -0.49512 -0.27616 -0.20052 0.08854 -0.0709 0.26823 1.0 0.06114 0.15146 0.1963 0.00837 0.0155 0.1 0.1 0.0 0.0 0.0 0.0
A3.13 0.16391 0.32034 -0.17931 0.18154 0.34622 1.0 0.17826 0.13177 0.35906 0.50065 0.32621 0.435 0.30415 0.16391 0.11733 0.40707 0.05569 -0.2228 0.39158 0.44557 -0.02151 0.20523 0.43335 -0.08185 0.01509 0.07065 1.0 0.50446 0.3295 0.3122 0.27794 0.27713 0.17048 0.23552 0.23347 0.1863 -0.15755 0.17512 0.22608 -0.05754 0.16391 0.34089 -0.49512 -0.24591 -0.20052 0.08894 -0.0709 0.27122 1.0 0.06114 0.16391 0.20092 -0.01849 0.0155 0.1 0.1 0.0 0.0 0.0 0.0
A4.1 -0.00675 0.12474 -0.16794 0.19872 0.19602 1.0 0.05103 0.01758 0.09959 0.28691 0.01354 0.10171 0.00416 -0.00675 -0.01913 0.15649 -0.00904 -0.2228 0.14407 0.28873 -0.07778 0.16181 0.23702 -0.2006 -0.04228 -0.03544 0.5062 1.0 0.0823 0.11066 0.03165 0.0332 -0.01073 -0.02487 0.05944 0.01361 -0.15755 -0.02666 0.0147 0.00096 -0.00675 0.06389 -0.49512 -0.19548 -0.20052 0.03811 -0.0709 0.04276 1.0 0.03382 -0.00675 -0.00867 0.02436 0.0 0.1 0.1 0.0 0.0 0.0 0.0
A4.2 -0.00041 0.25668 -0.22625 0.4037 0.40333 1.0 0.11506 0.09272 0.27152 0.30197 0.10595 0.17052 0.06625 -0.00041 0.0223 0.26951 0.05183 -0.2228 0.28163 0.43682 -0.14862 0.2675 0.37733 -0.16252 -0.02083 0.0066 0.61368 1.0 0.21351 0.21493 0.08877 0.14352 0.02067 -0.0015 0.25635 0.06712 -0.15755 0.05135 0.1766 0.00475 -0.00041 0.2762 -0.49512 -0.26213 -0.20052 0.06999 -0.0709 0.21094 1.0 -0.01401 -0.00041 0.01178 0.04465 0.0155 0.1 0.1 0.0 0.0 0.0 0.0
A4.3 0.0061 0.35534 -0.22494 0.39216 0.40122 1.0 0.12468 0.01758 0.28316 0.3391 0.19862 0.26935 0.2034 0.0061 0.00298 0.28781 0.04947 -0.2228 0.28236 0.42041 -0.13978 0.18167 0.38866 -0.14945 -0.01686 0.01212 0.61624 1.0 0.20512 0.22787 0.10214 0.2442 0.06111 0.02247 0.22482 0.16573 -0.15755 0.15183 0.17693 0.04101 0.0061 0.27751 -0.49512 -0.31145 -0.20052 0.06491 -0.0709 0.20658 1.0 0.03382 0.0061 0.03752 0.04101 0.0155 0.1 0.1 0.0 0.0 0.0 0.0
A4.4 -0.00616 0.1524 -0.20394 0.24861 0.23948 1.0 0.06341 0.05662 0.13537 0.28705 0.02031 0.11153 0.00852 -0.00616 -0.00793 0.21271 -0.00454 -0.2228 0.17267 0.40136 -0.0957 0.19658 0.33969 -0.198 -0.04083 -0.03261 0.60671 1.0 0.10303 0.15041 0.05253 0.04128 -0.00843 -0.0227 0.07221 0.01703 -0.15755 -0.02094 0.02757 0.0012 -0.00616 0.07944 -0.49512 -0.20967 -0.20052 0.04381 -0.0709 0.05353 1.0 0.10896 -0.00616 -0.00713 0.02965 0.0 0.1 0.1 0.0 0.0 0.0 0.0
A4.5 -0.00386 0.18702 -0.23426 0.38284 0.29387 1.0 0.10045 0.13177 0.18827 0.28569 0.04585 0.13107 0.0275 -0.00386 0.02487 0.29583 0.0119 -0.2228 0.28034 0.43755 -0.1434 0.29376 0.3526 -0.18566 -0.03371 -0.01855 0.60913 1.0 0.21107 0.23354 0.06614 0.07178 0.00025 -0.01423 0.10791 0.0349 -0.15755 0.00062 0.07602 0.00247 -0.00386 0.13813 -0.49512 -0.22697 -0.20052 0.0738 -0.0709 0.10967 1.0 0.06114 -0.00386 -0.00127 0.04361 0.0155 0.1 0.1 0.0 0.0 0.0 0.0
A4.6 0.03741 0.3537 -0.21593 0.38603 0.39865 1.0 0.16676 0.05662 0.30228 0.35641 0.30051 0.30979 0.2734 0.03741 0.03142 0.31785 0.04163 -0.2228 0.28479 0.43966 -0.11539 0.19798 0.42085 -0.10592 0.00027 0.04074 0.62479 1.0 0.226 0.24911 0.11602 0.24645 0.16175 0.13786 0.23081 0.16919 -0.15755 0.15343 0.17803 -0.05875 0.03741 0.28185 -0.49512 -0.3012 -0.20052 0.06262 -0.0709 0.21743 1.0 0.10896 0.03741 0.0494 0.02892 0.0155 0.1 0.1 0.0 0.0 0.0 0.0
A4.7 0.15027 0.33364 -0.19161 0.31636 0.36713 1.0 0.16764 0.13177 0.29145 0.35828 0.30093 0.32579 0.2833 0.15027 0.13822 0.30083 0.03986 -0.2228 0.28534 0.44057 -0.08069 0.20052 0.42473 -0.09614 0.00668 0.05392 0.62672 1.0 0.26615 0.23708 0.22478 0.24696 0.1619 0.18526 0.23175 0.17583 -0.15755 0.15379 0.17827 -0.05828 0.15027 0.28283 -0.49512 -0.25692 -0.20052 0.07274 -0.0709 0.2383 1.0 0.06114 0.15027 0.09095 0.00134 0.0155 0.1 0.1 0.0 0.0 0.0 0.0
A4.8 0.1487 0.38066 -0.25277 0.42823 0.44102 1.0 0.16759 0.01757 0.28503 0.52932 0.3009 0.43781 0.28244 0.1487 -0.00109 0.29074 0.04002 -0.2228 0.28529 0.44052 -0.1229 0.20039 0.42465 -0.09698 0.00613 0.05278 0.62655 1.0 0.2654 0.22994 0.08957 0.24692 0.16189 0.17948 0.2317 0.1757 -0.15755 0.15376 0.17825 -0.05829 0.1487 0.28274 -0.49512 -0.28183 -0.20052 0.07269 -0.0709 0.23791 1.0 0.03382 0.1487 0.19037 0.01424 0.0155 0.1 0.1 0.0 0.0 0.0 0.0
A4.9 0.1487 0.38066 -0.25277 0.42823 0.44102 1.0 0.16759 0.09272 0.27384 0.52932 0.3009 0.43781 0.28244 0.1487 -0.00109 0.27317 0.04002 -0.2228 0.28529 0.44052 -0.1229 0.20039 0.42465 -0.09698 0.00613 0.05278 0.62655 1.0 0.2654 0.21752 0.08957 0.24692 0.16189 0.17948 0.2317 0.1757 -0.15755 0.15376 0.17825 -0.05829 0.1487 0.28274 -0.49512 -0.28183 -0.20052 0.07269 -0.0709 0.23791 1.0 -0.01401 0.1487 0.19037 0.01424 0.0155 0.1 0.1 0.0 0.0 0.0 0.0
A4.10 0.15554 0.32665 -0.21521 0.28261 0.35615 1.0 0.16781 0.01758 0.28516 0.52698 0.30106 0.42616 0.28618 0.15554 0.00304 0.29095 0.03935 -0.2228 0.2855 0.44074 0.03544 0.20097 0.42498 -0.09328 0.00855 0.05777 0.62728 1.0 0.26867 0.23009 0.09349 0.24711 0.16194 0.20468 0.23191 0.17624 -0.15755 0.15389 0.17834 -0.05825 0.15554 0.28311 -0.49512 -0.25171 -0.20052 0.07294 -0.0709 0.2396 1.0 0.03382 0.15554 0.19291 -0.0343 0.0155 0.1 0.1 0.0 0.0 0.0 0.0
A4.11 0.16116 0.32962 -0.19355 0.22554 0.36081 1.0 0.168 0.09272 0.27409 0.49854 0.30119 0.42937 0.28926 0.16116 0.11241 0.27355 0.0388 -0.2228 0.28567 0.44092 -0.03962 0.20145 0.42525 -0.09024 0.01055 0.06186 0.62787 1.0 0.27135 0.21779 0.20206 0.24727 0.16199 0.22539 0.23209 0.17668 -0.15755 0.154 0.17842 -0.05822 0.16116 0.28342 -0.49512 -0.25156 -0.20052 0.07315 -0.0709 0.241 1.0 -0.01401 0.16116 0.195 -0.01264 0.0155 0.1 0.1 0.0 0.0 0.0 0.0
A4.12 0.1487 0.38066 -0.25277 0.42823 0.44102 1.0 0.16759 0.05662 0.3026 0.52932 0.3009 0.43781 0.28244 0.1487 -0.00109 0.31835 0.04002 -0.2228 0.28529 0.44052 -0.1229 0.20039 0.42465 -0.09698 0.00613 0.05278 0.62655 1.0 0.2654 0.24947 0.08957 0.24692 0.16189 0.17948 0.2317 0.1757 -0.15755 0.15376 0.17825 -0.05829 0.1487 0.28274 -0.49512 -0.28183 -0.20052 0.07269 -0.0709 0.23791 1.0 0.10896 0.1487 0.19037 0.01424 0.0155 0.1 0.1 0.0 0.0 0.0 0.0
A4.13 0.1487 0.38066 -0.25277 0.42823 0.44102 1.0 0.16759 0.13177 0.29142 0.52932 0.3009 0.43781 0.28244 0.1487 -0.00109 0.30078 0.04002 -0.2228 0.28529 0.44052 -0.1229 0.20039 0.42465 -0.09698 0.00613 0.05278 0.62655 1.0 0.2654 0.23704 0.08957 0.24692 0.16189 0.17948 0.2317 0.1757 -0.15755 0.15376 0.17825 -0.05829 0.1487 0.28274 -0.49512 -0.28183 -0.20052 0.07269 -0.0709 0.23791 1.0 0.06114 0.1487 0.19037 0.01424 0.0155 0.1 0.1 0.0 0.0 0.0 0.0
A4.14 0.1534 0.35599 -0.24666 0.41206 0.40225 1.0 0.16774 0.05662 0.30269 0.52874 0.30101 0.43317 0.28501 0.1534 0.00152 0.3185 0.03956 -0.2228 0.28544 0.44067 -0.01364 0.20079 0.42488 -0.09444 0.00779 0.05621 0.62705 1.0 0.26765 0.24957 0.09206 0.24705 0.16192 0.1968 0.23184 0.17607 -0.15755 0.15385 0.17832 -0.05826 0.1534 0.283 -0.49512 -0.2676 -0.20052 0.07286 -0.0709 0.23907 1.0 0.10896 0.1534 0.19212 -0.01925 0.0155 0.1 0.1 0.0 0.0 0.0 0.0
A5.1 0.00051 0.16545 -0.22136 0.29333 0.25999 1.0 0.41316 0.01758 0.06686 0.29697 1.0 0.24721 0.26101 0.00051 0.09724 0.10507 -0.01812 -0.2228 0.09264 0.42153 -0.10741 0.1607 0.23348 -0.20004 -0.04144 -0.03345 0.3255 0.65203 0.05803 0.07429 -0.00328 0.01887 -0.01481 0.00188 0.05903 0.00959 -0.15755 -0.03679 -0.00844 0.00068 0.00051 0.03631 -0.49512 -0.21445 -0.20052 0.03071 -0.0709 0.03015 1.0 0.03382 0.00051 -0.00836 0.03214 0.0 0.1 0.1 0.0 0.0 0.0 0.0
A5.2 0.00398 0.30747 -0.3068 0.52789 0.48315 1.0 0.54013 0.09273 0.2474 0.31189 1.0 0.3462 0.37676 0.00398 0.15509 0.23162 0.00525 -0.2228 0.24374 0.5902 -0.19114 0.25546 0.34966 -0.18429 -0.03248 -0.01582 0.48055 0.75203 0.18934 0.18814 0.03833 0.06161 -0.00264 0.01466 0.25193 0.03131 -0.15755 -0.00656 0.05955 0.00221 0.00398 0.11857 -0.49512 -0.28721 -0.20052 0.06701 -0.0709 0.09838 1.0 -0.01401 0.00398 -6e-05 0.05674 0.0155 0.1 0.1 0.0 0.0 0.0 0.0
A5.3 0.01557 0.39046 -0.2693 0.48173 0.45642 1.0 0.51744 0.01758 0.25954 0.3056 1.0 0.38424 0.40364 0.01557 0.23904 0.2507 0.04451 -0.2228 0.24524 0.56334 -0.16599 0.17574 0.374 -0.15742 -0.01716 0.01434 0.48583 0.75203 0.18749 0.20163 0.06898 0.13355 0.01783 0.05738 0.22264 0.06282 -0.15755 0.0443 0.16023 0.00444 0.01557 0.25701 -0.49512 -0.32685 -0.20052 0.06118 -0.0709 0.19742 1.0 0.03382 0.01557 0.01602 0.04743 0.0155 0.1 0.1 0.0 0.0 0.0 0.0
A5.4 0.00032 0.19746 -0.26366 0.35391 0.31029 1.0 0.4229 0.05662 0.09389 0.31275 1.0 0.30846 0.3623 0.00032 0.10359 0.14754 -0.01577 -0.2228 0.1075 0.53306 -0.12981 0.19494 0.33507 -0.19875 -0.04073 -0.03207 0.37771 0.75203 0.07101 0.10433 0.00435 0.02306 -0.01361 0.00118 0.07161 0.01174 -0.15755 -0.03382 -0.00176 0.00083 0.00032 0.04438 -0.49512 -0.23114 -0.20052 0.03436 -0.0709 0.0369 1.0 0.10896 0.00032 -0.00774 0.03889 0.0 0.1 0.1 0.0 0.0 0.0 0.0
A5.5 0.00121 0.23016 -0.29757 0.48338 0.36167 1.0 0.44937 0.13177 0.16459 0.30848 1.0 0.31931 0.36594 0.00121 0.13213 0.25863 -0.01024 -0.2228 0.14314 0.5644 -0.17675 0.28792 0.33877 -0.19511 -0.03867 -0.02801 0.47843 0.75203 0.10069 0.20723 0.02722 0.03314 -0.01075 0.00445 0.10577 0.01665 -0.15755 -0.0267 0.01428 0.00118 0.00121 0.06378 -0.49512 -0.24787 -0.20052 0.04255 -0.0709 0.05232 1.0 0.06114 0.00121 -0.00576 0.05284 0.0155 0.1 0.1 0.0 0.0 0.0 0.0
A5.6 0.04255 0.38258 -0.25383 0.45319 0.44403 1.0 0.42354 0.13177 0.26778 0.36354 1.0 0.41296 0.45552 0.04255 0.11393 0.26363 0.03516 -0.2228 0.24814 0.53382 -0.13642 0.19718 0.41833 -0.10554 0.00085 0.04213 0.49602 0.75203 0.20869 0.21077 0.09113 0.23624 0.15885 0.15681 0.23052 0.16632 -0.15755 0.1462 0.16153 -0.05895 0.04255 0.26219 -0.49512 -0.31466 -0.20052 0.05735 -0.0709 0.20844 1.0 0.06114 0.04255 0.04961 0.03445 0.0155 0.1 0.1 0.0 0.0 0.0 0.0
A5.7 0.01212 0.3879 -0.26758 0.46678 0.4524 1.0 0.41892 0.05662 0.27743 0.34736 1.0 0.38764 0.41246 0.01212 0.09762 0.2788 0.04292 -0.2228 0.24574 0.52835 -0.16293 0.18094 0.38618 -0.14859 -0.01596 0.01415 0.48756 0.75203 0.18823 0.2215 0.07746 0.23401 0.05821 0.04466 0.22455 0.16294 -0.15755 0.14463 0.16045 0.04081 0.01212 0.25789 -0.49512 -0.32656 -0.20052 0.05967 -0.0709 0.19781 1.0 0.10896 0.01212 0.03806 0.04704 0.0155 0.1 0.1 0.0 0.0 0.0 0.0
A5.8 0.15541 0.3625 -0.22949 0.38348 0.41248 1.0 0.42427 0.09272 0.25055 0.36541 1.0 0.42889 0.4653 0.15541 0.22068 0.23657 0.0334 -0.2228 0.24869 0.53468 -0.10172 0.19972 0.4222 -0.09575 0.00727 0.05531 0.49794 0.75203 0.24884 0.19164 0.19988 0.23675 0.15899 0.2042 0.23145 0.17296 -0.15755 0.14656 0.16178 -0.05848 0.15541 0.26317 -0.49512 -0.27037 -0.20052 0.06748 -0.0709 0.2293 1.0 -0.01401 0.15541 0.09116 0.00686 0.0155 0.1 0.1 0.0 0.0 0.0 0.0
A5.9 0.15384 0.40953 -0.29065 0.49536 0.48638 1.0 0.42423 0.01757 0.2617 0.53645 1.0 0.54092 0.46445 0.15384 0.08138 0.25409 0.03355 -0.2228 0.24864 0.53463 -0.14393 0.19959 0.42213 -0.0966 0.00671 0.05417 0.49777 0.75203 0.24809 0.20403 0.06467 0.2367 0.15898 0.19842 0.2314 0.17284 -0.15755 0.14653 0.16176 -0.05849 0.15384 0.26308 -0.49512 -0.29528 -0.20052 0.06742 -0.0709 0.22891 1.0 0.03382 0.15384 0.19058 0.01977 0.0155 0.1 0.1 0.0 0.0 0.0 0.0
A5.10 0.15384 0.40953 -0.29065 0.49536 0.48638 1.0 0.42423 0.09273 0.25052 0.53645 1.0 0.54092 0.46445 0.15384 0.08138 0.23653 0.03355 -0.2228 0.24864 0.53463 -0.14393 0.19959 0.42213 -0.0966 0.00671 0.05417 0.49777 0.75203 0.24809 0.19161 0.06467 0.2367 0.15898 0.19842 0.2314 0.17284 -0.15755 0.14653 0.16176 -0.05849 0.15384 0.26308 -0.49512 -0.29528 -0.20052 0.06742 -0.0709 0.22891 1.0 -0.01401 0.15384 0.19058 0.01977 0.0155 0.1 0.1 0.0 0.0 0.0 0.0
A5.11 0.1663 0.35847 -0.23142 0.29264 0.40615 1.0 0.42453 0.01758 0.26194 0.50566 1.0 0.53243 0.4712 0.1663 0.19484 0.25447 0.03233 -0.2228 0.24902 0.53499 -0.06064 0.20065 0.42272 -0.08985 0.01113 0.06325 0.4991 0.75203 0.25404 0.2043 0.17716 0.23705 0.15908 0.24433 0.23179 0.17382 -0.15755 0.14678 0.16193 -0.05842 0.1663 0.26376 -0.49512 -0.26501 -0.20052 0.06788 -0.0709 0.232 1.0 0.03382 0.1663 0.19521 -0.00712 0.0155 0.1 0.1 0.0 0.0 0.0 0.0
A5.12 0.15384 0.40953 -0.29065 0.49536 0.48638 1.0 0.42423 0.05662 0.27928 0.53645 1.0 0.54092 0.46445 0.15384 0.08138 0.28171 0.03355 -0.2228 0.24864 0.53463 -0.14393 0.19959 0.42213 -0.0966 0.00671 0.05417 0.49777 0.75203 0.24809 0.22355 0.06467 0.2367 0.15898 0.19842 0.2314 0.17284 -0.15755 0.14653 0.16176 -0.05849 0.15384 0.26308 -0.49512 -0.29528 -0.20052 0.06742 -0.0709 0.22891 1.0 0.10896 0.15384 0.19058 0.01977 0.0155 0.1 0.1 0.0 0.0 0.0 0.0
A5.13 0.15384 0.40953 -0.29065 0.49536 0.48638 1.0 0.42423 0.13177 0.2681 0.53645 1.0 0.54092 0.46445 0.15384 0.08138 0.26413 0.03355 -0.2228 0.24864 0.53463 -0.14393 0.19959 0.42213 -0.0966 0.00671 0.05417 0.49777 0.75203 0.24809 0.21113 0.06467 0.2367 0.15898 0.19842 0.2314 0.17284 -0.15755 0.14653 0.16176 -0.05849 0.15384 0.26308 -0.49512 -0.29528 -0.20052 0.06742 -0.0709 0.22891 1.0 0.06114 0.15384 0.19058 0.01977 0.0155 0.1 0.1 0.0 0.0 0.0 0.0
A5.14 0.16068 0.35551 -0.25308 0.34972 0.4015 1.0 0.42439 0.05662 0.27941 0.53411 1.0 0.52924 0.46816 0.16068 0.08549 0.28192 0.03288 -0.2228 0.24885 0.53483 0.01441 0.20017 0.42245 -0.0929 0.00914 0.05916 0.4985 0.75203 0.25135 0.2237 0.0686 0.23689 0.15903 0.22362 0.23162 0.17338 -0.15755 0.14667 0.16185 -0.05845 0.16068 0.26345 -0.49512 -0.26516 -0.20052 0.06767 -0.0709 0.23061 1.0 0.10896 0.16068 0.19312 -0.02878 0.0155 0.1 0.1 0.0 0.0 0.0 0.0
A5.15 0.15854 0.38486 -0.28454 0.47918 0.44761 1.0 0.42434 0.13177 0.26819 0.53586 1.0 0.53626 0.467 0.15854 0.08397 0.26428 0.03309 -0.2228 0.24879 0.53477 -0.03467 0.19999 0.42235 -0.09406 0.00838 0.0576 0.49827 0.75203 0.25033 0.21123 0.06716 0.23683 0.15902 0.21574 0.23155 0.17321 -0.15755 0.14663 0.16182 -0.05846 0.15854 0.26334 -0.49512 -0.28105 -0.20052 0.06759 -0.0709 0.23008 1.0 0.06114 0.15854 0.19233 -0.01373 0.0155 0.1 0.1 0.0 0.0 0.0 0.0
A6.1 0.0877 0.12667 -0.15707 0.14773 0.19905 1.0 0.40234 0.01758 0.06973 0.35031 0.921 0.32038 0.39779 0.0877 0.13827 0.10957 -0.04722 -0.2228 0.09714 0.43242 0.00774 0.22467 0.36477 -0.04274 0.01434 0.05388 0.34131 0.623 0.12197 0.07747 0.21918 1.0 0.40249 0.32319 0.08254 0.02017 -0.15755 1.0 -0.00642 0.00143 0.0877 0.0497 -0.49512 -0.16814 -0.20052 0.019 -0.0709 0.06338 1.0 0.03382 0.0877 0.2646 -0.01567 0.0 0.1 0.1 0.0 0.0 0.0 0.0
A6.2 0.11875 0.15471 -0.18718 0.20125 0.2431 1.0 0.45334 0.05662 0.09232 0.36713 1.021 0.36872 0.46765 0.11875 0.17632 0.14506 -0.05418 -0.2228 0.10502 0.56279 0.01002 0.27476 0.49751 0.00114 0.03177 0.08317 0.36902 0.65974 0.15069 0.10258 0.23679 1.0 0.50249 0.4376 0.10093 0.02491 -0.15755 1.0 -0.00287 0.00176 0.11875 0.057 -0.49512 -0.1734 -0.20052 0.019 -0.0709 0.0783 1.0 0.10896 0.11875 0.27601 -0.02108 0.0 0.1 0.1 0.0 0.0 0.0 0.0
A6.3 0.2351 0.16063 -0.21169 0.31493 0.25241 1.0 0.48038 0.13177 0.15467 0.38038 1.021 0.44603 0.58108 0.2351 0.30924 0.24303 -0.0528 -0.2228 0.12754 0.59481 0.07982 0.36979 0.50358 0.01457 0.04059 0.10132 0.42362 0.75974 0.21428 0.1962 0.25596 1.0 0.50249 0.49786 0.13584 0.03543 -0.15755 1.0 0.00726 0.00251 0.2351 0.07003 -0.49512 -0.14157 -0.20052 0.03544 -0.0709 0.11134 1.0 0.06114 0.2351 0.31876 -0.05973 0.0155 0.1 0.1 0.0 0.0 0.0 0.0
A6.4 0.24122 0.21203 -0.24626 0.36248 0.33317 1.0 0.57109 0.09273 0.25562 0.5197 1.021 0.56689 0.59282 0.24122 0.30325 0.24454 -0.04995 -0.2228 0.15666 0.62056 -0.03333 0.33714 0.5136 0.02631 0.0483 0.11717 0.52592 0.75974 0.31925 0.19727 0.25684 1.0 0.50249 0.52041 0.28193 0.05278 -0.15755 1.0 0.02036 0.00373 0.24122 0.08649 -0.49512 -0.16644 -0.20052 0.06463 -0.0709 0.16589 1.0 -0.01401 0.24122 0.42101 -0.02671 0.0155 0.1 0.1 0.0 0.0 0.0 0.0
A6.5 0.22921 0.28616 -0.24811 0.39342 0.44965 1.0 0.54705 0.01758 0.26711 0.5648 1.021 0.58971 0.60154 0.22921 0.16244 0.2626 -0.03407 -0.2228 0.25714 0.59209 -0.05319 0.25266 0.53061 0.03503 0.05404 0.12896 0.52764 0.75974 0.30493 0.21004 0.25587 1.0 0.50249 0.47616 0.2509 0.08224 -0.15755 1.0 0.06558 0.00582 0.22921 0.14108 -0.49512 -0.20857 -0.20052 0.05862 -0.0709 0.25845 1.0 0.03382 0.22921 0.4166 -0.01893 0.0155 0.1 0.1 0.0 0.0 0.0 0.0
A6.6 0.22639 0.38031 -0.24111 0.37991 0.44046 1.0 0.44698 0.01758 0.26706 0.58134 1.021 0.61393 0.60002 0.22639 0.12542 0.26251 0.0103 -0.2228 0.25706 0.55527 -0.05022 0.25243 0.53048 0.03351 0.05304 0.1269 0.52734 0.75974 0.30359 0.20998 0.25113 1.0 0.50249 0.46577 0.25081 0.18202 -0.15755 1.0 0.16555 -0.05784 0.22639 0.27668 -0.49512 -0.25834 -0.20052 0.05851 -0.0709 0.25775 1.0 0.03382 0.22639 0.41556 -0.01939 0.0155 0.1 0.1 0.0 0.0 0.0 0.0
A6.7 0.22639 0.38031 -0.24111 0.37991 0.44047 1.0 0.44698 0.09272 0.25588 0.58135 1.021 0.61393 0.60002 0.22639 0.12542 0.24494 0.0103 -0.2228 0.25706 0.55527 -0.05022 0.25243 0.53048 0.03351 0.05304 0.1269 0.52734 0.75974 0.30359 0.19755 0.25113 1.0 0.50249 0.46577 0.25081 0.18202 -0.15755 1.0 0.16555 -0.05784 0.22639 0.27668 -0.49512 -0.25834 -0.20052 0.05851 -0.0709 0.25775 1.0 -0.01401 0.22639 0.41556 -0.01939 0.0155 0.1 0.1 0.0 0.0 0.0 0.0
A6.8 0.22639 0.38031 -0.24111 0.37991 0.44046 1.0 0.44698 0.05662 0.28463 0.58134 1.021 0.61393 0.60002 0.22639 0.12542 0.29012 0.0103 -0.2228 0.25706 0.55527 -0.05022 0.25243 0.53048 0.03351 0.05304 0.1269 0.52734 0.75974 0.30359 0.2295 0.25113 1.0 0.50249 0.46577 0.25081 0.18202 -0.15755 1.0 0.16555 -0.05784 0.22639 0.27668 -0.49512 -0.25834 -0.20052 0.05851 -0.0709 0.25775 1.0 0.10896 0.22639 0.41556 -0.01939 0.0155 0.1 0.1 0.0 0.0 0.0 0.0
A6.9 0.22639 0.38031 -0.24111 0.37991 0.44046 1.0 0.44698 0.13177 0.27345 0.58134 1.021 0.61393 0.60002 0.22639 0.12542 0.27255 0.0103 -0.2228 0.25706 0.55527 -0.05022 0.25243 0.53048 0.03351 0.05304 0.1269 0.52734 0.75974 0.30359 0.21708 0.25113 1.0 0.50249 0.46577 0.25081 0.18202 -0.15755 1.0 0.16555 -0.05784 0.22639 0.27668 -0.49512 -0.25834 -0.20052 0.05851 -0.0709 0.25775 1.0 0.06114 0.22639 0.41556 -0.01939 0.0155 0.1 0.1 0.0 0.0 0.0 0.0
A6.10 0.22639 0.38031 -0.24111 0.37991 0.44046 1.0 0.44698 0.05662 0.28463 0.58134 1.021 0.61393 0.60002 0.22639 0.12542 0.29012 0.0103 -0.2228 0.25706 0.55527 -0.05022 0.25243 0.53048 0.03351 0.05304 0.1269 0.52734 0.75974 0.30359 0.2295 0.25113 1.0 0.50249 0.46577 0.25081 0.18202 -0.15755 1.0 0.16555 0.04216 0.22639 0.27668 -0.49512 -0.25834 -0.20052 0.05851 -0.0709 0.25775 1.0 0.10896 0.22639 0.41556 -0.01939 0.0155 0.1 0.1 0.0 0.0 0.0 0.0
