readout_node	10A attractor	MB231 attractor	FC1perturbation_attractor
ACTB	0.489902	-0.042579	0.023516485
CASK	-0.021823	0.527143	0.45885534
CD44	0.572984	-0.027388	0.026896282
CLDN4	-0.021823	0.527143	0.45885534
CRK	0.521823	-0.027143	0.04114466
CRKL	0.521823	-0.027143	0.04114466
EEF1A1	-0.021823	0.527143	0.45885534
EGR1	0.495638	-0.022666	0.038916643
FGFR1	-0.018512	0.666132	0.67847986
FN1	0.493677	-0.021895	0.027386502
HMGA2	0.521823	-0.027143	0.04114466
HSP90B1	-0.021823	0.527143	0.45885534
IGF2	0.59382	-0.002223	0.015627481
ITGA5	0.64599	-0.004469	0.017401636
ITGB3	-0.021823	0.527143	0.45885534
ITPR1	-0.021823	0.527143	0.45885534
KPNB1	-0.006271	0.455706	0.524485132
LTBP1	0.506155	-0.003313	0.008310783
LYN	-0.006271	0.455706	0.524485132
PFN1	-0.008125	0.436471	0.541568115
PIN1	-0.008125	0.436471	0.541568115
PRKCE	-0.052359	0.469892	0.504817276
PTPRF	-0.008125	0.436471	0.541568115
RB1	0.428967	-0.061848	0.083928859
SPARC	0.491875	-0.063529	0.041568115
STUB1	-0.010098	0.457421	0.523516485
TGFB1	0.55559	-0.026788	0.064475809
THBS1	0.502706	-0.001212	0.000684937
