nodes	10A_basal_values	231_basal_values	10A_attractor	231_attractor
ABI1	1	-1	0.478177	0.027143
ABL1	1	-1	0.5921	0.172702
ACTB	1	-1	0.489902	-0.042579
AKT1	-1	1	0.021696	0.56738
ANK3	1	-1	0.478177	0.027143
ANXA6	-1	1	-0.021823	0.527143
APOL1	-1	1	-0.021823	0.527143
APP	1	-1	0.563949	0
ARHGAP1	1	-1	0.478177	0.027143
ATXN1	1	-1	0.478177	0.027143
BAIAP2	-1	1	0.000402	0.657982
BCAR1	1	-1	0.566573	0.119205
BGN	1	-1	0.478177	0.027143
BMP4	-1	1	0.021823	0.472857
BNIP2	1	-1	0.478177	0.027143
CALM1	-1	1	0.021823	0.472857
CAPN1	1	-1	0.478177	0.027143
CASK	-1	1	-0.021823	0.527143
CASP3	1	-1	0.612746	0.223588
CASP6	1	-1	0.632217	0.075748
CASP7	-1	1	0.021823	0.472857
CASP8	-1	1	0.316108	0.537874
CAV1	1	-1	0.511574	0.061429
CD14	-1	1	0.063949	0.5
CD44	1	-1	0.572984	-0.027388
CD55	-1	1	-0.021823	0.527143
CLDN4	-1	1	-0.021823	0.527143
COL13A1	-1	1	0.021823	0.472857
COL1A1	1	-1	0.43811	0.00699
COL4A1	1	-1	0.478177	0.027143
COL4A2	1	-1	0.478177	0.027143
COL4A4	1	-1	0.478177	0.027143
COL4A5	1	-1	0.478177	0.027143
COL4A6	1	-1	0.478177	0.027143
COL7A1	1	-1	0.636808	0.072169
COPS5	-1	1	0.001393	0.547264
CREBBP	1	-1	0.478177	0.027143
CRK	1	-1	0.521823	-0.027143
CRKL	1	-1	0.521823	-0.027143
CSK	-1	1	0.010098	0.542579
CSNK2A1	1	-1	0.599135	0.005551
CTNNB1	1	-1	0.586579	0.207289
CTSD	1	-1	0.552359	0.030108
DCN	1	-1	0.478177	0.027143
DLG4	1	-1	0.478177	0.027143
DNM1	-1	1	-0.021823	0.527143
DOCK1	1	-1	0.478177	0.027143
DOK1	-1	1	0.021823	0.472857
DUSP1	1	-1	0.501393	0.047264
EEF1A1	-1	1	-0.021823	0.527143
EGFR	-1	1	0.125958	0.540003
EGR1	1	-1	0.495638	-0.022666
ENAH	1	-1	0.506271	0.044294
EP300	-1	1	0.138614	0.727472
EPHA4	1	-1	0.478177	0.027143
EPS8	1	-1	0.478177	0.027143
ERBB2	1	-1	0.525711	0.110228
EVL	1	-1	0.521823	-0.027143
EXOSC5	-1	1	-0.021823	0.527143
EZR	-1	1	0.061981	0.528984
FAF1	-1	1	0.021823	0.472857
FAS	1	-1	0.547889	0.004987
FBLN1	1	-1	0.478177	0.027143
FBN1	1	-1	0.478177	0.027143
FGFR1	-1	1	-0.018512	0.666132
FLNA	1	-1	0.478177	0.027143
FN1	1	-1	0.493677	-0.021895
FYN	-1	1	0.008925	0.626023
GEMIN4	-1	1	0.021823	0.472857
GOLGB1	1	-1	0.478177	0.027143
GRB2	-1	1	0.101303	0.595371
HABP4	-1	1	0.021823	0.472857
HDAC1	-1	1	0.003135	0.772147
HIPK3	1	-1	0.478177	0.027143
HMGA2	1	-1	0.521823	-0.027143
HRAS	-1	1	0.324813	0.595963
HSP90AA1	-1	1	0.006271	0.544294
HSP90B1	-1	1	-0.021823	0.527143
HSPA8	-1	1	-0.002706	0.501212
HSPG2	-1	1	-0.021823	0.527143
HTRA1	1	-1	0.478177	0.027143
IGF1R	1	-1	0.717087	0.029322
IGF2	1	-1	0.59382	-0.002223
IGFBP3	1	-1	0.552359	0.030108
IGFBP4	-1	1	0.021823	0.472857
IGFBP7	1	-1	0.510098	0.042579
IL6ST	-1	1	0.001393	0.547264
IL7R	-1	1	0.021823	0.472857
INSR	-1	1	0.063949	0.5
IRS1	1	-1	0.633905	0.035292
ITGA5	1	-1	0.64599	-0.004469
ITGAV	1	-1	0.558545	0.023426
ITGB1	1	-1	0.709555	0.025657
ITGB3	-1	1	-0.021823	0.527143
ITGB4	1	-1	0.480883	0.025931
ITGB5	1	-1	0.478177	0.027143
ITPR1	-1	1	-0.021823	0.527143
IVNS1ABP	1	-1	0.521823	-0.027143
JAK1	1	-1	0.478177	0.027143
JAK2	1	-1	0.501393	0.047264
JUN	1	-1	0.603349	0.095985
JUP	1	-1	0.506271	0.044294
KPNB1	-1	1	-0.006271	0.455706
LGALS1	1	-1	0.506271	0.044294
LRP1	1	-1	0.506271	0.044294
LTBP1	1	-1	0.506155	-0.003313
LTBP3	1	-1	0.506271	0.044294
LYN	-1	1	-0.006271	0.455706
MAP2	-1	1	0.006271	0.544294
MAPK1	1	-1	0.677269	0.01671
MAPK8	-1	1	0.177269	0.51671
MAPT	1	-1	0.506271	0.044294
MATN2	1	-1	0.491875	-0.063529
MET	-1	1	0.049603	0.456461
MYC	-1	1	0.11076	0.782387
NAB2	1	-1	0.568733	-0.003143
NCK2	1	-1	0.508125	0.063529
NCKAP1	1	-1	0.508125	0.063529
NEDD9	-1	1	0.008125	0.563529
NF1	1	-1	0.508125	0.063529
NF2	1	-1	0.491875	-0.063529
NFATC2	-1	1	0.001393	0.547264
NFKB1	1	-1	0.549832	0.056611
NUP210	-1	1	0.008125	0.563529
NUP85	-1	1	-0.008125	0.436471
PAK1	1	-1	0.500402	0.157982
PAK2	-1	1	0.000402	0.657982
PAPPA	1	-1	0.508125	0.063529
PECAM1	1	-1	0.508125	0.063529
PFN1	-1	1	-0.008125	0.436471
PFN2	1	-1	0.491875	-0.063529
PIAS3	1	-1	0.497294	0.001212
PIAS4	-1	1	0.006271	0.544294
PIK3R1	1	-1	0.819744	0.079926
PIN1	-1	1	-0.008125	0.436471
PKD1	1	-1	0.508125	0.063529
PKN1	-1	1	0.008125	0.563529
PLAUR	-1	1	0.094022	0.53492
PLCG1	1	-1	0.656091	0.091094
PLD2	1	-1	0.508125	0.063529
PPL	1	-1	0.563949	0
PPP2CA	-1	1	0	0.611803
PRKCA	1	-1	0.5	0
PRKCD	-1	1	0	0.5
PRKCE	-1	1	-0.052359	0.469892
PRKCZ	-1	1	0.010098	0.542579
PRPF40A	-1	1	-0.008125	0.436471
PTBP1	-1	1	-0.008125	0.436471
PTK2	-1	1	0.071886	0.485711
PTK2B	1	-1	0.627094	0.022905
PTPN11	-1	1	0.009372	0.686614
PTPN13	1	-1	0.501393	0.047264
PTPN14	1	-1	0.508125	0.063529
PTPRF	-1	1	-0.008125	0.436471
PXN	-1	1	0.019757	0.717343
RAC1	-1	1	0.001393	0.547264
RASA1	1	-1	0.600507	0.001006
RB1	1	-1	0.428967	-0.061848
RELA	-1	1	0.04126	0.506347
ROBO3	1	-1	0.510098	0.042579
ROBO4	-1	1	0.008125	0.563529
SDC2	-1	1	0.008125	0.563529
SDC3	1	-1	0.508125	0.063529
SDCBP	1	-1	0.508125	0.063529
SERBP1	-1	1	-0.008125	0.436471
SERPINE2	1	-1	0.506271	0.044294
SETDB1	1	-1	0.508125	0.063529
SFPQ	1	-1	0.510098	0.042579
SH3YL1	1	-1	0.508125	0.063529
SHB	-1	1	0.008125	0.563529
SHC1	1	-1	0.686216	0.082103
SKIL	1	-1	0.508125	0.063529
SMAD1	1	-1	0.528294	0.148495
SMAD2	1	-1	0.5	0
SMAD3	-1	1	0	0.5
SMAD4	1	-1	0.670219	0
SOS1	1	-1	0.550651	0.297686
SP1	1	-1	0.676777	0
SPARC	1	-1	0.491875	-0.063529
SPTAN1	1	-1	0.491875	-0.063529
SRC	1	-1	0.568382	0.102434
STAT3	-1	1	0.019893	0.675071
STUB1	-1	1	-0.010098	0.457421
STXBP1	-1	1	0.010098	0.542579
SVIL	1	-1	0.510098	0.042579
SYN1	1	-1	0.568733	-0.003143
TGFA	-1	1	0.010098	0.542579
TGFB1	1	-1	0.55559	-0.026788
TGFBI	1	-1	0.510098	0.042579
THBS1	1	-1	0.502706	-0.001212
TJP1	1	-1	0.510098	0.042579
TLR2	-1	1	0.076248	0.507851
TLR6	1	-1	0.489902	-0.042579
TNFSF13	1	-1	0.510098	0.042579
TP53	-1	1	0.177217	0.747263
TUBB	-1	1	0.010098	0.542579
UBE2I	-1	1	0.006271	0.544294
VEGFA	-1	1	0.06118	0.575491
VIM	1	-1	0.559164	0.030699
YWHAZ	-1	1	0.007671	0.700599
