0.000000000000000000e+00 0.000000000000000000e+00 0.000000000000000000e+00 0.000000000000000000e+00 6.893325113390343616e-03 8.265678676671698102e-03 6.104620287566459198e-03 2.317519989879657499e-03 4.436161315408564815e-03 2.705472964437704610e-03
0.000000000000000000e+00 0.000000000000000000e+00 0.000000000000000000e+00 0.000000000000000000e+00 1.524171530603324505e-02 -1.403824512760743284e-03 2.473623551463157572e-03 -8.904966218810725018e-03 -3.654429137199531521e-03 -3.972855727249259040e-03
0.000000000000000000e+00 0.000000000000000000e+00 0.000000000000000000e+00 -2.395004499957978372e-02 2.089262098478113922e-02 7.267574987046919845e-04 1.699348304217212363e-02 3.722116366183104378e-03 7.629082388050944380e-03 3.728421774826965168e-03
0.000000000000000000e+00 0.000000000000000000e+00 0.000000000000000000e+00 5.732547029657799817e-03 3.102126655952215650e-02 -2.860946219629032644e-02 -1.125614169461309697e-02 -1.886388458498632417e-02 -5.716609563428992798e-03 -8.496662185559972214e-03
0.000000000000000000e+00 0.000000000000000000e+00 0.000000000000000000e+00 2.395004499957978372e-02 -2.205897405708939166e-03 3.886924416316332471e-03 -1.399280444346265133e-02 -5.742381387287762151e-03 -6.242740500919476132e-03 -3.647268851921109129e-03
0.000000000000000000e+00 0.000000000000000000e+00 0.000000000000000000e+00 0.000000000000000000e+00 0.000000000000000000e+00 0.000000000000000000e+00 0.000000000000000000e+00 0.000000000000000000e+00 0.000000000000000000e+00 0.000000000000000000e+00
0.000000000000000000e+00 0.000000000000000000e+00 -2.024999999999999856e-01 -2.024999999999999370e-02 -8.790686070740533209e-02 -4.546849857074052037e-02 -3.826873632079016985e-02 -3.002326757002761817e-02 -3.324270049531712068e-02 -3.080430467001649478e-02
0.000000000000000000e+00 0.000000000000000000e+00 1.262278204369975398e-01 1.262278204369975294e-02 5.001924390683130418e-03 6.715866558235913464e-04 2.208300726534391176e-02 1.828748697608096122e-02 9.643456464409557588e-03 1.109227603361376963e-02
0.000000000000000000e+00 0.000000000000000000e+00 2.338268590217984222e-01 2.338268590217983459e-02 -5.393944062056914290e-02 1.565047324990494204e-02 4.121944028393859788e-02 1.820736995330830485e-02 9.752195418045705652e-03 1.736185249978204614e-02
0.000000000000000000e+00 0.000000000000000000e+00 0.000000000000000000e+00 1.522788342162293695e-01 1.522788342162293383e-02 -1.956707351361410344e-02 1.174838772809923444e-02 2.551937194344239615e-02 1.578111384732757555e-02 1.030304336192479180e-02
0.000000000000000000e+00 0.000000000000000000e+00 0.000000000000000000e+00 -8.303536919995745114e-02 -4.418622673348087532e-02 -3.350543326775790726e-02 -1.270762791517659682e-02 -1.366886938526118769e-02 -1.466308328649952239e-02 -1.437304701931100583e-02
0.000000000000000000e+00 0.000000000000000000e+00 0.000000000000000000e+00 0.000000000000000000e+00 5.052216848670524479e-02 2.603685012236768570e-02 2.521662312288932770e-02 6.941720250659420485e-03 8.547657096543360283e-03 1.014586712734313022e-02
0.000000000000000000e+00 0.000000000000000000e+00 0.000000000000000000e+00 -8.591347391416555290e-02 -8.591347391416551127e-03 -7.969219474860228872e-03 2.721889256365724562e-03 -8.271146005897489148e-03 -6.877441156035979906e-03 -9.683216330749535097e-03
0.000000000000000000e+00 0.000000000000000000e+00 0.000000000000000000e+00 0.000000000000000000e+00 2.089239209977680756e-02 2.858246747599704068e-02 1.208503429904068081e-02 1.148637241074478878e-02 8.229372929132826656e-03 7.221964647755188017e-03
0.000000000000000000e+00 0.000000000000000000e+00 0.000000000000000000e+00 0.000000000000000000e+00 6.893325113390343616e-03 8.265678676671698102e-03 6.104620287566459198e-03 2.317519989879657499e-03 4.436161315408564815e-03 2.705472964437704610e-03
0.000000000000000000e+00 0.000000000000000000e+00 8.925654780539885036e-02 4.909110129296934827e-02 2.968305993356297814e-02 3.015182017762488027e-03 1.965520228851498630e-02 1.742448134472042096e-02 1.612806062777989713e-02 1.334313642433665806e-02
0.000000000000000000e+00 0.000000000000000000e+00 2.392831029010619170e-01 2.392831029010618685e-02 -3.074668970989381453e-02 1.846081029010619018e-02 4.009982433962187842e-02 2.479762803582723565e-02 1.618967072905792143e-02 2.141213856100485785e-02
0.000000000000000000e+00 -2.012461179749810702e-01 -7.740026107360845065e-02 1.578192139168417552e-02 1.364111000790242971e-03 4.516382758048056176e-04 -1.136745318616469956e-02 -1.411677883141181956e-02 -1.460401575259229374e-02 -1.479361869014595224e-02
0.000000000000000000e+00 0.000000000000000000e+00 2.863782463805517597e-01 2.863782463805516695e-02 6.964407463805513676e-02 5.883466733948294197e-02 4.904858570144751684e-02 4.419151190002288537e-02 4.174855280432555882e-02 3.918708869303016290e-02
0.000000000000000000e+00 0.000000000000000000e+00 7.394254526319743448e-02 7.394254526319741540e-03 7.394254526319751948e-03 7.394254526319743274e-03 1.095327859813494641e-02 1.192307327427074605e-02 9.293827217501427623e-03 9.135454924448362796e-03
0.000000000000000000e+00 0.000000000000000000e+00 1.030645838047674623e-01 5.668552109262209315e-02 2.673983242967801696e-02 -5.840714496282710562e-03 1.187870696704518628e-02 1.619768128936065893e-02 1.534140474881815104e-02 1.292472724181073333e-02
0.000000000000000000e+00 0.000000000000000000e+00 0.000000000000000000e+00 0.000000000000000000e+00 2.768044660226494456e-03 -5.553223693470244263e-03 1.482840603136065250e-02 5.774504644019610826e-03 1.006787351855828808e-02 4.013474752838103003e-03
0.000000000000000000e+00 4.435193518440699867e-01 4.435193518440699173e-02 1.757497084278733177e-02 -6.286412407823362136e-02 4.397834941227166811e-02 3.170115900479916066e-02 2.492192985195364197e-02 2.793930736257413741e-02 3.063469092130161053e-02
0.000000000000000000e+00 0.000000000000000000e+00 0.000000000000000000e+00 0.000000000000000000e+00 3.816246529122688941e-02 2.000511169579722096e-02 4.031341789672300557e-03 5.077495348392514936e-03 7.689546174097250733e-03 7.101890554091903028e-03
1.000000000000000000e+00 9.999999999999997780e-02 9.999999999999997780e-02 9.999999999999997780e-02 9.999999999999997780e-02 9.999999999999997780e-02 9.999999999999997780e-02 9.999999999999997780e-02 9.999999999999997780e-02 9.999999999999997780e-02
0.000000000000000000e+00 0.000000000000000000e+00 0.000000000000000000e+00 0.000000000000000000e+00 5.288457229614057682e-03 9.455071861294031543e-03 4.097369868805062626e-03 4.313803133996365821e-03 3.974299220398149098e-03 2.499282265484261984e-03
0.000000000000000000e+00 0.000000000000000000e+00 0.000000000000000000e+00 0.000000000000000000e+00 0.000000000000000000e+00 1.357406764119077971e-02 9.356449240384682618e-04 2.931913922581674652e-03 1.066488537957438563e-03 3.685736049633447312e-03
0.000000000000000000e+00 0.000000000000000000e+00 0.000000000000000000e+00 0.000000000000000000e+00 2.412445640564269897e-02 7.825283519917567918e-03 4.755411602194718756e-03 2.495170036564187989e-03 6.345179701554590733e-03 4.671766454227030060e-03
0.000000000000000000e+00 2.598076211353316234e-01 2.598076211353315956e-02 2.598076211353315956e-02 2.598076211353315956e-02 3.848589801831397983e-02 4.189340917308559398e-02 3.265518020818845846e-02 3.209871669228695629e-02 2.988812680677040146e-02
0.000000000000000000e+00 0.000000000000000000e+00 0.000000000000000000e+00 0.000000000000000000e+00 2.206729631977061637e-02 2.705022229118865182e-02 1.129626336892436932e-02 1.014354474823819970e-02 6.017582947789763825e-03 6.678881475788020321e-03
0.000000000000000000e+00 0.000000000000000000e+00 2.110278299809773828e-01 2.110278299809773689e-02 -6.558093943436087148e-03 3.692058844037057492e-03 3.076434776876543764e-02 2.440014980981664722e-02 1.752467639645974296e-02 1.893995725954269668e-02
0.000000000000000000e+00 0.000000000000000000e+00 1.691987046846993303e-01 1.691987046846992956e-02 -2.174119279290456785e-02 1.305376414233248156e-02 2.835485771493600343e-02 1.753457094147509165e-02 1.144782595769421388e-02 1.514066837619249678e-02
0.000000000000000000e+00 0.000000000000000000e+00 4.676537180435968999e-02 4.676537180435968825e-03 5.656240611082330449e-02 2.366322323759490268e-02 2.189002823527822633e-02 1.427271927498643261e-02 1.569546915550475846e-02 1.464421113756803235e-02
0.000000000000000000e+00 0.000000000000000000e+00 0.000000000000000000e+00 3.842167357104581821e-02 2.889419165403062095e-02 2.478013416501212429e-02 3.789417723885819995e-03 6.454755637286761077e-03 8.734055983367024212e-03 9.282023052392526438e-03
0.000000000000000000e+00 0.000000000000000000e+00 0.000000000000000000e+00 0.000000000000000000e+00 3.686962966045592704e-02 1.081689407590040800e-02 1.335956966913016616e-02 6.406598973185278351e-03 6.278932518888168633e-03 6.487772508493689153e-03
0.000000000000000000e+00 0.000000000000000000e+00 0.000000000000000000e+00 2.540285884338873423e-02 3.046017200906818781e-02 2.249637220161047543e-02 8.540382500643407815e-03 1.634786954744407370e-02 9.970043003878227214e-03 1.103950953822487729e-02
0.000000000000000000e+00 0.000000000000000000e+00 1.030645838047674623e-01 4.817480451157601928e-02 2.178460758980531320e-02 -6.604126411467227571e-03 7.793133906305268511e-03 1.023006388800821141e-02 9.550098640571862835e-03 1.000143862658644904e-02
0.000000000000000000e+00 0.000000000000000000e+00 0.000000000000000000e+00 0.000000000000000000e+00 3.489145908616327063e-02 3.489145908616326196e-03 -1.084318909649224566e-03 6.104470681048966866e-04 5.086594415452870728e-03 4.034334376002518714e-03
0.000000000000000000e+00 0.000000000000000000e+00 0.000000000000000000e+00 0.000000000000000000e+00 0.000000000000000000e+00 0.000000000000000000e+00 0.000000000000000000e+00 0.000000000000000000e+00 0.000000000000000000e+00 0.000000000000000000e+00
0.000000000000000000e+00 0.000000000000000000e+00 2.024999999999999856e-01 2.024999999999999370e-02 4.924579744603083814e-02 4.160239224460307583e-02 3.468258755710306590e-02 3.124811773539219392e-02 2.952068479266325290e-02 2.770945614980030447e-02
0.000000000000000000e+00 0.000000000000000000e+00 0.000000000000000000e+00 9.160333136224659001e-02 2.687478939903120354e-02 3.319211770035492004e-02 1.591732312069181476e-02 1.560013326485325258e-02 1.611900039060691278e-02 1.595680582444986007e-02
0.000000000000000000e+00 0.000000000000000000e+00 0.000000000000000000e+00 9.770925080406296648e-02 9.770925080406295954e-03 1.899733133040629185e-02 1.656521468822754264e-02 1.596490715198641344e-02 1.530847315092698224e-02 1.357564662884888987e-02
0.000000000000000000e+00 0.000000000000000000e+00 0.000000000000000000e+00 0.000000000000000000e+00 2.467198732531902111e-02 -1.973758986025522105e-02 -2.987208113260481600e-03 1.121707589996011464e-03 3.208279269041170931e-03 -3.843836690357336290e-04
0.000000000000000000e+00 0.000000000000000000e+00 0.000000000000000000e+00 0.000000000000000000e+00 6.893325113390343616e-03 8.265678676671698102e-03 6.104620287566459198e-03 2.317519989879657499e-03 4.436161315408564815e-03 2.705472964437704610e-03
0.000000000000000000e+00 0.000000000000000000e+00 7.394254526319743448e-02 5.560689776490404523e-02 4.768939043574930287e-02 7.292737809858056142e-03 1.242218301580255008e-02 1.680869857704737208e-02 1.786326169307712181e-02 1.673514416959601472e-02
0.000000000000000000e+00 6.363961030678927377e-01 6.363961030678925990e-02 1.547646103067892021e-01 1.307437051988509791e-01 1.089968571143278137e-01 9.820335977782863879e-02 9.277456178739013071e-02 8.708241931784480028e-02 8.754760668943659119e-02
0.000000000000000000e+00 0.000000000000000000e+00 1.653405576378645381e-01 1.653405576378644964e-02 4.020902523974353299e-02 2.811638096878472590e-02 3.152736637540633907e-02 2.606003487666475743e-02 2.942595037601797650e-02 2.585442168178818043e-02
0.000000000000000000e+00 0.000000000000000000e+00 0.000000000000000000e+00 2.577404217424966171e-01 2.577404217424964991e-02 6.267966717424962309e-02 5.295120060553464708e-02 4.414372713130276793e-02 3.977236071002059753e-02 3.757369752389300155e-02
0.000000000000000000e+00 -2.598076211353316234e-01 -2.598076211353315956e-02 3.732758688076007192e-02 -1.964992721410383641e-02 -2.898682267788867811e-02 -2.673008371056319332e-02 -1.755616525036197625e-02 -1.950793128750285058e-02 -2.150389606653288141e-02
1.000000000000000000e+00 9.999999999999997780e-02 9.999999999999997780e-02 1.911249999999999893e-01 1.091124999999999734e-01 1.221606088507138504e-01 1.187210765100713550e-01 1.156071644006963633e-01 1.140616529809264645e-01 1.132843081566984461e-01
0.000000000000000000e+00 0.000000000000000000e+00 0.000000000000000000e+00 1.096532770014179009e-01 1.096532770014178870e-02 -3.407685573252311646e-03 1.918450050721860669e-03 1.598562401916599207e-02 1.267868975486835526e-02 9.106088971461402670e-03
1.000000000000000000e+00 9.999999999999997780e-02 9.999999999999997780e-02 9.999999999999997780e-02 9.999999999999997780e-02 9.999999999999997780e-02 9.999999999999997780e-02 9.999999999999997780e-02 9.999999999999997780e-02 9.999999999999997780e-02
0.000000000000000000e+00 0.000000000000000000e+00 0.000000000000000000e+00 0.000000000000000000e+00 0.000000000000000000e+00 0.000000000000000000e+00 0.000000000000000000e+00 0.000000000000000000e+00 0.000000000000000000e+00 0.000000000000000000e+00
0.000000000000000000e+00 0.000000000000000000e+00 0.000000000000000000e+00 0.000000000000000000e+00 0.000000000000000000e+00 0.000000000000000000e+00 0.000000000000000000e+00 0.000000000000000000e+00 0.000000000000000000e+00 0.000000000000000000e+00
0.000000000000000000e+00 0.000000000000000000e+00 0.000000000000000000e+00 7.753657574702947641e-02 2.982095389447356887e-02 6.077594690488171379e-03 3.086262812789086676e-03 1.218190894061704603e-02 1.243221956732850318e-02 9.977248980174791351e-03
0.000000000000000000e+00 4.499999999999999001e-01 4.499999999999997752e-02 -1.038065018740780832e-01 3.011934981259218116e-02 7.932684981259216506e-02 3.504009981259217227e-02 1.876810883266174027e-02 3.341290071459913219e-02 3.879374083959913344e-02
0.000000000000000000e+00 0.000000000000000000e+00 0.000000000000000000e+00 0.000000000000000000e+00 6.893325113390343616e-03 8.265678676671698102e-03 6.104620287566459198e-03 2.317519989879657499e-03 4.436161315408564815e-03 2.705472964437704610e-03
0.000000000000000000e+00 0.000000000000000000e+00 0.000000000000000000e+00 0.000000000000000000e+00 2.128669060938603863e-02 8.777906080354669349e-03 1.075015541507720607e-02 5.941832358455520664e-03 4.476654596589358694e-03 5.375666950133607506e-03
0.000000000000000000e+00 0.000000000000000000e+00 0.000000000000000000e+00 0.000000000000000000e+00 0.000000000000000000e+00 -1.879520823074819430e-03 4.079987502781974454e-04 -5.377594842405428698e-03 -2.085058887628527848e-03 -3.695509346311531568e-03
0.000000000000000000e+00 0.000000000000000000e+00 0.000000000000000000e+00 2.498001805406602278e-17 3.122502256758252847e-18 -7.806255641895631925e-18 0.000000000000000000e+00 3.122502256758252847e-18 6.245004513516505694e-18 1.561251128379126423e-18
