0.000000000000000000e+00 0.000000000000000000e+00 0.000000000000000000e+00 1.794673938478671613e-02 1.306785855582664850e-02 5.112289707751253333e-03 5.090885147354298756e-03 4.696854736250270258e-03 3.018721916733104610e-03 3.306604316434293145e-03 2.985291908301259886e-03
0.000000000000000000e+00 0.000000000000000000e+00 0.000000000000000000e+00 7.081538956566622856e-02 3.711125825570715797e-02 4.172909406995242709e-02 3.693370859410682189e-02 3.243928810259608109e-02 2.756786309051779613e-02 2.553979364700090932e-02 2.376397080997057210e-02
0.000000000000000000e+00 0.000000000000000000e+00 -1.112756492761103749e-01 -5.028869053217500246e-02 -4.191702819346477399e-02 -4.669171984887266619e-02 -4.282855741718651771e-02 -3.101955790709134270e-02 -3.143708882681287703e-02 -2.975261675041383433e-02 -2.886577781679467575e-02
0.000000000000000000e+00 0.000000000000000000e+00 6.037383539249433634e-02 1.104471041082571575e-01 5.436164538384535838e-02 6.494555815248292951e-02 4.754528994887961130e-02 4.949377291907546689e-02 4.000877556462860418e-02 3.853101136209471922e-02 3.720795593489835407e-02
0.000000000000000000e+00 0.000000000000000000e+00 1.112756492761103749e-01 5.831471637994617430e-02 6.557094531029936113e-02 5.803572400280179039e-02 5.097342354268841191e-02 4.331871763139437392e-02 4.013191395088766544e-02 3.734147757255414091e-02 3.605535564415918159e-02
0.000000000000000000e+00 0.000000000000000000e+00 0.000000000000000000e+00 0.000000000000000000e+00 0.000000000000000000e+00 0.000000000000000000e+00 0.000000000000000000e+00 0.000000000000000000e+00 0.000000000000000000e+00 0.000000000000000000e+00 0.000000000000000000e+00
1.000000000000000000e+00 9.999999999999997780e-02 2.431891231902758299e-01 1.143189123190275630e-01 1.621595373190275469e-01 1.720976662727971562e-01 1.494314214293318843e-01 1.400030067466640493e-01 1.385028812568331602e-01 1.374433728409377720e-01 1.356264016312047349e-01
0.000000000000000000e+00 0.000000000000000000e+00 1.262278204369975398e-01 1.888904135156436181e-01 2.728082871324317288e-02 4.646646393824926946e-02 3.708017665228854898e-02 3.355053352082120605e-02 3.450781022507422302e-02 3.527083850749853505e-02 3.479530515377154964e-02
0.000000000000000000e+00 0.000000000000000000e+00 2.338268590217984222e-01 2.338268590217983459e-02 -5.393944062056914290e-02 1.565047324990494204e-02 4.121944028393859788e-02 1.820736995330830485e-02 9.752195418045705652e-03 1.736185249978204614e-02 2.015781904495362806e-02
0.000000000000000000e+00 0.000000000000000000e+00 0.000000000000000000e+00 1.522788342162293695e-01 3.485441586976525258e-02 -1.201861120914014640e-02 3.259607419742414219e-02 3.040360107235113435e-02 1.735244297148614764e-02 1.389446150231464852e-02 1.763873687533282567e-02
0.000000000000000000e+00 2.846049894151541082e-01 -2.154623372232000039e-03 5.026025019463784688e-02 3.484040210314673369e-02 5.513464066480660425e-02 5.257876848292065974e-02 4.241848454030943544e-02 4.246316785297007262e-02 4.176118089531975081e-02 4.012952507703504423e-02
0.000000000000000000e+00 0.000000000000000000e+00 4.352516656233292869e-01 4.352516656233292730e-02 2.557902901204330351e-02 4.724254900935746793e-02 4.442109569675981029e-02 4.666688300604598938e-02 4.693393612902403700e-02 4.505204805349302677e-02 4.275048538426547834e-02
0.000000000000000000e+00 0.000000000000000000e+00 0.000000000000000000e+00 6.075000000000000538e-02 9.484518356234600267e-02 5.534917461912923498e-02 2.708296590949587496e-02 3.205616114363414593e-02 3.369264194412998487e-02 2.946576085721874100e-02 2.724309998711110792e-02
0.000000000000000000e+00 0.000000000000000000e+00 0.000000000000000000e+00 1.604767431042271597e-01 3.912999616217834042e-02 9.787240111276367463e-03 1.857949929978435291e-02 2.175433575708898490e-02 1.985784595751015347e-02 1.890831741893820098e-02 1.841908522363782177e-02
0.000000000000000000e+00 0.000000000000000000e+00 0.000000000000000000e+00 1.794673938478671613e-02 1.306785855582664850e-02 5.112289707751253333e-03 5.090885147354298756e-03 4.696854736250270258e-03 3.018721916733104610e-03 3.306604316434293145e-03 2.985291908301259886e-03
0.000000000000000000e+00 0.000000000000000000e+00 2.522042518698917185e-02 7.010759892082976674e-02 6.331222351368315238e-02 2.960888599137855709e-02 1.887135679485681117e-02 1.449991498455990326e-02 1.491721108549341583e-02 1.582586215820917797e-02 1.621862313739262651e-02
0.000000000000000000e+00 0.000000000000000000e+00 2.392831029010619170e-01 5.476843070179339412e-02 -1.888542552539477712e-02 5.121978912235214398e-02 4.777464997944461111e-02 2.726673354509044633e-02 2.183303988716025004e-02 2.771660101358457140e-02 2.953078645031889313e-02
0.000000000000000000e+00 3.113288279746397047e-02 4.258898437252926772e-02 -4.465372792280273943e-03 8.403660961693785016e-04 1.534545420677161515e-03 5.644469704592145962e-03 6.420514086532143859e-03 4.973317850073677784e-03 4.136246485079347023e-03 4.008321613254921256e-03
0.000000000000000000e+00 0.000000000000000000e+00 -2.024999999999999578e-01 -2.024999999999999023e-02 -4.924579744603084508e-02 -4.160239224460307583e-02 -3.468258755710307284e-02 -3.933730071251098637e-02 -3.405088083272916205e-02 -3.151105965734048164e-02 -3.163144498193627696e-02
0.000000000000000000e+00 0.000000000000000000e+00 7.394254526319743448e-02 3.823437493800695142e-02 1.925551871081879196e-02 4.015323335856569448e-02 1.862810423795767389e-02 1.439217878353395326e-02 1.493719637560375624e-02 1.543991737702807635e-02 1.527705590970084709e-02
0.000000000000000000e+00 2.323790007724450546e-01 1.924387069371577830e-01 1.187061612760210577e-01 1.337286213149288250e-01 8.122289073031586926e-02 6.801381901666990470e-02 6.582684669356672624e-02 6.353570183429534113e-02 6.276355685052893707e-02 6.316895418161430631e-02
0.000000000000000000e+00 0.000000000000000000e+00 0.000000000000000000e+00 -9.492502459788863117e-03 -3.134048589458059142e-02 -1.635880919554075219e-02 -2.026272237013920438e-02 -1.414807717286419367e-02 -1.605061462669885031e-02 -1.236204047017940531e-02 -1.204627741439581561e-02
0.000000000000000000e+00 4.435193518440699867e-01 1.017857768555879144e-01 3.966431291080350224e-02 1.302441276068947440e-01 6.929659177660049685e-02 6.053717053719140373e-02 6.100139907281598023e-02 6.333764307529712867e-02 6.409629624377669033e-02 6.135593991348988613e-02
0.000000000000000000e+00 2.323790007724450546e-01 8.937412313239030681e-02 9.303974860324559781e-02 7.968984436350141920e-02 4.160931486756905967e-02 3.917964647389775290e-02 4.721683679443475917e-02 4.421994511855095039e-02 4.121043413516504994e-02 4.134434145702158003e-02
1.000000000000000000e+00 9.999999999999997780e-02 9.999999999999997780e-02 9.999999999999997780e-02 9.999999999999997780e-02 9.999999999999997780e-02 9.999999999999997780e-02 9.999999999999997780e-02 9.999999999999997780e-02 9.999999999999997780e-02 9.999999999999997780e-02
0.000000000000000000e+00 -2.012461179749810702e-01 -7.740026107360843677e-02 5.241930982356579442e-03 -1.990370656413462808e-02 -3.230764169784443307e-02 -2.386496168077826413e-02 -2.281261440667163229e-02 -2.433808858916832948e-02 -2.391353877477772269e-02 -2.386945637549913943e-02
0.000000000000000000e+00 0.000000000000000000e+00 -3.952395295441559625e-02 -2.121633029416812588e-02 6.310165938840006129e-03 8.695223106308396302e-03 -8.869037946981050621e-03 -3.226987860866295955e-03 -1.426602515671831963e-03 -3.969214443534379785e-03 -3.807002930820428850e-03
0.000000000000000000e+00 0.000000000000000000e+00 -3.952395295441559625e-02 -4.839554692795386415e-03 2.871881975851293609e-02 1.291120503755611862e-03 -3.461590243659726143e-03 3.595034961456021125e-03 5.514157566144722248e-04 -1.094770924595062523e-03 -7.238411734784396456e-04
0.000000000000000000e+00 2.598076211353316234e-01 1.343418996855124115e-01 6.765699628241829411e-02 1.410840809259111817e-01 6.545248653664609284e-02 5.056896160924304051e-02 5.248395822679983308e-02 5.425033977357939657e-02 5.367810290710035154e-02 5.275174558600845970e-02
0.000000000000000000e+00 2.846049894151541082e-01 1.094604989415153828e-01 2.195351766551887074e-01 8.348626303265335724e-02 5.953115276095111152e-02 6.002553236632727357e-02 6.302718535519609422e-02 6.250249003766629452e-02 6.055924979514337031e-02 5.980502906247829598e-02
0.000000000000000000e+00 0.000000000000000000e+00 2.110278299809773828e-01 2.355502621550725414e-02 -5.836960639870034974e-04 5.835244242773239554e-02 3.445301186328502546e-02 1.860545536048573492e-02 2.356106530057329798e-02 2.590913109468655565e-02 2.472862596921857406e-02
0.000000000000000000e+00 0.000000000000000000e+00 1.691987046846993303e-01 3.872712874418361706e-02 -1.335401245460017365e-02 3.621786021936016647e-02 3.378177896927903739e-02 1.928049219054016328e-02 1.543829055812739014e-02 1.959859652814759101e-02 2.088141935279230407e-02
0.000000000000000000e+00 0.000000000000000000e+00 5.562594558339514078e-02 3.925479968603783759e-02 2.116748122464821857e-02 2.896703178343299281e-02 8.153845540014428850e-03 1.074727441137142241e-02 1.087252218711896173e-02 9.709238682447171934e-03 9.783184119565942541e-03
0.000000000000000000e+00 5.196152422706632468e-01 5.196152422706631913e-02 4.601767064019366554e-02 5.794750941750324846e-02 5.679585439380586964e-02 5.889261269044319264e-02 5.868242230836460960e-02 5.679161707747987231e-02 5.363981260232491416e-02 5.322272497050740264e-02
0.000000000000000000e+00 0.000000000000000000e+00 1.478850905263948690e-01 1.478850905263948308e-02 -5.241693835007782930e-03 1.465829505435604051e-02 1.170464703540557982e-02 1.299358743942988052e-02 1.356042893169024689e-02 1.260076200020236389e-02 1.218248488636858827e-02
0.000000000000000000e+00 0.000000000000000000e+00 6.613622305514581246e-02 4.815687071456952600e-02 1.883949642245174097e-02 1.876061764951929972e-02 1.730856094993979757e-02 1.112440882691798083e-02 1.218529538642460809e-02 1.100121461057704080e-02 1.169386098474985321e-02
0.000000000000000000e+00 0.000000000000000000e+00 1.030645838047674623e-01 6.152122324964785088e-02 3.182149419756107045e-02 4.195796377531305771e-02 3.151941303833707964e-02 2.564853903941659297e-02 2.359931915642585892e-02 2.338928174066907603e-02 2.348840413156866661e-02
0.000000000000000000e+00 0.000000000000000000e+00 0.000000000000000000e+00 0.000000000000000000e+00 3.489145908616327063e-02 3.894601169646487535e-03 -9.650863271063782074e-05 9.648025370532661155e-03 5.696480193779509225e-03 3.076236364409107478e-03 3.895599675338928900e-03
0.000000000000000000e+00 0.000000000000000000e+00 0.000000000000000000e+00 0.000000000000000000e+00 0.000000000000000000e+00 0.000000000000000000e+00 0.000000000000000000e+00 0.000000000000000000e+00 0.000000000000000000e+00 0.000000000000000000e+00 0.000000000000000000e+00
0.000000000000000000e+00 0.000000000000000000e+00 -1.431891231902758521e-01 -1.431891231902758001e-02 -3.482203731902756838e-02 -2.941733366974147099e-02 -2.452429285072375842e-02 -2.781567208739092398e-02 -2.407760874219782091e-02 -2.228168396607929994e-02 -2.236680924545632679e-02
0.000000000000000000e+00 3.674234614174767266e-01 3.674234614174766433e-02 -1.302309303590996718e-02 3.641882686198786440e-02 2.908042935978696203e-02 3.228282754016960354e-02 3.369115655034916196e-02 3.130684488972078350e-02 3.026762704531551704e-02 3.054416131697077277e-02
0.000000000000000000e+00 0.000000000000000000e+00 0.000000000000000000e+00 -1.228835463156115020e-02 1.264921872210312756e-02 -2.415321005488482720e-03 8.708416756318866983e-03 5.790647067327609745e-04 -2.374412207724693139e-03 -9.397098183423708076e-04 -1.420256032389745566e-04
0.000000000000000000e+00 0.000000000000000000e+00 0.000000000000000000e+00 0.000000000000000000e+00 2.467198732531902111e-02 -1.945088969571303131e-02 -2.546750915999415610e-03 6.883601882332956307e-03 -2.111945974190798398e-03 -1.449990202718383489e-03 7.969001127945712264e-04
0.000000000000000000e+00 0.000000000000000000e+00 0.000000000000000000e+00 1.794673938478671613e-02 1.306785855582664850e-02 5.112289707751253333e-03 5.090885147354298756e-03 4.696854736250270258e-03 3.018721916733104610e-03 3.306604316434293145e-03 2.985291908301259886e-03
1.000000000000000000e+00 9.999999999999997780e-02 8.856104843865114651e-02 1.115200338702128924e-01 1.093036727437286804e-01 1.133388859670257931e-01 1.129343743881120188e-01 1.092955180246571595e-01 1.032298674841112124e-01 1.024271819624262142e-01 1.036649463409216598e-01
0.000000000000000000e+00 -4.499999999999999001e-01 -4.499999999999997752e-02 -1.094351054356240971e-01 -9.244976054356239537e-02 -7.707241679356238717e-02 -8.741622380557996508e-02 -7.566862407273146351e-02 -7.002457701631217835e-02 -7.029209995985838400e-02 -6.874482114704963398e-02
0.000000000000000000e+00 0.000000000000000000e+00 -1.169134295108992111e-01 -1.169134295108991729e-02 -5.984480840214272818e-02 -3.938237024411442300e-02 -4.017338767485448270e-02 -4.037545355043608425e-02 -3.510617734056328126e-02 -3.161198405925983584e-02 -3.054130804367658283e-02
0.000000000000000000e+00 0.000000000000000000e+00 0.000000000000000000e+00 -1.822499999999999676e-01 -1.822499999999999121e-02 -4.432121770142775918e-02 -3.744215302014276825e-02 -3.121432880139276764e-02 -3.540357064125988773e-02 -3.064579274945624515e-02 -2.835995369160643556e-02
0.000000000000000000e+00 -2.598076211353316234e-01 1.354319084088243842e-02 5.252869638843812861e-02 -1.994374905664026559e-02 -2.224686056385770036e-02 -2.129934516389845808e-03 -1.095787312485963817e-02 -1.591881697745545915e-02 -1.413253681348667495e-02 -1.351149700356945628e-02
0.000000000000000000e+00 0.000000000000000000e+00 0.000000000000000000e+00 -6.443510543562414039e-02 -6.443510543562410743e-03 -1.566991679356240577e-02 -1.323780015138366177e-02 -1.103593178282569198e-02 -1.251705243932591666e-02 -1.083492393398901958e-02 -1.002675778473568514e-02
0.000000000000000000e+00 0.000000000000000000e+00 0.000000000000000000e+00 1.096532770014179009e-01 1.223955065366262585e-02 -3.032973717010394206e-04 3.032081850917110050e-02 1.790231010629488723e-02 9.667678194694806146e-03 1.224268865431231076e-02 1.346277943078792901e-02
1.000000000000000000e+00 9.999999999999997780e-02 9.999999999999997780e-02 9.999999999999997780e-02 9.999999999999997780e-02 9.999999999999997780e-02 9.999999999999997780e-02 9.999999999999997780e-02 9.999999999999997780e-02 9.999999999999997780e-02 9.999999999999997780e-02
0.000000000000000000e+00 0.000000000000000000e+00 0.000000000000000000e+00 0.000000000000000000e+00 0.000000000000000000e+00 0.000000000000000000e+00 0.000000000000000000e+00 0.000000000000000000e+00 0.000000000000000000e+00 0.000000000000000000e+00 0.000000000000000000e+00
0.000000000000000000e+00 0.000000000000000000e+00 0.000000000000000000e+00 0.000000000000000000e+00 0.000000000000000000e+00 0.000000000000000000e+00 0.000000000000000000e+00 0.000000000000000000e+00 0.000000000000000000e+00 0.000000000000000000e+00 0.000000000000000000e+00
1.000000000000000000e+00 3.846049894151540860e-01 2.094604989415153606e-01 2.371500788311723396e-01 1.761487649414298362e-01 1.499183537534022337e-01 1.641075678620858014e-01 1.593646774894011686e-01 1.521920631598184526e-01 1.519715086920904179e-01 1.527714722518462853e-01
0.000000000000000000e+00 4.499999999999999001e-01 4.499999999999997752e-02 -1.038065018740780832e-01 3.011934981259218116e-02 7.932684981259216506e-02 3.504009981259217227e-02 1.876810883266174027e-02 3.341290071459913219e-02 3.879374083959913344e-02 3.395098472709912746e-02
0.000000000000000000e+00 0.000000000000000000e+00 0.000000000000000000e+00 1.794673938478671613e-02 1.306785855582664850e-02 5.112289707751253333e-03 5.090885147354298756e-03 4.696854736250270258e-03 3.018721916733104610e-03 3.306604316434293145e-03 2.985291908301259886e-03
0.000000000000000000e+00 0.000000000000000000e+00 8.538149682454625189e-02 8.538149682454624148e-03 3.567759759264346481e-03 1.326440841938923525e-02 8.636056296851874273e-03 9.372361848413519186e-03 9.554851919006299502e-03 8.384202588514121438e-03 8.248484932025710453e-03
0.000000000000000000e+00 0.000000000000000000e+00 0.000000000000000000e+00 0.000000000000000000e+00 1.164045104579485127e-04 7.413325102825372472e-03 4.129594283802147034e-03 5.304025834346875849e-03 3.529600465140606946e-03 4.355759723601501480e-03 3.205374141558853598e-03
0.000000000000000000e+00 0.000000000000000000e+00 0.000000000000000000e+00 2.498001805406602278e-17 6.245004513516505694e-18 -6.245004513516505694e-18 6.245004513516505694e-18 3.122502256758252847e-18 0.000000000000000000e+00 3.122502256758252847e-18 4.683753385137379463e-18
