name apoptosis_DAC bid_DAC caspase_DAC ceramide_DAC disc_DAC fas_DAC fasl_DAC fast_DAC gpcr_DAC gzmb_DAC iap_DAC ifngt_DAC nfkb_DAC pdgfr_DAC pi3k_DAC s1p_DAC sphk1_DAC tpl2_DAC tradd_DAC
apop 1.0 1.0 1.0 1.0 1.0 1.0 0.0 0.0 -1.0 0.0 -1.0 0.0 0.0 -1.0 0.0 -1.0 -1.0 0.0 0.0
attr_2 1.0 1.0 1.0 1.0 1.0 1.0 0.0 0.0 -1.0 0.0 -1.0 0.0 0.0 -1.0 0.0 -1.0 -1.0 0.0 0.0
attr_4 1.0 1.0 1.0 1.0 1.0 1.0 0.0 0.0 -1.0 0.0 -1.0 0.0 0.0 -1.0 0.0 -1.0 -1.0 0.0 0.0
attr_5 1.0 1.0 1.0 1.0 1.0 1.0 0.0 0.0 -1.0 0.0 -1.0 0.0 0.0 -1.0 0.0 -1.0 -1.0 0.0 0.0
attr_7 1.0 1.0 1.0 1.0 1.0 1.0 0.0 0.0 -1.0 0.0 -1.0 0.0 0.0 -1.0 0.0 -1.0 -1.0 0.0 0.0
attr_11 1.0 1.0 1.0 1.0 1.0 1.0 0.0 0.0 -1.0 0.0 -1.0 0.0 0.0 -1.0 0.0 -1.0 -1.0 0.0 0.0
attr_16 1.0 1.0 1.0 1.0 1.0 1.0 0.0 0.0 -1.0 0.0 -1.0 0.0 0.0 -1.0 0.0 -1.0 -1.0 0.0 0.0
attr_18 1.0 1.0 1.0 1.0 1.0 1.0 0.0 0.0 -1.0 0.0 -1.0 0.0 0.0 -1.0 0.0 -1.0 -1.0 0.0 0.0
attr_19 1.0 1.0 1.0 1.0 1.0 1.0 0.0 0.0 -1.0 0.0 -1.0 0.0 0.0 -1.0 0.0 -1.0 -1.0 0.0 0.0
attr_26 1.0 1.0 1.0 1.0 1.0 1.0 0.0 0.0 -1.0 0.0 -1.0 0.0 0.0 0.0 0.0 -1.0 0.0 0.0 0.0
attr_30 1.0 1.0 1.0 1.0 1.0 1.0 0.0 0.0 -1.0 0.0 -1.0 0.0 0.0 0.0 0.0 -1.0 0.0 0.0 0.0
attr_31 1.0 1.0 1.0 1.0 1.0 1.0 0.0 0.0 -1.0 0.0 -1.0 0.0 0.0 0.0 0.0 -1.0 0.0 0.0 0.0
attr_32 1.0 1.0 1.0 1.0 1.0 1.0 0.0 0.0 -1.0 0.0 -1.0 0.0 0.0 0.0 0.0 -1.0 0.0 0.0 0.0
attr_38 1.0 1.0 1.0 1.0 1.0 1.0 0.0 0.0 -1.0 0.0 -1.0 0.0 0.0 0.0 0.0 -1.0 0.0 0.0 0.0
attr_45 1.0 1.0 1.0 1.0 1.0 1.0 0.0 0.0 -1.0 0.0 -1.0 0.0 0.0 0.0 0.0 -1.0 0.0 0.0 0.0
attr_46 1.0 1.0 1.0 1.0 1.0 1.0 0.0 0.0 -1.0 0.0 -1.0 0.0 0.0 0.0 0.0 -1.0 0.0 0.0 0.0
attr_47 1.0 1.0 1.0 1.0 1.0 1.0 0.0 0.0 -1.0 0.0 -1.0 0.0 0.0 0.0 0.0 -1.0 0.0 0.0 0.0
attr_48 1.0 1.0 1.0 1.0 1.0 1.0 0.0 0.0 -1.0 0.0 -1.0 0.0 0.0 0.0 0.0 -1.0 0.0 0.0 0.0
attr_51 1.0 1.0 1.0 1.0 1.0 1.0 0.0 0.0 -1.0 0.0 -1.0 0.0 0.0 0.0 0.0 -1.0 0.0 0.0 0.0
attr_52 1.0 1.0 1.0 1.0 1.0 1.0 0.0 0.0 -1.0 0.0 -1.0 0.0 0.0 -1.0 -1.0 -1.0 -1.0 0.0 0.0
attr_53 1.0 1.0 1.0 1.0 1.0 1.0 0.0 0.0 -1.0 0.0 -1.0 0.0 0.0 0.0 0.0 -1.0 0.0 0.0 0.0
attr_54 1.0 1.0 1.0 1.0 1.0 1.0 0.0 0.0 -1.0 0.0 -1.0 0.0 0.0 -1.0 -1.0 -1.0 -1.0 0.0 0.0
attr_59 1.0 1.0 1.0 1.0 1.0 1.0 0.0 0.0 -1.0 0.0 -1.0 0.0 0.0 0.0 0.0 -1.0 0.0 0.0 0.0
attr_60 1.0 1.0 1.0 1.0 1.0 1.0 0.0 0.0 -1.0 0.0 -1.0 0.0 0.0 0.0 0.0 -1.0 0.0 0.0 0.0
attr_64 1.0 1.0 1.0 1.0 1.0 1.0 0.0 0.0 -1.0 0.0 -1.0 0.0 0.0 0.0 0.0 -1.0 0.0 0.0 0.0
attr_71 1.0 1.0 1.0 1.0 1.0 1.0 0.0 0.0 -1.0 -1.0 -1.0 0.0 0.0 -1.0 0.0 -1.0 -1.0 0.0 0.0
attr_76 1.0 1.0 1.0 1.0 1.0 1.0 0.0 0.0 -1.0 0.0 -1.0 0.0 0.0 -1.0 0.0 -1.0 -1.0 0.0 0.0
attr_78 1.0 1.0 1.0 1.0 1.0 1.0 0.0 0.0 -1.0 0.0 -1.0 0.0 0.0 -1.0 0.0 -1.0 -1.0 0.0 0.0
attr_80 1.0 1.0 1.0 1.0 1.0 1.0 0.0 0.0 -1.0 0.0 -1.0 0.0 0.0 -1.0 0.0 -1.0 -1.0 0.0 0.0
attr_83 1.0 1.0 1.0 1.0 1.0 1.0 0.0 0.0 -1.0 -1.0 -1.0 0.0 0.0 0.0 0.0 -1.0 0.0 0.0 0.0
attr_89 1.0 1.0 1.0 1.0 1.0 1.0 0.0 0.0 -1.0 0.0 -1.0 0.0 0.0 -1.0 0.0 -1.0 -1.0 0.0 0.0
attr_92 1.0 1.0 1.0 1.0 1.0 1.0 0.0 0.0 -1.0 -1.0 -1.0 0.0 0.0 -1.0 0.0 -1.0 -1.0 0.0 0.0
attr_95 1.0 1.0 1.0 1.0 1.0 1.0 0.0 0.0 -1.0 -1.0 -1.0 0.0 0.0 -1.0 0.0 -1.0 -1.0 0.0 0.0
attr_97 1.0 1.0 1.0 1.0 1.0 1.0 0.0 0.0 -1.0 0.0 -1.0 0.0 0.0 0.0 0.0 -1.0 0.0 0.0 0.0
attr_103 1.0 1.0 1.0 1.0 1.0 1.0 0.0 0.0 -1.0 0.0 -1.0 0.0 0.0 0.0 0.0 -1.0 0.0 0.0 0.0
attr_108 1.0 1.0 1.0 1.0 1.0 1.0 0.0 0.0 -1.0 -1.0 -1.0 0.0 0.0 -1.0 0.0 -1.0 -1.0 0.0 0.0
attr_110 1.0 1.0 1.0 1.0 1.0 1.0 0.0 0.0 -1.0 -1.0 -1.0 0.0 0.0 0.0 0.0 -1.0 0.0 0.0 0.0
attr_116 1.0 1.0 1.0 1.0 1.0 1.0 0.0 0.0 -1.0 -1.0 -1.0 0.0 0.0 0.0 0.0 -1.0 0.0 0.0 0.0
attr_126 1.0 1.0 1.0 1.0 1.0 1.0 0.0 0.0 -1.0 0.0 -1.0 0.0 0.0 0.0 0.0 -1.0 0.0 0.0 0.0
attr_142 1.0 1.0 1.0 1.0 1.0 1.0 0.0 0.0 -1.0 -1.0 -1.0 0.0 0.0 0.0 0.0 -1.0 0.0 0.0 0.0
attr_145 1.0 1.0 1.0 1.0 1.0 1.0 0.0 0.0 -1.0 0.0 -1.0 0.0 0.0 0.0 0.0 -1.0 0.0 0.0 0.0
attr_150 1.0 1.0 1.0 1.0 1.0 1.0 0.0 0.0 -1.0 0.0 -1.0 0.0 0.0 -1.0 -1.0 -1.0 -1.0 0.0 0.0
attr_158 1.0 1.0 1.0 1.0 1.0 1.0 0.0 0.0 -1.0  -1.0  0.0 -1.0  -1.0 -1.0 0.0 0.0
attr_161 1.0 1.0 1.0 1.0 1.0 1.0 0.0 0.0 -1.0 0.0 -1.0 0.0 0.0 -1.0  -1.0 -1.0 0.0 0.0
attr_166 1.0 1.0 1.0 1.0 1.0 1.0 0.0 0.0 -1.0 0.0 -1.0 0.0 0.0 -1.0 0.0 -1.0 -1.0 0.0 0.0
attr_167 1.0 1.0 1.0 1.0 1.0 1.0 0.0 0.0 -1.0 0.0 -1.0 0.0 0.0 -1.0 -1.0 -1.0 -1.0 0.0 0.0
attr_172 1.0 1.0 1.0 1.0 1.0 1.0 0.0 0.0 -1.0 -1.0 -1.0  0.0 -1.0  -1.0 -1.0 0.0 0.0
attr_174 1.0 1.0 1.0 1.0 1.0 1.0 0.0 0.0 -1.0 0.0 -1.0 0.0 0.0 -1.0  -1.0 -1.0 0.0 0.0
attr_176 1.0 1.0 1.0 1.0 1.0 1.0 0.0 0.0 -1.0 0.0 -1.0 0.0 0.0 -1.0 0.0 -1.0 -1.0 0.0 0.0
attr_180 1.0 1.0 1.0 1.0 1.0 1.0 0.0 0.0 -1.0 0.0 -1.0 0.0 0.0 -1.0 0.0 -1.0 -1.0 0.0 0.0
attr_181 1.0 1.0 1.0 1.0 1.0 1.0 0.0 0.0 -1.0 0.0 -1.0 0.0 0.0 -1.0 0.0 -1.0 -1.0 0.0 0.0
attr_182 1.0 1.0 1.0 1.0 1.0 1.0 0.0 0.0 -1.0 -1.0 -1.0  0.0 -1.0  -1.0 -1.0 0.0 0.0
attr_184 1.0 1.0 1.0 1.0 1.0 1.0 0.0 0.0 -1.0 0.0 -1.0 0.0 0.0 -1.0 -1.0 -1.0 -1.0 0.0 0.0
attr_195 1.0 1.0 1.0 1.0 1.0 1.0 0.0 0.0 -1.0 0.0 -1.0 0.0 0.0 -1.0 0.0 -1.0 -1.0 0.0 0.0
attr_196 1.0 1.0 1.0 1.0 1.0 1.0 0.0 0.0 -1.0 0.0 -1.0 0.0 0.0 -1.0 -1.0 -1.0 -1.0 0.0 0.0
attr_197 1.0 1.0 1.0 1.0 1.0 1.0 0.0 0.0 -1.0 0.0 -1.0 0.0 0.0 -1.0 0.0 -1.0 -1.0 0.0 0.0
attr_202 1.0 1.0 1.0 1.0 1.0 1.0 0.0 0.0 -1.0 0.0 -1.0 0.0 0.0 -1.0 0.0 -1.0 -1.0 0.0 0.0
attr_204 1.0 1.0 1.0 1.0 1.0 1.0 0.0 0.0 -1.0 0.0 -1.0 0.0 0.0 -1.0  -1.0 -1.0 0.0 0.0
attr_207 1.0 1.0 1.0 1.0 1.0 1.0 0.0 0.0 -1.0 0.0 -1.0 0.0 0.0 -1.0  -1.0 -1.0 0.0 0.0
attr_209 1.0 1.0 1.0 1.0 1.0 1.0 0.0 0.0 -1.0 0.0 -1.0 0.0 0.0 -1.0 -1.0 -1.0 -1.0 0.0 0.0
attr_214 1.0 1.0 1.0 1.0 1.0 1.0 0.0 0.0 -1.0  -1.0  0.0 -1.0  -1.0 -1.0 0.0 0.0
attr_218 1.0 1.0 1.0 1.0 1.0 1.0 0.0 0.0 -1.0 -1.0 -1.0  0.0 -1.0  -1.0 -1.0  0.0
attr_219 1.0 1.0 1.0 1.0 1.0 1.0 0.0 0.0 -1.0 0.0 -1.0 0.0 0.0 -1.0 -1.0 -1.0 -1.0 0.0 0.0
attr_224 1.0 1.0 1.0 1.0 1.0 1.0 0.0 0.0 -1.0  -1.0  0.0 -1.0  -1.0 -1.0  0.0
attr_228 1.0 1.0 1.0 1.0 1.0 1.0 0.0 0.0 -1.0 0.0 -1.0 0.0 0.0 -1.0  -1.0 -1.0 0.0 0.0
attr_231 1.0 1.0 1.0 1.0 1.0 1.0 0.0 0.0 -1.0 0.0 -1.0 0.0 0.0 -1.0 -1.0 -1.0 -1.0 0.0 0.0
attr_232 1.0 1.0 1.0 1.0 1.0 1.0 0.0 0.0 -1.0 0.0 -1.0 0.0 0.0 -1.0 0.0 -1.0 -1.0 0.0 0.0
attr_241 1.0 1.0 1.0 1.0 1.0 1.0 0.0 0.0 -1.0 0.0 -1.0 0.0 0.0 -1.0 -1.0 -1.0 -1.0 0.0 0.0
attr_245 1.0 1.0 1.0 1.0 1.0 1.0 0.0 0.0 -1.0 0.0 -1.0 0.0 0.0 -1.0 -1.0 -1.0 -1.0 0.0 0.0
attr_247 1.0 1.0 1.0 1.0 1.0 1.0 0.0 0.0 -1.0 0.0 -1.0 0.0 0.0 -1.0 -1.0 -1.0 -1.0 0.0 0.0
attr_248 1.0 1.0 1.0 1.0 1.0 1.0 0.0 0.0 -1.0 0.0 -1.0 0.0 0.0 -1.0  -1.0 -1.0 0.0 0.0
attr_253 1.0 1.0 1.0 1.0 1.0 1.0 0.0 0.0 -1.0 0.0 -1.0 0.0 0.0 -1.0  -1.0 -1.0 0.0 0.0
attr_254 1.0 1.0 1.0 1.0 1.0 1.0 0.0 0.0 -1.0  -1.0  0.0 -1.0  -1.0 -1.0 0.0 0.0
attr_259 1.0 1.0 1.0 1.0 1.0 1.0 0.0 0.0 -1.0 0.0 -1.0 0.0 0.0 -1.0 -1.0 -1.0 -1.0 0.0 0.0
attr_262 1.0 1.0 1.0 1.0 1.0 1.0 0.0 0.0 -1.0 -1.0 -1.0  0.0 -1.0  -1.0 -1.0 0.0 0.0
attr_264 1.0 1.0 1.0 1.0 1.0 1.0 0.0 0.0 -1.0  -1.0  0.0 -1.0  -1.0 -1.0  0.0
attr_294 1.0 1.0 1.0 1.0 1.0 1.0 0.0 0.0 -1.0 0.0 -1.0 0.0 0.0 0.0 0.0 -1.0 0.0 0.0 0.0
attr_296 1.0 1.0 1.0 1.0 1.0 1.0 0.0 0.0 -1.0 0.0 -1.0 0.0 0.0 0.0 0.0 -1.0 0.0 0.0 0.0
attr_301 1.0 1.0 1.0 1.0 1.0 1.0 0.0 0.0 -1.0 0.0 -1.0 0.0 0.0 0.0 0.0 -1.0 0.0 0.0 0.0
attr_302 1.0 1.0 1.0 1.0 1.0 1.0 0.0 0.0 -1.0 -1.0 -1.0  0.0 -1.0  -1.0 -1.0 0.0 0.0
attr_303 1.0 1.0 1.0 1.0 1.0 1.0 0.0 0.0 -1.0 -1.0 -1.0  0.0 -1.0  -1.0 -1.0  0.0
attr_324 1.0 1.0 1.0 1.0 1.0 1.0 0.0 0.0 -1.0  -1.0  0.0 -1.0  -1.0 -1.0  0.0
attr_325 1.0 1.0 1.0 1.0 1.0 1.0 0.0 0.0 -1.0 0.0 -1.0 0.0 0.0 0.0 0.0 -1.0 0.0 0.0 0.0
attr_331 1.0 1.0 1.0 1.0 1.0 1.0 0.0 0.0 -1.0  -1.0  0.0 -1.0  -1.0 -1.0 0.0 0.0
attr_346 1.0 1.0 1.0 1.0 1.0 1.0 0.0 0.0 -1.0 0.0 -1.0 0.0 0.0 0.0 0.0 -1.0 0.0 0.0 0.0
attr_361 1.0 1.0 1.0 1.0 1.0 1.0 0.0 0.0 -1.0 0.0 -1.0 0.0 0.0 0.0 0.0 -1.0 0.0 0.0 0.0
attr_368 1.0 1.0 1.0 1.0 1.0 1.0 0.0 0.0 -1.0 -1.0 -1.0  0.0 -1.0  -1.0 -1.0  0.0
attr_375 1.0 1.0 1.0 1.0 1.0 1.0 0.0 0.0 -1.0 0.0 -1.0 0.0 0.0 0.0 0.0 -1.0 0.0 0.0 0.0
attr_377 1.0 1.0 1.0 1.0 1.0 1.0 0.0 0.0 -1.0 -1.0 -1.0  0.0 -1.0  -1.0 -1.0  0.0
attr_384 1.0 1.0 1.0 1.0 1.0 1.0 0.0 0.0 -1.0 -1.0 -1.0 0.0 0.0 0.0 0.0 -1.0 0.0 0.0 0.0
attr_386 1.0 1.0 1.0 1.0 1.0 1.0 0.0 0.0 -1.0 -1.0 -1.0 0.0 0.0 0.0 0.0 -1.0 0.0 0.0 0.0
attr_387 1.0 1.0 1.0 1.0 1.0 1.0 0.0 0.0 -1.0 0.0 -1.0 0.0 0.0 0.0 0.0 -1.0 0.0 0.0 0.0
attr_389 1.0 1.0 1.0 1.0 1.0 1.0 0.0 0.0 -1.0 0.0 -1.0 0.0 0.0 0.0 0.0 -1.0 0.0 0.0 0.0
attr_393 1.0 1.0 1.0 1.0 1.0 1.0 0.0 0.0 -1.0 0.0 -1.0 0.0 0.0 0.0 0.0 -1.0 0.0 0.0 0.0
attr_399 1.0 1.0 1.0 1.0 1.0 1.0 0.0 0.0 -1.0 0.0 -1.0 0.0 0.0 0.0 0.0 -1.0 0.0 0.0 0.0
attr_401 1.0 1.0 1.0 1.0 1.0 1.0 0.0 0.0 -1.0 0.0 -1.0 0.0 0.0 0.0 0.0 -1.0 0.0 0.0 0.0
attr_408 1.0 1.0 1.0 1.0 1.0 1.0 0.0 0.0 -1.0 0.0 -1.0 0.0 0.0 0.0 0.0 -1.0 0.0 0.0 0.0
attr_416 1.0 1.0 1.0 1.0 1.0 1.0 0.0 0.0 -1.0 0.0 -1.0 0.0 0.0 0.0 0.0 -1.0 0.0 0.0 0.0
attr_418 1.0 1.0 1.0 1.0 1.0 1.0 0.0 0.0 -1.0 0.0 -1.0 0.0 0.0 0.0 0.0 -1.0 0.0 0.0 0.0
attr_419 1.0 1.0 1.0 1.0 1.0 1.0 0.0 0.0 -1.0 0.0 -1.0 0.0 0.0 0.0 0.0 -1.0 0.0 0.0 0.0
attr_420 1.0 1.0 1.0 1.0 1.0 1.0 0.0 0.0 -1.0 0.0 -1.0 0.0 0.0 0.0 0.0 -1.0 0.0 0.0 0.0
attr_427 1.0 1.0 1.0 1.0 1.0 1.0 0.0 0.0 -1.0  -1.0  0.0 -1.0  -1.0 -1.0  0.0
attr_429 1.0 1.0 1.0 1.0 1.0 1.0 0.0 0.0 -1.0 0.0 -1.0 0.0 0.0 0.0 0.0 -1.0 0.0 0.0 0.0
attr_430 1.0 1.0 1.0 1.0 1.0 1.0 0.0 0.0 -1.0 0.0 -1.0 0.0 0.0 0.0 0.0 -1.0 0.0 0.0 0.0
attr_440 1.0 1.0 1.0 1.0 1.0 1.0 0.0 0.0 -1.0 0.0 -1.0 0.0 0.0 0.0 0.0 -1.0 0.0 0.0 0.0
attr_441 1.0 1.0 1.0 1.0 1.0 1.0 0.0 0.0 -1.0 0.0 -1.0 0.0 0.0 0.0 0.0 -1.0 0.0 0.0 0.0
attr_442 1.0 1.0 1.0 1.0 1.0 1.0 0.0 0.0 -1.0 0.0 -1.0 0.0 0.0 0.0 0.0 -1.0 0.0 0.0 0.0
attr_446 1.0 1.0 1.0 1.0 1.0 1.0 0.0 0.0 -1.0 -1.0 -1.0 0.0 0.0 0.0 0.0 -1.0 0.0 0.0 0.0
attr_454 1.0 1.0 1.0 1.0 1.0 1.0 0.0 0.0 -1.0 0.0 -1.0 0.0 0.0 0.0 0.0 -1.0 0.0 0.0 0.0
attr_460 1.0 1.0 1.0 1.0 1.0 1.0 0.0 0.0 -1.0 0.0 -1.0 0.0 0.0 -1.0 -1.0 -1.0 -1.0 0.0 0.0
attr_462 1.0 1.0 1.0 1.0 1.0 1.0 0.0 0.0 -1.0 0.0 -1.0 0.0 0.0 0.0 0.0 -1.0 0.0 0.0 0.0
attr_465 1.0 1.0 1.0 1.0 1.0 1.0 0.0 0.0 -1.0 0.0 -1.0 0.0 0.0 0.0 0.0 -1.0 0.0 0.0 0.0
attr_471 1.0 1.0 1.0 1.0 1.0 1.0 0.0 0.0 -1.0 0.0 -1.0 0.0 0.0 0.0 0.0 -1.0 0.0 0.0 0.0
attr_473 1.0 1.0 1.0 1.0 1.0 1.0 0.0 0.0 -1.0 0.0 -1.0 0.0 0.0 0.0 0.0 -1.0 0.0 0.0 0.0
attr_474 1.0 1.0 1.0 1.0 1.0 1.0 0.0 0.0 -1.0 -1.0 -1.0 0.0 0.0 0.0 0.0 -1.0 0.0 0.0 0.0
attr_475 1.0 1.0 1.0 1.0 1.0 1.0 0.0 0.0 -1.0 0.0 -1.0 0.0 0.0 0.0 0.0 -1.0 0.0 0.0 0.0
attr_482 1.0 1.0 1.0 1.0 1.0 1.0 0.0 0.0 -1.0 0.0 -1.0 0.0 0.0 0.0 0.0 -1.0 0.0 0.0 0.0
attr_484 1.0 1.0 1.0 1.0 1.0 1.0 0.0 0.0 -1.0 0.0 -1.0 0.0 0.0 0.0 0.0 -1.0 0.0 0.0 0.0
attr_491 1.0 1.0 1.0 1.0 1.0 1.0 0.0 0.0 -1.0 -1.0 -1.0 0.0 0.0 0.0 0.0 -1.0 0.0 0.0 0.0
attr_500 1.0 1.0 1.0 1.0 1.0 1.0 0.0 0.0 -1.0 0.0 -1.0 0.0 0.0 0.0 0.0 -1.0 0.0 0.0 0.0
attr_502 1.0 1.0 1.0 1.0 1.0 1.0 0.0 0.0 -1.0 0.0 -1.0 0.0 0.0 0.0 0.0 -1.0 0.0 0.0 0.0
attr_505 1.0 1.0 1.0 1.0 1.0 1.0 0.0 0.0 -1.0 0.0 -1.0 0.0 0.0 0.0 0.0 -1.0 0.0 0.0 0.0
attr_508 1.0 1.0 1.0 1.0 1.0 1.0 0.0 0.0 -1.0 0.0 -1.0 0.0 0.0 0.0 0.0 -1.0 0.0 0.0 0.0
attr_511 1.0 1.0 1.0 1.0 1.0 1.0 0.0 0.0 -1.0 -1.0 -1.0 0.0 0.0 0.0 0.0 -1.0 0.0 0.0 0.0
attr_514 1.0 1.0 1.0 1.0 1.0 1.0 0.0 0.0 -1.0 -1.0 -1.0 0.0 0.0 0.0 0.0 -1.0 0.0 0.0 0.0
attr_527 1.0 1.0 1.0 1.0 1.0 1.0 0.0 0.0 -1.0 -1.0 -1.0 0.0 0.0 0.0 0.0 -1.0 0.0 0.0 0.0
attr_534 1.0 1.0 1.0 1.0 1.0 1.0 0.0 0.0 -1.0 0.0 -1.0 0.0 0.0 0.0 0.0 -1.0 0.0 0.0 0.0
attr_541 1.0 1.0 1.0 1.0 1.0 1.0 0.0 0.0 -1.0 0.0 -1.0 0.0 0.0 0.0 0.0 -1.0 0.0 0.0 0.0
attr_543 1.0 1.0 1.0 1.0 1.0 1.0 0.0 0.0 -1.0 0.0 -1.0 0.0 0.0 0.0 0.0 -1.0 0.0 0.0 0.0
attr_545 1.0 1.0 1.0 1.0 1.0 1.0 0.0 0.0 -1.0 0.0 -1.0 0.0 0.0 -1.0 -1.0 -1.0 -1.0 0.0 0.0
attr_549 1.0 1.0 1.0 1.0 1.0 1.0 0.0 0.0 -1.0 0.0 -1.0 0.0 0.0 0.0 0.0 -1.0 0.0 0.0 0.0
attr_550 1.0 1.0 1.0 1.0 1.0 1.0 0.0 0.0 -1.0 0.0 -1.0 0.0 0.0 0.0 0.0 -1.0 0.0 0.0 0.0
attr_555 1.0 1.0 1.0 1.0 1.0 1.0 0.0 0.0 -1.0 0.0 -1.0 0.0 0.0 0.0 0.0 -1.0 0.0 0.0 0.0
attr_562 1.0 1.0 1.0 1.0 1.0 1.0 0.0 0.0 -1.0 0.0 -1.0 0.0 0.0 0.0 0.0 -1.0 0.0 0.0 0.0
