name apoptosis_DAC bid_DAC caspase_DAC ceramide_DAC disc_DAC fas_DAC fasl_DAC fast_DAC gpcr_DAC gzmb_DAC iap_DAC ifngt_DAC nfkb_DAC pdgfr_DAC pi3k_DAC s1p_DAC sphk1_DAC tpl2_DAC tradd_DAC
attr_3 1.0 1.0 1.0 0.0 0.0 0.0 -1.0 -1.0 -1.0 0.0 -1.0 0.0 -1.0 -1.0 -1.0 -1.0 -1.0 -1.0 0.0
attr_6 1.0 1.0 1.0 0.0 0.0 1.0 0.0 0.0 0.0 0.0 -1.0 0.0 0.0 0.0 0.0 0.0 0.0 0.0 0.0
attr_9 1.0 1.0 1.0 0.0 0.0 1.0 0.0 0.0 0.0 0.0 -1.0 0.0 0.0 0.0 0.0 0.0 0.0 0.0 0.0
attr_10 1.0 1.0 1.0 0.0 0.0 0.0 -1.0 -1.0 -1.0 0.0 -1.0 0.0 -1.0 -1.0 -1.0 -1.0 -1.0 -1.0 0.0
attr_14 1.0 1.0 1.0 0.0 0.0 1.0 0.0 0.0 0.0 0.0 -1.0 0.0 0.0 0.0 0.0 0.0 0.0 0.0 0.0
attr_15 1.0 1.0 1.0 0.0 0.0 0.0 -1.0 -1.0 -1.0 0.0 -1.0 0.0 -1.0 -1.0 -1.0 -1.0 -1.0 -1.0 0.0
attr_17 1.0 1.0 1.0 0.0 0.0 1.0 0.0 0.0 0.0 0.0 -1.0 0.0 0.0 0.0 0.0 0.0 0.0 0.0 0.0
attr_20 1.0 1.0 1.0 0.0 0.0 1.0 0.0 0.0 0.0 0.0 -1.0 0.0 0.0 0.0 0.0 0.0 0.0 0.0 0.0
attr_21 1.0 1.0 1.0 0.0 0.0 1.0 0.0 0.0 0.0 0.0 -1.0 0.0 0.0 0.0 0.0 0.0 0.0 0.0 0.0
attr_22 1.0 1.0 1.0 0.0 0.0 1.0 0.0 0.0 0.0 0.0 -1.0 0.0 0.0 0.0 0.0 0.0 0.0 0.0 0.0
attr_23 1.0 1.0 1.0 0.0 0.0 1.0 0.0 0.0 0.0 0.0 -1.0 0.0 0.0 0.0 0.0 0.0 0.0 0.0 0.0
attr_24 1.0 1.0 1.0 0.0 0.0 1.0 0.0 0.0 0.0 0.0 -1.0 0.0 0.0 0.0 0.0 0.0 0.0 0.0 0.0
attr_27 1.0 1.0 1.0 0.0 0.0 1.0 0.0 0.0 0.0 0.0 -1.0 0.0 0.0 0.0 0.0 0.0 0.0 0.0 0.0
attr_28 1.0 1.0 1.0 0.0 0.0 1.0 0.0 0.0 0.0 0.0 -1.0 0.0 0.0 0.0 0.0 0.0 0.0 0.0 0.0
attr_29 1.0 1.0 1.0 0.0 0.0 1.0 0.0 0.0 0.0 0.0 -1.0 0.0 0.0 0.0 0.0 0.0 0.0 0.0 0.0
attr_34 1.0 1.0 1.0 0.0 0.0 1.0 0.0 0.0 0.0 0.0 -1.0 0.0 0.0 0.0 0.0 0.0 0.0 0.0 0.0
attr_35 1.0 1.0 1.0 0.0 0.0 1.0 0.0 0.0 0.0 0.0 -1.0 0.0 0.0 0.0 0.0 0.0 0.0 0.0 0.0
attr_37 1.0 1.0 1.0 0.0 0.0 1.0 0.0 0.0 0.0 0.0 -1.0 0.0 0.0 0.0 0.0 0.0 0.0 0.0 0.0
attr_41 1.0 1.0 1.0 0.0 0.0 1.0 0.0 0.0 0.0 0.0 -1.0 0.0 0.0 0.0 0.0 0.0 0.0 0.0 0.0
attr_42 1.0 1.0 1.0 0.0 0.0 1.0 0.0 0.0 0.0 0.0 -1.0 0.0 0.0 0.0 0.0 0.0 0.0 0.0 0.0
attr_43 1.0 1.0 1.0 0.0 1.0 1.0 0.0 0.0 0.0 0.0 -1.0 0.0 0.0 0.0 0.0 0.0 0.0 0.0 0.0
attr_44 1.0 1.0 1.0 0.0 0.0 1.0 0.0 0.0 0.0 0.0 -1.0 0.0 0.0 0.0 0.0 0.0 0.0 0.0 0.0
attr_49 1.0 1.0 1.0 0.0 0.0 1.0 0.0 0.0 0.0 0.0 -1.0 0.0 0.0 0.0 0.0 0.0 0.0 0.0 0.0
attr_50 1.0 1.0 1.0 0.0 0.0 0.0 -1.0 -1.0 -1.0 0.0 -1.0 0.0 -1.0 -1.0 -1.0 -1.0 -1.0 -1.0 0.0
attr_55 1.0 1.0 1.0 0.0 0.0 1.0 0.0 0.0 0.0 0.0 -1.0 0.0 0.0 0.0 0.0 0.0 0.0 0.0 0.0
attr_56 1.0 1.0 1.0 0.0 0.0 0.0 0.0 -1.0 -1.0 0.0 -1.0 0.0 -1.0 -1.0 -1.0 -1.0 -1.0 -1.0 0.0
attr_58 1.0 1.0 1.0 0.0 0.0 1.0 0.0 0.0 0.0 0.0 -1.0 0.0 0.0 0.0 0.0 0.0 0.0 0.0 0.0
attr_61 1.0 1.0 1.0 0.0 0.0 1.0 0.0 0.0 0.0 0.0 -1.0 0.0 0.0 0.0 0.0 0.0 0.0 0.0 0.0
attr_63 1.0 1.0 1.0 0.0 0.0 1.0 0.0 0.0 0.0 0.0 -1.0 0.0 0.0 0.0 0.0 0.0 0.0 0.0 0.0
attr_65 1.0 1.0 1.0 0.0 1.0 1.0 0.0 0.0 0.0 0.0 -1.0 0.0 0.0 0.0 0.0 0.0 0.0 0.0 0.0
attr_67 1.0 1.0 1.0 0.0 1.0 1.0 0.0 0.0 0.0 0.0 -1.0 0.0 0.0 0.0 0.0 0.0 0.0 0.0 0.0
attr_68 1.0 1.0 1.0 0.0 0.0 1.0 0.0 0.0 0.0 0.0 -1.0 0.0 0.0 0.0 0.0 0.0 0.0 0.0 0.0
attr_69       0.0 0.0  0.0  0.0 0.0 0.0 0.0  0.0 0.0 0.0
attr_70 1.0 1.0 1.0  1.0 1.0 0.0 0.0  -1.0 -1.0 0.0 0.0 0.0 0.0  0.0 0.0 0.0
attr_72 1.0 1.0 1.0   1.0 0.0 0.0  0.0 -1.0 0.0 0.0 0.0 0.0  0.0 0.0 0.0
attr_73       0.0 0.0  0.0  0.0 0.0 0.0 0.0  0.0 0.0 0.0
attr_74 1.0 1.0 1.0   1.0 0.0 0.0  0.0 -1.0 0.0 0.0 0.0 0.0  0.0 0.0 0.0
attr_75 1.0 1.0 1.0  1.0 1.0 0.0 0.0  0.0 -1.0 0.0 0.0 0.0 0.0  0.0 0.0 0.0
attr_77       0.0 0.0  0.0  0.0 0.0 0.0 0.0  0.0 0.0 0.0
attr_79       0.0 0.0  0.0  0.0 0.0 0.0 0.0  0.0 0.0 0.0
attr_81 1.0 1.0 1.0  1.0 1.0 0.0 0.0  -1.0 -1.0 0.0 0.0 0.0 0.0  0.0 0.0 0.0
attr_82 1.0 1.0 1.0  1.0 1.0 0.0 0.0  0.0 -1.0 0.0 0.0 0.0 0.0  0.0 0.0 0.0
attr_84 1.0 1.0 1.0  1.0 1.0 0.0 0.0  0.0 -1.0 0.0 0.0 0.0 0.0  0.0 0.0 0.0
attr_85 1.0 1.0 1.0  1.0 1.0 0.0 0.0  -1.0 -1.0 0.0 0.0 0.0 0.0  0.0 0.0 0.0
attr_86 1.0 1.0 1.0   1.0 0.0 0.0  0.0 -1.0 0.0 0.0 0.0 0.0  0.0 0.0 0.0
attr_87 1.0 1.0 1.0   1.0 0.0 0.0  0.0 -1.0 0.0 0.0 0.0 0.0  0.0 0.0 0.0
attr_88 1.0 1.0 1.0   1.0 0.0 0.0  0.0 -1.0 0.0 0.0 0.0 0.0  0.0 0.0 0.0
attr_90 1.0 1.0 1.0  1.0 1.0 0.0 0.0  0.0 -1.0 0.0 0.0 0.0 0.0  0.0 0.0 0.0
attr_91 1.0 1.0 1.0   1.0 0.0 0.0  0.0 -1.0 0.0 0.0 0.0 0.0  0.0 0.0 0.0
attr_93 1.0 1.0 1.0   1.0 0.0 0.0  0.0 -1.0 0.0 0.0 0.0 0.0  0.0 0.0 0.0
attr_94 1.0 1.0 1.0  1.0 1.0 0.0 0.0  0.0 -1.0 0.0 0.0 0.0 0.0  0.0 0.0 0.0
attr_96 1.0 1.0 1.0  1.0 1.0 0.0 0.0  0.0 -1.0 0.0 0.0 0.0 0.0  0.0 0.0 0.0
attr_98 1.0 1.0 1.0   1.0 0.0 0.0  0.0 -1.0 0.0 0.0 0.0 0.0  0.0 0.0 0.0
attr_99 1.0 1.0 1.0  1.0 1.0 0.0 0.0  0.0 -1.0 0.0 0.0 0.0 0.0  0.0 0.0 0.0
attr_100 1.0 1.0 1.0   1.0 0.0 0.0  0.0 -1.0 0.0 0.0 0.0 0.0  0.0 0.0 0.0
attr_101 1.0 1.0 1.0  1.0 1.0 0.0 0.0  -1.0 -1.0 0.0 0.0 0.0 0.0  0.0 0.0 0.0
attr_102 1.0 1.0 1.0  1.0 1.0 0.0 0.0  -1.0 -1.0 0.0 0.0 0.0 0.0  0.0 0.0 0.0
attr_104 1.0 1.0 1.0  1.0 1.0 0.0 0.0  -1.0 -1.0 0.0 0.0 0.0 0.0  0.0 0.0 0.0
attr_105 1.0 1.0 1.0  1.0 1.0 0.0 0.0  -1.0 -1.0 0.0 0.0 0.0 0.0  0.0 0.0 0.0
attr_106 1.0 1.0 1.0  1.0 1.0 0.0 0.0  -1.0 -1.0 0.0 0.0 0.0 0.0  0.0 0.0 0.0
attr_107 1.0 1.0 1.0  1.0 1.0 0.0 0.0  -1.0 -1.0 0.0 0.0 0.0 0.0  0.0 0.0 0.0
attr_109 1.0 1.0 1.0  1.0 1.0 0.0 0.0  -1.0 -1.0 0.0 0.0 0.0 0.0  0.0 0.0 0.0
attr_111 1.0 1.0 1.0  1.0 1.0 0.0 0.0  0.0 -1.0 0.0 0.0 0.0 0.0  0.0 0.0 0.0
attr_112 1.0 1.0 1.0  1.0 1.0 0.0 0.0  0.0 -1.0 0.0 0.0 0.0 0.0  0.0 0.0 0.0
attr_113 1.0 1.0 1.0  1.0 1.0 0.0 0.0  -1.0 -1.0 0.0 0.0 0.0 0.0  0.0 0.0 0.0
attr_114 1.0 1.0 1.0  1.0 1.0 0.0 0.0  -1.0 -1.0 0.0 0.0 0.0 0.0  0.0 0.0 0.0
attr_115 1.0 1.0 1.0  1.0 1.0 0.0 0.0  -1.0 -1.0 0.0 0.0 0.0 0.0  0.0 0.0 0.0
attr_117 1.0 1.0 1.0 0.0  1.0 0.0 0.0 0.0 0.0 -1.0 0.0 0.0 0.0 0.0 0.0 0.0 0.0 0.0
attr_118 1.0 1.0 1.0  1.0 1.0 0.0 0.0  -1.0 -1.0 0.0 0.0 0.0 0.0  0.0 0.0 0.0
attr_119 1.0 1.0 1.0  1.0 1.0 0.0 0.0  -1.0 -1.0 0.0 0.0 0.0 0.0  0.0 0.0 0.0
attr_120 1.0 1.0 1.0  1.0 1.0 0.0 0.0  0.0 -1.0 0.0 0.0 0.0 0.0  0.0 0.0 0.0
attr_121 1.0 1.0 1.0  1.0 1.0 0.0 0.0  0.0 -1.0 0.0 0.0 0.0 0.0  0.0 0.0 0.0
attr_122 1.0 1.0 1.0   1.0 0.0 0.0  0.0 -1.0 0.0 0.0 0.0 0.0  0.0 0.0 0.0
attr_123 1.0 1.0 1.0  1.0 1.0 0.0 0.0  -1.0 -1.0 0.0 0.0 0.0 0.0  0.0 0.0 0.0
attr_124 1.0 1.0 1.0  1.0 1.0 0.0 0.0  0.0 -1.0 0.0 0.0 0.0 0.0  0.0 0.0 0.0
attr_125 1.0 1.0 1.0 0.0  1.0 0.0 0.0 0.0 0.0 -1.0 0.0 0.0 0.0 0.0 0.0 0.0 0.0 0.0
attr_127 1.0 1.0 1.0 0.0 1.0 1.0 0.0 0.0 0.0 -1.0 -1.0 0.0 0.0 0.0 0.0 0.0 0.0 0.0 0.0
attr_128 1.0 1.0 1.0  1.0 1.0 0.0 0.0  0.0 -1.0 0.0 0.0 0.0 0.0  0.0 0.0 0.0
attr_129 1.0 1.0 1.0 0.0  1.0 0.0 0.0 0.0 0.0 -1.0 0.0 0.0 0.0 0.0 0.0 0.0 0.0 0.0
attr_130 1.0 1.0 1.0 0.0  1.0 0.0 0.0 0.0 0.0 -1.0 0.0 0.0 0.0 0.0 0.0 0.0 0.0 0.0
attr_131 1.0 1.0 1.0 0.0  1.0 0.0 0.0 0.0 0.0 -1.0 0.0 0.0 0.0 0.0 0.0 0.0 0.0 0.0
attr_132 1.0 1.0 1.0 0.0  1.0 0.0 0.0 0.0 0.0 -1.0 0.0 0.0 0.0 0.0 0.0 0.0 0.0 0.0
attr_133 1.0 1.0 1.0 0.0  1.0 0.0 0.0 0.0 0.0 -1.0 0.0 0.0 0.0 0.0 0.0 0.0 0.0 0.0
attr_134 1.0 1.0 1.0  1.0 1.0 0.0 0.0  0.0 -1.0 0.0 0.0 0.0 0.0  0.0 0.0 0.0
attr_135 1.0 1.0 1.0 0.0  1.0 0.0 0.0 0.0 0.0 -1.0 0.0 0.0 0.0 0.0 0.0 0.0 0.0 0.0
attr_136 1.0 1.0 1.0 0.0  1.0 0.0 0.0 0.0 0.0 -1.0 0.0 0.0 0.0 0.0 0.0 0.0 0.0 0.0
attr_138 1.0 1.0 1.0 0.0  1.0 0.0 0.0 0.0 0.0 -1.0 0.0 0.0 0.0 0.0 0.0 0.0 0.0 0.0
attr_140 1.0 1.0 1.0 0.0  1.0 0.0 0.0 0.0 0.0 -1.0 0.0 0.0 0.0 0.0 0.0 0.0 0.0 0.0
attr_141 1.0 1.0 1.0 0.0  1.0 0.0 0.0 0.0 0.0 -1.0 0.0 0.0 0.0 0.0 0.0 0.0 0.0 0.0
attr_143 1.0 1.0 1.0 0.0 1.0 1.0 0.0 0.0 0.0 -1.0 -1.0 0.0 0.0 0.0 0.0 0.0 0.0 0.0 0.0
attr_144 1.0 1.0 1.0 0.0 1.0 1.0 0.0 0.0 0.0 -1.0 -1.0 0.0 0.0 0.0 0.0 0.0 0.0 0.0 0.0
attr_146 0.0 0.0 0.0 0.0 0.0  0.0 0.0  0.0 0.0 0.0 0.0  0.0   0.0 0.0
attr_147 0.0 0.0 0.0 0.0 0.0  0.0 0.0  0.0 0.0 0.0 0.0  0.0   0.0 0.0
attr_148 0.0 0.0 0.0 0.0 0.0  0.0 0.0  0.0 0.0 0.0 0.0  0.0   0.0 0.0
attr_149 0.0 0.0 0.0 0.0 0.0  0.0 0.0  0.0 0.0 0.0 0.0  0.0   0.0 0.0
attr_151 1.0 1.0 1.0   1.0 0.0 0.0  0.0 -1.0 0.0 0.0 0.0 0.0  0.0 0.0 0.0
attr_152 1.0 1.0 1.0 0.0 0.0 1.0 0.0 0.0 0.0 0.0 -1.0 0.0 0.0 0.0 0.0 0.0 0.0 0.0 0.0
attr_153 1.0 1.0 1.0 0.0 0.0 1.0 0.0 0.0 0.0 0.0 -1.0 0.0 0.0 0.0 0.0 0.0 0.0 0.0 0.0
attr_154 1.0 1.0 1.0 0.0 0.0 1.0 0.0 0.0 0.0 0.0 -1.0 0.0 0.0 0.0 0.0 0.0 0.0 0.0 0.0
attr_155 1.0 1.0 1.0 0.0 0.0 1.0 0.0 0.0 0.0 0.0 -1.0 0.0 0.0 0.0 0.0 0.0 0.0 0.0 0.0
attr_156 1.0 1.0 1.0 0.0 0.0 0.0 -1.0 -1.0 -1.0 0.0 -1.0 0.0 -1.0 -1.0 -1.0 -1.0 -1.0 -1.0 0.0
attr_157 1.0 1.0 1.0  0.0    -1.0 0.0 -1.0 0.0  -1.0  -1.0 -1.0 -1.0 0.0
attr_159 1.0 1.0 1.0  1.0 1.0 0.0 0.0  0.0 -1.0 0.0 0.0 0.0 0.0  0.0 0.0 0.0
attr_163       0.0 0.0  0.0  0.0 0.0 0.0 0.0  0.0 0.0 0.0
attr_164 1.0 1.0 1.0  1.0 1.0 0.0 0.0  0.0 -1.0 0.0 0.0 0.0 0.0  0.0 0.0 0.0
attr_165 1.0 1.0 1.0 0.0 0.0 1.0 0.0 0.0 0.0 0.0 -1.0 0.0 0.0 0.0 0.0 0.0 0.0 0.0 0.0
attr_168 1.0 1.0 1.0 0.0 0.0 1.0 0.0 0.0 0.0 0.0 -1.0 0.0 0.0 0.0 0.0 0.0 0.0 0.0 0.0
attr_170 1.0 1.0 1.0 0.0 0.0 0.0  -1.0 -1.0 0.0 -1.0 0.0 -1.0 -1.0 -1.0 -1.0 -1.0 -1.0 0.0
attr_171 1.0 1.0 1.0 0.0 0.0 1.0 0.0 0.0 0.0 0.0 -1.0 0.0 0.0 0.0 0.0 0.0 0.0 0.0 0.0
attr_173 1.0 1.0 1.0   1.0 0.0 0.0  0.0 -1.0 0.0 0.0 0.0 0.0  0.0 0.0 0.0
attr_175 1.0 1.0 1.0 0.0 0.0 1.0 0.0 0.0 0.0 0.0 -1.0 0.0 0.0 0.0 0.0 0.0 0.0 0.0 0.0
attr_177 1.0 1.0 1.0   1.0 0.0 0.0  0.0 -1.0 0.0 0.0 0.0 0.0  0.0 0.0 0.0
attr_178 1.0 1.0 1.0  1.0 1.0 0.0 0.0  -1.0 -1.0 0.0 0.0 0.0 0.0  0.0 0.0 0.0
attr_179 1.0 1.0 1.0 0.0 0.0 1.0 0.0 0.0 0.0 0.0 -1.0 0.0 0.0 0.0 0.0 0.0 0.0 0.0 0.0
attr_183 1.0 1.0 1.0 0.0 0.0 1.0 0.0 0.0 0.0 0.0 -1.0 0.0 0.0 0.0 0.0 0.0 0.0 0.0 0.0
attr_185 1.0 1.0 1.0 0.0 0.0 1.0 0.0 0.0 0.0 0.0 -1.0 0.0 0.0 0.0 0.0 0.0 0.0 0.0 0.0
attr_186 1.0 1.0 1.0 0.0 0.0 1.0 0.0 0.0 0.0 0.0 -1.0 0.0 0.0 0.0 0.0 0.0 0.0 0.0 0.0
attr_187 1.0 1.0 1.0  1.0 1.0 0.0 0.0  0.0 -1.0 0.0 0.0 0.0 0.0  0.0 0.0 0.0
attr_188 1.0 1.0 1.0 0.0 0.0 1.0 0.0 0.0 0.0 0.0 -1.0 0.0 0.0 0.0 0.0 0.0 0.0 0.0 0.0
attr_189 1.0 1.0 1.0  0.0    -1.0 0.0 -1.0 0.0  -1.0  -1.0 -1.0 -1.0 0.0
attr_190 1.0 1.0 1.0 0.0 0.0 1.0 0.0 0.0 0.0 0.0 -1.0 0.0 0.0 0.0 0.0 0.0 0.0 0.0 0.0
attr_191 1.0 1.0 1.0 0.0 0.0 0.0  -1.0 -1.0 0.0 -1.0 0.0 -1.0 -1.0 -1.0 -1.0 -1.0 -1.0 0.0
attr_192 1.0 1.0 1.0 0.0 0.0 1.0 0.0 0.0 0.0 0.0 -1.0 0.0 0.0 0.0 0.0 0.0 0.0 0.0 0.0
attr_193 1.0 1.0 1.0 0.0 0.0 1.0 0.0 0.0 0.0 0.0 -1.0 0.0 0.0 0.0 0.0 0.0 0.0 0.0 0.0
attr_194 1.0 1.0 1.0   1.0 0.0 0.0  0.0 -1.0 0.0 0.0 0.0 0.0  0.0 0.0 0.0
attr_198 1.0 1.0 1.0 0.0 0.0 1.0 0.0 0.0 0.0 0.0 -1.0 0.0 0.0 0.0 0.0 0.0 0.0 0.0 0.0
attr_199 1.0 1.0 1.0 0.0 0.0 1.0 0.0 0.0 0.0 0.0 -1.0 0.0 0.0 0.0 0.0 0.0 0.0 0.0 0.0
attr_200 1.0 1.0 1.0  0.0    -1.0 0.0 -1.0 0.0  -1.0  -1.0 -1.0 -1.0 0.0
attr_201 1.0 1.0 1.0   1.0 0.0 0.0  0.0 -1.0 0.0 0.0 0.0 0.0  0.0 0.0 0.0
attr_205 1.0 1.0 1.0 0.0 0.0 1.0 0.0 0.0 0.0 0.0 -1.0 0.0 0.0 0.0 0.0 0.0 0.0 0.0 0.0
attr_206 1.0 1.0 1.0 0.0 0.0 1.0 0.0 0.0 0.0 0.0 -1.0 0.0 0.0 0.0 0.0 0.0 0.0 0.0 0.0
attr_208       0.0 0.0  0.0  0.0 0.0 0.0 0.0  0.0 0.0 0.0
attr_210 1.0 1.0 1.0 0.0 0.0 1.0 0.0 0.0 0.0 0.0 -1.0 0.0 0.0 0.0 0.0 0.0 0.0 0.0 0.0
attr_211 1.0 1.0 1.0  1.0 1.0 0.0 0.0  0.0 -1.0 0.0 0.0 0.0 0.0  0.0 0.0 0.0
attr_212 1.0 1.0 1.0 0.0 0.0 0.0  -1.0 -1.0 0.0 -1.0 0.0 -1.0 -1.0 -1.0 -1.0 -1.0 -1.0 0.0
attr_213 1.0 1.0 1.0   1.0 0.0 0.0  0.0 -1.0 0.0 0.0 0.0 0.0  0.0 0.0 0.0
attr_215 1.0 1.0 1.0   1.0 0.0 0.0  0.0 -1.0 0.0 0.0 0.0 0.0  0.0 0.0 0.0
attr_216 1.0 1.0 1.0 0.0 0.0 1.0 0.0 0.0 0.0 0.0 -1.0 0.0 0.0 0.0 0.0 0.0 0.0 0.0 0.0
attr_217       0.0 0.0  0.0  0.0 0.0 0.0 0.0  0.0 0.0 0.0
attr_220 1.0 1.0 1.0   1.0 0.0 0.0  0.0 -1.0 0.0 0.0 0.0 0.0  0.0 0.0 0.0
attr_221 1.0 1.0 1.0 0.0 0.0 1.0 0.0 0.0 0.0 0.0 -1.0 0.0 0.0 0.0 0.0 0.0 0.0 0.0 0.0
attr_222 1.0 1.0 1.0   1.0 0.0 0.0  0.0 -1.0 0.0 0.0 0.0 0.0  0.0 0.0 0.0
attr_223 1.0 1.0 1.0   1.0 0.0 0.0  0.0 -1.0 0.0 0.0 0.0 0.0  0.0 0.0 0.0
attr_227 1.0 1.0 1.0 0.0 0.0 1.0 0.0 0.0 0.0 0.0 -1.0 0.0 0.0 0.0 0.0 0.0 0.0 0.0 0.0
attr_229 1.0 1.0 1.0  1.0 1.0 0.0 0.0  0.0 -1.0 0.0 0.0 0.0 0.0  0.0 0.0 0.0
attr_230 1.0 1.0 1.0   1.0 0.0 0.0  0.0 -1.0 0.0 0.0 0.0 0.0  0.0 0.0 0.0
attr_233 1.0 1.0 1.0  0.0    -1.0 0.0 -1.0 0.0  -1.0  -1.0 -1.0 -1.0 0.0
attr_234 1.0 1.0 1.0  0.0    -1.0 0.0 -1.0 0.0  -1.0  -1.0 -1.0 -1.0 0.0
attr_235 1.0 1.0 1.0 0.0 0.0 1.0 0.0 0.0 0.0 0.0 -1.0 0.0 0.0 0.0 0.0 0.0 0.0 0.0 0.0
attr_236 1.0 1.0 1.0 0.0 0.0 1.0 0.0 0.0 0.0 0.0 -1.0 0.0 0.0 0.0 0.0 0.0 0.0 0.0 0.0
attr_237 1.0 1.0 1.0  1.0 1.0 0.0 0.0  0.0 -1.0 0.0 0.0 0.0 0.0  0.0 0.0 0.0
attr_238 1.0 1.0 1.0   1.0 0.0 0.0  0.0 -1.0 0.0 0.0 0.0 0.0  0.0 0.0 0.0
attr_239 1.0 1.0 1.0   1.0 0.0 0.0  0.0 -1.0 0.0 0.0 0.0 0.0  0.0 0.0 0.0
attr_240 1.0 1.0 1.0 0.0 0.0 1.0 0.0 0.0 0.0 0.0 -1.0 0.0 0.0 0.0 0.0 0.0 0.0 0.0 0.0
attr_242 1.0 1.0 1.0   1.0 0.0 0.0  0.0 -1.0 0.0 0.0 0.0 0.0  0.0 0.0 0.0
attr_243 1.0 1.0 1.0 0.0 0.0 1.0 0.0 0.0 0.0 0.0 -1.0 0.0 0.0 0.0 0.0 0.0 0.0 0.0 0.0
attr_244 1.0 1.0 1.0 0.0 0.0 1.0 0.0 0.0 0.0 0.0 -1.0 0.0 0.0 0.0 0.0 0.0 0.0 0.0 0.0
attr_246 1.0 1.0 1.0   1.0 0.0 0.0  0.0 -1.0 0.0 0.0 0.0 0.0  0.0 0.0 0.0
attr_249 1.0 1.0 1.0  1.0 1.0 0.0 0.0  0.0 -1.0 0.0 0.0 0.0 0.0  0.0 0.0 0.0
attr_250 1.0 1.0 1.0   1.0 0.0 0.0  0.0 -1.0 0.0 0.0 0.0 0.0  0.0 0.0 0.0
attr_251 1.0 1.0 1.0  1.0 1.0 0.0 0.0  0.0 -1.0 0.0 0.0 0.0 0.0  0.0 0.0 0.0
attr_252 1.0 1.0 1.0  1.0 1.0 0.0 0.0  0.0 -1.0 0.0 0.0 0.0 0.0  0.0 0.0 0.0
attr_255 1.0 1.0 1.0 0.0 0.0 0.0  -1.0 -1.0 0.0 -1.0 0.0 -1.0 -1.0 -1.0 -1.0 -1.0 -1.0 0.0
attr_256 1.0 1.0 1.0  1.0 1.0 0.0 0.0  0.0 -1.0 0.0 0.0 0.0 0.0  0.0 0.0 0.0
attr_257 1.0 1.0 1.0   1.0 0.0 0.0  0.0 -1.0 0.0 0.0 0.0 0.0  0.0 0.0 0.0
attr_258 1.0 1.0 1.0  1.0 1.0 0.0 0.0  -1.0 -1.0 0.0 0.0 0.0 0.0  0.0 0.0 0.0
attr_260 1.0 1.0 1.0   1.0 0.0 0.0  0.0 -1.0 0.0 0.0 0.0 0.0  0.0 0.0 0.0
attr_261 1.0 1.0 1.0  1.0 1.0 0.0 0.0  0.0 -1.0 0.0 0.0 0.0 0.0  0.0 0.0 0.0
attr_263 1.0 1.0 1.0   1.0 0.0 0.0  0.0 -1.0 0.0 0.0 0.0 0.0  0.0 0.0 0.0
attr_265 1.0 1.0 1.0   1.0 0.0 0.0  0.0 -1.0 0.0 0.0 0.0 0.0  0.0 0.0 0.0
attr_266 1.0 1.0 1.0 0.0 0.0 1.0 0.0 0.0 0.0 0.0 -1.0 0.0 0.0 0.0 0.0 0.0 0.0 0.0 0.0
attr_267 1.0 1.0 1.0 0.0 0.0 1.0 0.0 0.0 0.0 0.0 -1.0 0.0 0.0 0.0 0.0 0.0 0.0 0.0 0.0
attr_268 1.0 1.0 1.0  1.0 1.0 0.0 0.0  0.0 -1.0 0.0 0.0 0.0 0.0  0.0 0.0 0.0
attr_269 1.0 1.0 1.0   1.0 0.0 0.0  0.0 -1.0 0.0 0.0 0.0 0.0  0.0 0.0 0.0
attr_270 1.0 1.0 1.0 0.0 0.0 1.0 0.0 0.0 0.0 0.0 -1.0 0.0 0.0 0.0 0.0 0.0 0.0 0.0 0.0
attr_271 1.0 1.0 1.0  1.0 1.0 0.0 0.0  -1.0 -1.0 0.0 0.0 0.0 0.0  0.0 0.0 0.0
attr_272 1.0 1.0 1.0  0.0    -1.0 0.0 -1.0 0.0  -1.0  -1.0 -1.0 -1.0 0.0
attr_273 1.0 1.0 1.0  1.0 1.0 0.0 0.0  0.0 -1.0 0.0 0.0 0.0 0.0  0.0 0.0 0.0
attr_274       0.0 0.0  0.0  0.0 0.0 0.0 0.0  0.0 0.0 0.0
attr_275 1.0 1.0 1.0   1.0 0.0 0.0  0.0 -1.0 0.0 0.0 0.0 0.0  0.0 0.0 0.0
attr_276 1.0 1.0 1.0 0.0 0.0 1.0 0.0 0.0 0.0 0.0 -1.0 0.0 0.0 0.0 0.0 0.0 0.0 0.0 0.0
attr_277 1.0 1.0 1.0 0.0 0.0 1.0 0.0 0.0 0.0 0.0 -1.0 0.0 0.0 0.0 0.0 0.0 0.0 0.0 0.0
attr_278 1.0 1.0 1.0   1.0 0.0 0.0  0.0 -1.0 0.0 0.0 0.0 0.0  0.0 0.0 0.0
attr_279 1.0 1.0 1.0  1.0 1.0 0.0 0.0  0.0 -1.0 0.0 0.0 0.0 0.0  0.0 0.0 0.0
attr_280 1.0 1.0 1.0 0.0 0.0 1.0 0.0 0.0 0.0 0.0 -1.0 0.0 0.0 0.0 0.0 0.0 0.0 0.0 0.0
attr_281 1.0 1.0 1.0  1.0 1.0 0.0 0.0  0.0 -1.0 0.0 0.0 0.0 0.0  0.0 0.0 0.0
attr_282 1.0 1.0 1.0   1.0 0.0 0.0  0.0 -1.0 0.0 0.0 0.0 0.0  0.0 0.0 0.0
attr_283 1.0 1.0 1.0 0.0 0.0 1.0 0.0 0.0 0.0 0.0 -1.0 0.0 0.0 0.0 0.0 0.0 0.0 0.0 0.0
attr_285 1.0 1.0 1.0 0.0 0.0 1.0 0.0 0.0 0.0 0.0 -1.0 0.0 0.0 0.0 0.0 0.0 0.0 0.0 0.0
attr_286 1.0 1.0 1.0   1.0 0.0 0.0  0.0 -1.0 0.0 0.0 0.0 0.0  0.0 0.0 0.0
attr_287 1.0 1.0 1.0  1.0 1.0 0.0 0.0  -1.0 -1.0 0.0 0.0 0.0 0.0  0.0 0.0 0.0
attr_289 1.0 1.0 1.0 0.0 0.0 1.0 0.0 0.0 0.0 0.0 -1.0 0.0 0.0 0.0 0.0 0.0 0.0 0.0 0.0
attr_290 1.0 1.0 1.0 0.0 0.0 1.0 0.0 0.0 0.0 0.0 -1.0 0.0 0.0 0.0 0.0 0.0 0.0 0.0 0.0
attr_291 1.0 1.0 1.0 0.0 0.0 1.0 0.0 0.0 0.0 0.0 -1.0 0.0 0.0 0.0 0.0 0.0 0.0 0.0 0.0
attr_292 1.0 1.0 1.0  1.0 1.0 0.0 0.0  0.0 -1.0 0.0 0.0 0.0 0.0  0.0 0.0 0.0
attr_293 1.0 1.0 1.0  1.0 1.0 0.0 0.0  0.0 -1.0 0.0 0.0 0.0 0.0  0.0 0.0 0.0
attr_295 1.0 1.0 1.0   1.0 0.0 0.0  0.0 -1.0 0.0 0.0 0.0 0.0  0.0 0.0 0.0
attr_297 1.0 1.0 1.0  1.0 1.0 0.0 0.0  0.0 -1.0 0.0 0.0 0.0 0.0  0.0 0.0 0.0
attr_298 1.0 1.0 1.0  1.0 1.0 0.0 0.0  0.0 -1.0 0.0 0.0 0.0 0.0  0.0 0.0 0.0
attr_299 1.0 1.0 1.0 0.0 0.0 1.0 0.0 0.0 0.0 0.0 -1.0 0.0 0.0 0.0 0.0 0.0 0.0 0.0 0.0
attr_300 1.0 1.0 1.0   1.0 0.0 0.0  0.0 -1.0 0.0 0.0 0.0 0.0  0.0 0.0 0.0
attr_304 1.0 1.0 1.0 0.0 0.0 1.0 0.0 0.0 0.0 0.0 -1.0 0.0 0.0 0.0 0.0 0.0 0.0 0.0 0.0
attr_305 1.0 1.0 1.0   1.0 0.0 0.0  0.0 -1.0 0.0 0.0 0.0 0.0  0.0 0.0 0.0
attr_306 1.0 1.0 1.0 0.0 0.0 1.0 0.0 0.0 0.0 0.0 -1.0 0.0 0.0 0.0 0.0 0.0 0.0 0.0 0.0
attr_307 1.0 1.0 1.0   1.0 0.0 0.0  0.0 -1.0 0.0 0.0 0.0 0.0  0.0 0.0 0.0
attr_308 1.0 1.0 1.0  1.0 1.0 0.0 0.0  -1.0 -1.0 0.0 0.0 0.0 0.0  0.0 0.0 0.0
attr_309 1.0 1.0 1.0   1.0 0.0 0.0  0.0 -1.0 0.0 0.0 0.0 0.0  0.0 0.0 0.0
attr_310 1.0 1.0 1.0  1.0 1.0 0.0 0.0  -1.0 -1.0 0.0 0.0 0.0 0.0  0.0 0.0 0.0
attr_311 1.0 1.0 1.0  1.0 1.0 0.0 0.0  0.0 -1.0 0.0 0.0 0.0 0.0  0.0 0.0 0.0
attr_312 1.0 1.0 1.0 0.0 0.0 1.0 0.0 0.0 0.0 0.0 -1.0 0.0 0.0 0.0 0.0 0.0 0.0 0.0 0.0
attr_313 1.0 1.0 1.0   1.0 0.0 0.0  0.0 -1.0 0.0 0.0 0.0 0.0  0.0 0.0 0.0
attr_314 1.0 1.0 1.0  1.0 1.0 0.0 0.0  -1.0 -1.0 0.0 0.0 0.0 0.0  0.0 0.0 0.0
attr_315 1.0 1.0 1.0   1.0 0.0 0.0  0.0 -1.0 0.0 0.0 0.0 0.0  0.0 0.0 0.0
attr_316 1.0 1.0 1.0   1.0 0.0 0.0  0.0 -1.0 0.0 0.0 0.0 0.0  0.0 0.0 0.0
attr_317 1.0 1.0 1.0  1.0 1.0 0.0 0.0  0.0 -1.0 0.0 0.0 0.0 0.0  0.0 0.0 0.0
attr_318 1.0 1.0 1.0  1.0 1.0 0.0 0.0  -1.0 -1.0 0.0 0.0 0.0 0.0  0.0 0.0 0.0
attr_319 1.0 1.0 1.0 0.0 0.0 1.0 0.0 0.0 0.0 0.0 -1.0 0.0 0.0 0.0 0.0 0.0 0.0 0.0 0.0
attr_320 1.0 1.0 1.0 0.0 0.0 1.0 0.0 0.0 0.0 0.0 -1.0 0.0 0.0 0.0 0.0 0.0 0.0 0.0 0.0
attr_321 1.0 1.0 1.0  1.0 1.0 0.0 0.0  0.0 -1.0 0.0 0.0 0.0 0.0  0.0 0.0 0.0
attr_322 1.0 1.0 1.0  1.0 1.0 0.0 0.0  0.0 -1.0 0.0 0.0 0.0 0.0  0.0 0.0 0.0
attr_323 1.0 1.0 1.0  1.0 1.0 0.0 0.0  0.0 -1.0 0.0 0.0 0.0 0.0  0.0 0.0 0.0
attr_326 1.0 1.0 1.0   1.0 0.0 0.0  0.0 -1.0 0.0 0.0 0.0 0.0  0.0 0.0 0.0
attr_327 1.0 1.0 1.0 0.0 0.0 1.0 0.0 0.0 0.0 0.0 -1.0 0.0 0.0 0.0 0.0 0.0 0.0 0.0 0.0
attr_328 1.0 1.0 1.0   1.0 0.0 0.0  0.0 -1.0 0.0 0.0 0.0 0.0  0.0 0.0 0.0
attr_329 1.0 1.0 1.0  0.0    -1.0 0.0 -1.0 0.0  -1.0  -1.0 -1.0 -1.0 0.0
attr_330 1.0 1.0 1.0   1.0 0.0 0.0  0.0 -1.0 0.0 0.0 0.0 0.0  0.0 0.0 0.0
attr_333 1.0 1.0 1.0  1.0 1.0 0.0 0.0  0.0 -1.0 0.0 0.0 0.0 0.0  0.0 0.0 0.0
attr_334 1.0 1.0 1.0  1.0 1.0 0.0 0.0  -1.0 -1.0 0.0 0.0 0.0 0.0  0.0 0.0 0.0
attr_336 1.0 1.0 1.0  1.0 1.0 0.0 0.0  0.0 -1.0 0.0 0.0 0.0 0.0  0.0 0.0 0.0
attr_337       0.0 0.0  0.0  0.0 0.0 0.0 0.0  0.0 0.0 0.0
attr_338 1.0 1.0 1.0   1.0 0.0 0.0  0.0 -1.0 0.0 0.0 0.0 0.0  0.0 0.0 0.0
attr_339 1.0 1.0 1.0  1.0 1.0 0.0 0.0  0.0 -1.0 0.0 0.0 0.0 0.0  0.0 0.0 0.0
attr_340 1.0 1.0 1.0   1.0 0.0 0.0  0.0 -1.0 0.0 0.0 0.0 0.0  0.0 0.0 0.0
attr_341 1.0 1.0 1.0 0.0 0.0 1.0 0.0 0.0 0.0 0.0 -1.0 0.0 0.0 0.0 0.0 0.0 0.0 0.0 0.0
attr_342 1.0 1.0 1.0   1.0 0.0 0.0  0.0 -1.0 0.0 0.0 0.0 0.0  0.0 0.0 0.0
attr_343       0.0 0.0  0.0  0.0 0.0 0.0 0.0  0.0 0.0 0.0
attr_344 1.0 1.0 1.0  1.0 1.0 0.0 0.0  -1.0 -1.0 0.0 0.0 0.0 0.0  0.0 0.0 0.0
attr_345       0.0 0.0  0.0  0.0 0.0 0.0 0.0  0.0 0.0 0.0
attr_347 1.0 1.0 1.0  1.0 1.0 0.0 0.0  -1.0 -1.0 0.0 0.0 0.0 0.0  0.0 0.0 0.0
attr_348 1.0 1.0 1.0   1.0 0.0 0.0  0.0 -1.0 0.0 0.0 0.0 0.0  0.0 0.0 0.0
attr_349 1.0 1.0 1.0  1.0 1.0 0.0 0.0  0.0 -1.0 0.0 0.0 0.0 0.0  0.0 0.0 0.0
attr_350 1.0 1.0 1.0   1.0 0.0 0.0  0.0 -1.0 0.0 0.0 0.0 0.0  0.0 0.0 0.0
attr_351 1.0 1.0 1.0  1.0 1.0 0.0 0.0  0.0 -1.0 0.0 0.0 0.0 0.0  0.0 0.0 0.0
attr_352 1.0 1.0 1.0  1.0 1.0 0.0 0.0  0.0 -1.0 0.0 0.0 0.0 0.0  0.0 0.0 0.0
attr_353 1.0 1.0 1.0  1.0 1.0 0.0 0.0  0.0 -1.0 0.0 0.0 0.0 0.0  0.0 0.0 0.0
attr_354 1.0 1.0 1.0   1.0 0.0 0.0  0.0 -1.0 0.0 0.0 0.0 0.0  0.0 0.0 0.0
attr_355 1.0 1.0 1.0 0.0  1.0 0.0 0.0 0.0 0.0 -1.0 0.0 0.0 0.0 0.0 0.0 0.0 0.0 0.0
attr_356 1.0 1.0 1.0   1.0 0.0 0.0  0.0 -1.0 0.0 0.0 0.0 0.0  0.0 0.0 0.0
attr_357 1.0 1.0 1.0   1.0 0.0 0.0  0.0 -1.0 0.0 0.0 0.0 0.0  0.0 0.0 0.0
attr_358 1.0 1.0 1.0   1.0 0.0 0.0  0.0 -1.0 0.0 0.0 0.0 0.0  0.0 0.0 0.0
attr_359 1.0 1.0 1.0 0.0 0.0 1.0 0.0 0.0 0.0 0.0 -1.0 0.0 0.0 0.0 0.0 0.0 0.0 0.0 0.0
attr_360 1.0 1.0 1.0  1.0 1.0 0.0 0.0  0.0 -1.0 0.0 0.0 0.0 0.0  0.0 0.0 0.0
attr_362 1.0 1.0 1.0  1.0 1.0 0.0 0.0  -1.0 -1.0 0.0 0.0 0.0 0.0  0.0 0.0 0.0
attr_363 1.0 1.0 1.0  1.0 1.0 0.0 0.0  0.0 -1.0 0.0 0.0 0.0 0.0  0.0 0.0 0.0
attr_364 1.0 1.0 1.0  1.0 1.0 0.0 0.0  -1.0 -1.0 0.0 0.0 0.0 0.0  0.0 0.0 0.0
attr_365 1.0 1.0 1.0  1.0 1.0 0.0 0.0  0.0 -1.0 0.0 0.0 0.0 0.0  0.0 0.0 0.0
attr_366 1.0 1.0 1.0  1.0 1.0 0.0 0.0  0.0 -1.0 0.0 0.0 0.0 0.0  0.0 0.0 0.0
attr_367 1.0 1.0 1.0  1.0 1.0 0.0 0.0  0.0 -1.0 0.0 0.0 0.0 0.0  0.0 0.0 0.0
attr_369 1.0 1.0 1.0  1.0 1.0 0.0 0.0  0.0 -1.0 0.0 0.0 0.0 0.0  0.0 0.0 0.0
attr_370 1.0 1.0 1.0   1.0 0.0 0.0  0.0 -1.0 0.0 0.0 0.0 0.0  0.0 0.0 0.0
attr_371 1.0 1.0 1.0  1.0 1.0 0.0 0.0  0.0 -1.0 0.0 0.0 0.0 0.0  0.0 0.0 0.0
attr_372 1.0 1.0 1.0  1.0 1.0 0.0 0.0  -1.0 -1.0 0.0 0.0 0.0 0.0  0.0 0.0 0.0
attr_373 1.0 1.0 1.0  1.0 1.0 0.0 0.0  -1.0 -1.0 0.0 0.0 0.0 0.0  0.0 0.0 0.0
attr_374 1.0 1.0 1.0  1.0 1.0 0.0 0.0  0.0 -1.0 0.0 0.0 0.0 0.0  0.0 0.0 0.0
attr_376 1.0 1.0 1.0   1.0 0.0 0.0  0.0 -1.0 0.0 0.0 0.0 0.0  0.0 0.0 0.0
attr_378 1.0 1.0 1.0 0.0 0.0 1.0 0.0 0.0 0.0 0.0 -1.0 0.0 0.0 0.0 0.0 0.0 0.0 0.0 0.0
attr_379 1.0 1.0 1.0   1.0 0.0 0.0  0.0 -1.0 0.0 0.0 0.0 0.0  0.0 0.0 0.0
attr_380 1.0 1.0 1.0  1.0 1.0 0.0 0.0  0.0 -1.0 0.0 0.0 0.0 0.0  0.0 0.0 0.0
attr_381 1.0 1.0 1.0  1.0 1.0 0.0 0.0  -1.0 -1.0 0.0 0.0 0.0 0.0  0.0 0.0 0.0
attr_382 1.0 1.0 1.0  1.0 1.0 0.0 0.0  0.0 -1.0 0.0 0.0 0.0 0.0  0.0 0.0 0.0
attr_383 1.0 1.0 1.0 0.0 0.0 1.0 0.0 0.0 0.0 0.0 -1.0 0.0 0.0 0.0 0.0 0.0 0.0 0.0 0.0
attr_385 1.0 1.0 1.0   1.0 0.0 0.0  0.0 -1.0 0.0 0.0 0.0 0.0  0.0 0.0 0.0
attr_388 1.0 1.0 1.0  1.0 1.0 0.0 0.0  -1.0 -1.0 0.0 0.0 0.0 0.0  0.0 0.0 0.0
attr_390 1.0 1.0 1.0 0.0 0.0 1.0 0.0 0.0 0.0 0.0 -1.0 0.0 0.0 0.0 0.0 0.0 0.0 0.0 0.0
attr_391 1.0 1.0 1.0  1.0 1.0 0.0 0.0  -1.0 -1.0 0.0 0.0 0.0 0.0  0.0 0.0 0.0
attr_392 1.0 1.0 1.0   1.0 0.0 0.0  0.0 -1.0 0.0 0.0 0.0 0.0  0.0 0.0 0.0
attr_394 1.0 1.0 1.0  1.0 1.0 0.0 0.0  -1.0 -1.0 0.0 0.0 0.0 0.0  0.0 0.0 0.0
attr_395 1.0 1.0 1.0  1.0 1.0 0.0 0.0  0.0 -1.0 0.0 0.0 0.0 0.0  0.0 0.0 0.0
attr_396 1.0 1.0 1.0  1.0 1.0 0.0 0.0  -1.0 -1.0 0.0 0.0 0.0 0.0  0.0 0.0 0.0
attr_397 1.0 1.0 1.0   1.0 0.0 0.0  0.0 -1.0 0.0 0.0 0.0 0.0  0.0 0.0 0.0
attr_398 1.0 1.0 1.0  1.0 1.0 0.0 0.0  0.0 -1.0 0.0 0.0 0.0 0.0  0.0 0.0 0.0
attr_400 1.0 1.0 1.0   1.0 0.0 0.0  0.0 -1.0 0.0 0.0 0.0 0.0  0.0 0.0 0.0
attr_402 1.0 1.0 1.0   1.0 0.0 0.0  0.0 -1.0 0.0 0.0 0.0 0.0  0.0 0.0 0.0
attr_403 1.0 1.0 1.0  1.0 1.0 0.0 0.0  -1.0 -1.0 0.0 0.0 0.0 0.0  0.0 0.0 0.0
attr_404 1.0 1.0 1.0 0.0 0.0 1.0 0.0 0.0 0.0 0.0 -1.0 0.0 0.0 0.0 0.0 0.0 0.0 0.0 0.0
attr_405 1.0 1.0 1.0 0.0 0.0 1.0 0.0 0.0 0.0 0.0 -1.0 0.0 0.0 0.0 0.0 0.0 0.0 0.0 0.0
attr_406 1.0 1.0 1.0 0.0 0.0 0.0 -1.0 -1.0 -1.0 0.0 -1.0 0.0 -1.0 -1.0 -1.0 -1.0 -1.0 -1.0 0.0
attr_407 1.0 1.0 1.0 0.0 0.0 1.0 0.0 0.0 0.0 0.0 -1.0 0.0 0.0 0.0 0.0 0.0 0.0 0.0 0.0
attr_409 1.0 1.0 1.0   1.0 0.0 0.0  0.0 -1.0 0.0 0.0 0.0 0.0  0.0 0.0 0.0
attr_410 1.0 1.0 1.0   1.0 0.0 0.0  0.0 -1.0 0.0 0.0 0.0 0.0  0.0 0.0 0.0
attr_411       0.0 0.0  0.0  0.0 0.0 0.0 0.0  0.0 0.0 0.0
attr_412 1.0 1.0 1.0  1.0 1.0 0.0 0.0  -1.0 -1.0 0.0 0.0 0.0 0.0  0.0 0.0 0.0
attr_413 1.0 1.0 1.0 0.0 0.0 1.0 0.0 0.0 0.0 0.0 -1.0 0.0 0.0 0.0 0.0 0.0 0.0 0.0 0.0
attr_414 1.0 1.0 1.0  1.0 1.0 0.0 0.0  0.0 -1.0 0.0 0.0 0.0 0.0  0.0 0.0 0.0
attr_415 1.0 1.0 1.0 0.0 0.0 1.0 0.0 0.0 0.0 0.0 -1.0 0.0 0.0 0.0 0.0 0.0 0.0 0.0 0.0
attr_417 1.0 1.0 1.0 0.0 0.0 1.0 0.0 0.0 0.0 0.0 -1.0 0.0 0.0 0.0 0.0 0.0 0.0 0.0 0.0
attr_421 1.0 1.0 1.0  1.0 1.0 0.0 0.0  0.0 -1.0 0.0 0.0 0.0 0.0  0.0 0.0 0.0
attr_422 1.0 1.0 1.0  1.0 1.0 0.0 0.0  0.0 -1.0 0.0 0.0 0.0 0.0  0.0 0.0 0.0
attr_423 1.0 1.0 1.0  1.0 1.0 0.0 0.0  0.0 -1.0 0.0 0.0 0.0 0.0  0.0 0.0 0.0
attr_424 1.0 1.0 1.0   1.0 0.0 0.0  0.0 -1.0 0.0 0.0 0.0 0.0  0.0 0.0 0.0
attr_425 1.0 1.0 1.0  1.0 1.0 0.0 0.0  0.0 -1.0 0.0 0.0 0.0 0.0  0.0 0.0 0.0
attr_426 1.0 1.0 1.0  1.0 1.0 0.0 0.0  0.0 -1.0 0.0 0.0 0.0 0.0  0.0 0.0 0.0
attr_428 1.0 1.0 1.0  1.0 1.0 0.0 0.0  0.0 -1.0 0.0 0.0 0.0 0.0  0.0 0.0 0.0
attr_431 1.0 1.0 1.0  1.0 1.0 0.0 0.0  0.0 -1.0 0.0 0.0 0.0 0.0  0.0 0.0 0.0
attr_432 1.0 1.0 1.0  1.0 1.0 0.0 0.0  -1.0 -1.0 0.0 0.0 0.0 0.0  0.0 0.0 0.0
attr_433 1.0 1.0 1.0 0.0 0.0 1.0 0.0 0.0 0.0 0.0 -1.0 0.0 0.0 0.0 0.0 0.0 0.0 0.0 0.0
attr_434 1.0 1.0 1.0 0.0  1.0 0.0 0.0 0.0 0.0 -1.0 0.0 0.0 0.0 0.0 0.0 0.0 0.0 0.0
attr_435 1.0 1.0 1.0  1.0 1.0 0.0 0.0  -1.0 -1.0 0.0 0.0 0.0 0.0  0.0 0.0 0.0
attr_436 1.0 1.0 1.0  1.0 1.0 0.0 0.0  0.0 -1.0 0.0 0.0 0.0 0.0  0.0 0.0 0.0
attr_437 1.0 1.0 1.0  1.0 1.0 0.0 0.0  -1.0 -1.0 0.0 0.0 0.0 0.0  0.0 0.0 0.0
attr_438 1.0 1.0 1.0  1.0 1.0 0.0 0.0  0.0 -1.0 0.0 0.0 0.0 0.0  0.0 0.0 0.0
attr_439 1.0 1.0 1.0 0.0 1.0 1.0 0.0 0.0 0.0 0.0 -1.0 0.0 0.0 0.0 0.0 0.0 0.0 0.0 0.0
attr_443 1.0 1.0 1.0 0.0 0.0 1.0 0.0 0.0 0.0 0.0 -1.0 0.0 0.0 0.0 0.0 0.0 0.0 0.0 0.0
attr_444 1.0 1.0 1.0 0.0  1.0 0.0 0.0 0.0 0.0 -1.0 0.0 0.0 0.0 0.0 0.0 0.0 0.0 0.0
attr_445 1.0 1.0 1.0 0.0 0.0 1.0 0.0 0.0 0.0 0.0 -1.0 0.0 0.0 0.0 0.0 0.0 0.0 0.0 0.0
attr_447 1.0 1.0 1.0 0.0  1.0 0.0 0.0 0.0 0.0 -1.0 0.0 0.0 0.0 0.0 0.0 0.0 0.0 0.0
attr_448 1.0 1.0 1.0  1.0 1.0 0.0 0.0  0.0 -1.0 0.0 0.0 0.0 0.0  0.0 0.0 0.0
attr_449 1.0 1.0 1.0 0.0  1.0 0.0 0.0 0.0 0.0 -1.0 0.0 0.0 0.0 0.0 0.0 0.0 0.0 0.0
attr_450 1.0 1.0 1.0  1.0 1.0 0.0 0.0  0.0 -1.0 0.0 0.0 0.0 0.0  0.0 0.0 0.0
attr_451 1.0 1.0 1.0  1.0 1.0 0.0 0.0  -1.0 -1.0 0.0 0.0 0.0 0.0  0.0 0.0 0.0
attr_452 1.0 1.0 1.0  1.0 1.0 0.0 0.0  -1.0 -1.0 0.0 0.0 0.0 0.0  0.0 0.0 0.0
attr_453 1.0 1.0 1.0 0.0 0.0 1.0 0.0 0.0 0.0 0.0 -1.0 0.0 0.0 0.0 0.0 0.0 0.0 0.0 0.0
attr_455 1.0 1.0 1.0  1.0 1.0 0.0 0.0  0.0 -1.0 0.0 0.0 0.0 0.0  0.0 0.0 0.0
attr_456 1.0 1.0 1.0 0.0  1.0 0.0 0.0 0.0 0.0 -1.0 0.0 0.0 0.0 0.0 0.0 0.0 0.0 0.0
attr_457 1.0 1.0 1.0  1.0 1.0 0.0 0.0  0.0 -1.0 0.0 0.0 0.0 0.0  0.0 0.0 0.0
attr_458 1.0 1.0 1.0  1.0 1.0 0.0 0.0  0.0 -1.0 0.0 0.0 0.0 0.0  0.0 0.0 0.0
attr_459 1.0 1.0 1.0  1.0 1.0 0.0 0.0  -1.0 -1.0 0.0 0.0 0.0 0.0  0.0 0.0 0.0
attr_461 1.0 1.0 1.0 0.0 0.0 1.0 0.0 0.0 0.0 0.0 -1.0 0.0 0.0 0.0 0.0 0.0 0.0 0.0 0.0
attr_463 1.0 1.0 1.0 0.0 0.0 1.0 0.0 0.0 0.0 0.0 -1.0 0.0 0.0 0.0 0.0 0.0 0.0 0.0 0.0
attr_464 1.0 1.0 1.0 0.0  1.0 0.0 0.0 0.0 0.0 -1.0 0.0 0.0 0.0 0.0 0.0 0.0 0.0 0.0
attr_466 1.0 1.0 1.0   1.0 0.0 0.0  0.0 -1.0 0.0 0.0 0.0 0.0  0.0 0.0 0.0
attr_467 1.0 1.0 1.0  1.0 1.0 0.0 0.0  0.0 -1.0 0.0 0.0 0.0 0.0  0.0 0.0 0.0
attr_468 1.0 1.0 1.0 0.0  1.0 0.0 0.0 0.0 0.0 -1.0 0.0 0.0 0.0 0.0 0.0 0.0 0.0 0.0
attr_469 1.0 1.0 1.0  1.0 1.0 0.0 0.0  0.0 -1.0 0.0 0.0 0.0 0.0  0.0 0.0 0.0
attr_470 1.0 1.0 1.0 0.0 0.0 1.0 0.0 0.0 0.0 0.0 -1.0 0.0 0.0 0.0 0.0 0.0 0.0 0.0 0.0
attr_472 1.0 1.0 1.0   1.0 0.0 0.0  0.0 -1.0 0.0 0.0 0.0 0.0  0.0 0.0 0.0
attr_476 1.0 1.0 1.0 0.0  1.0 0.0 0.0 0.0 0.0 -1.0 0.0 0.0 0.0 0.0 0.0 0.0 0.0 0.0
attr_477 1.0 1.0 1.0  1.0 1.0 0.0 0.0  0.0 -1.0 0.0 0.0 0.0 0.0  0.0 0.0 0.0
attr_478 1.0 1.0 1.0 0.0 0.0 1.0 0.0 0.0 0.0 0.0 -1.0 0.0 0.0 0.0 0.0 0.0 0.0 0.0 0.0
attr_479 1.0 1.0 1.0 0.0  1.0 0.0 0.0 0.0 0.0 -1.0 0.0 0.0 0.0 0.0 0.0 0.0 0.0 0.0
attr_480 1.0 1.0 1.0  1.0 1.0 0.0 0.0  0.0 -1.0 0.0 0.0 0.0 0.0  0.0 0.0 0.0
attr_481 1.0 1.0 1.0  1.0 1.0 0.0 0.0  -1.0 -1.0 0.0 0.0 0.0 0.0  0.0 0.0 0.0
attr_483 1.0 1.0 1.0  1.0 1.0 0.0 0.0  0.0 -1.0 0.0 0.0 0.0 0.0  0.0 0.0 0.0
attr_485 1.0 1.0 1.0  1.0 1.0 0.0 0.0  0.0 -1.0 0.0 0.0 0.0 0.0  0.0 0.0 0.0
attr_486 1.0 1.0 1.0   1.0 0.0 0.0  0.0 -1.0 0.0 0.0 0.0 0.0  0.0 0.0 0.0
attr_487 1.0 1.0 1.0  1.0 1.0 0.0 0.0  0.0 -1.0 0.0 0.0 0.0 0.0  0.0 0.0 0.0
attr_488 1.0 1.0 1.0 0.0 0.0 1.0 0.0 0.0 0.0 0.0 -1.0 0.0 0.0 0.0 0.0 0.0 0.0 0.0 0.0
attr_489 1.0 1.0 1.0  1.0 1.0 0.0 0.0  -1.0 -1.0 0.0 0.0 0.0 0.0  0.0 0.0 0.0
attr_490 1.0 1.0 1.0 0.0 1.0 1.0 0.0 0.0 0.0 0.0 -1.0 0.0 0.0 0.0 0.0 0.0 0.0 0.0 0.0
attr_492 1.0 1.0 1.0 0.0  1.0 0.0 0.0 0.0 0.0 -1.0 0.0 0.0 0.0 0.0 0.0 0.0 0.0 0.0
attr_493 1.0 1.0 1.0 0.0  1.0 0.0 0.0 0.0 0.0 -1.0 0.0 0.0 0.0 0.0 0.0 0.0 0.0 0.0
attr_495 1.0 1.0 1.0  1.0 1.0 0.0 0.0  0.0 -1.0 0.0 0.0 0.0 0.0  0.0 0.0 0.0
attr_496 1.0 1.0 1.0 0.0 0.0 1.0 0.0 0.0 0.0 0.0 -1.0 0.0 0.0 0.0 0.0 0.0 0.0 0.0 0.0
attr_497 1.0 1.0 1.0 0.0  1.0 0.0 0.0 0.0 0.0 -1.0 0.0 0.0 0.0 0.0 0.0 0.0 0.0 0.0
attr_498 1.0 1.0 1.0  1.0 1.0 0.0 0.0  0.0 -1.0 0.0 0.0 0.0 0.0  0.0 0.0 0.0
attr_499 1.0 1.0 1.0 0.0  1.0 0.0 0.0 0.0 0.0 -1.0 0.0 0.0 0.0 0.0 0.0 0.0 0.0 0.0
attr_501 1.0 1.0 1.0 0.0 0.0 1.0 0.0 0.0 0.0 0.0 -1.0 0.0 0.0 0.0 0.0 0.0 0.0 0.0 0.0
attr_503 1.0 1.0 1.0   1.0 0.0 0.0  0.0 -1.0 0.0 0.0 0.0 0.0  0.0 0.0 0.0
attr_504 1.0 1.0 1.0  1.0 1.0 0.0 0.0  -1.0 -1.0 0.0 0.0 0.0 0.0  0.0 0.0 0.0
attr_506 1.0 1.0 1.0 0.0  1.0 0.0 0.0 0.0 0.0 -1.0 0.0 0.0 0.0 0.0 0.0 0.0 0.0 0.0
attr_509 1.0 1.0 1.0 0.0  1.0 0.0 0.0 0.0 0.0 -1.0 0.0 0.0 0.0 0.0 0.0 0.0 0.0 0.0
attr_510 1.0 1.0 1.0 0.0  1.0 0.0 0.0 0.0 0.0 -1.0 0.0 0.0 0.0 0.0 0.0 0.0 0.0 0.0
attr_512         -1.0 -1.0    -1.0  -1.0 -1.0 -1.0 0.0
attr_513 1.0 1.0 1.0 0.0 1.0 1.0 0.0 0.0 0.0 0.0 -1.0 0.0 0.0 0.0 0.0 0.0 0.0 0.0 0.0
attr_515 1.0 1.0 1.0 0.0  1.0 0.0 0.0 0.0 0.0 -1.0 0.0 0.0 0.0 0.0 0.0 0.0 0.0 0.0
attr_516 1.0 1.0 1.0 0.0 0.0 1.0 0.0 0.0 0.0 0.0 -1.0 0.0 0.0 0.0 0.0 0.0 0.0 0.0 0.0
attr_517 1.0 1.0 1.0 0.0 0.0 1.0 0.0 0.0 0.0 0.0 -1.0 0.0 0.0 0.0 0.0 0.0 0.0 0.0 0.0
attr_518 1.0 1.0 1.0 0.0  1.0 0.0 0.0 0.0 0.0 -1.0 0.0 0.0 0.0 0.0 0.0 0.0 0.0 0.0
attr_519 1.0 1.0 1.0 0.0 0.0 1.0 0.0 0.0 0.0 0.0 -1.0 0.0 0.0 0.0 0.0 0.0 0.0 0.0 0.0
attr_520 1.0 1.0 1.0 0.0 0.0 0.0 0.0 -1.0 -1.0 0.0 -1.0 0.0 -1.0 -1.0 -1.0 -1.0 -1.0 -1.0 0.0
attr_521 1.0 1.0 1.0 0.0 1.0 1.0 0.0 0.0 0.0 0.0 -1.0 0.0 0.0 0.0 0.0 0.0 0.0 0.0 0.0
attr_522 1.0 1.0 1.0 0.0  1.0 0.0 0.0 0.0 0.0 -1.0 0.0 0.0 0.0 0.0 0.0 0.0 0.0 0.0
attr_523 1.0 1.0 1.0 0.0 1.0 1.0 0.0 0.0 0.0 0.0 -1.0 0.0 0.0 0.0 0.0 0.0 0.0 0.0 0.0
attr_524 1.0 1.0 1.0 0.0 0.0 1.0 0.0 0.0 0.0 0.0 -1.0 0.0 0.0 0.0 0.0 0.0 0.0 0.0 0.0
attr_525 1.0 1.0 1.0 0.0  1.0 0.0 0.0 0.0 0.0 -1.0 0.0 0.0 0.0 0.0 0.0 0.0 0.0 0.0
attr_526 1.0 1.0 1.0 0.0  1.0 0.0 0.0 0.0 0.0 -1.0 0.0 0.0 0.0 0.0 0.0 0.0 0.0 0.0
attr_528 1.0 1.0 1.0 0.0 0.0 1.0 0.0 0.0 0.0 0.0 -1.0 0.0 0.0 0.0 0.0 0.0 0.0 0.0 0.0
attr_529 1.0 1.0 1.0  1.0 1.0 0.0 0.0  -1.0 -1.0 0.0 0.0 0.0 0.0  0.0 0.0 0.0
attr_530 1.0 1.0 1.0  1.0 1.0 0.0 0.0  0.0 -1.0 0.0 0.0 0.0 0.0  0.0 0.0 0.0
attr_531 1.0 1.0 1.0 0.0  1.0 0.0 0.0 0.0 0.0 -1.0 0.0 0.0 0.0 0.0 0.0 0.0 0.0 0.0
attr_533         -1.0 -1.0    -1.0  -1.0 -1.0 -1.0 0.0
attr_535 1.0 1.0 1.0 0.0 0.0 1.0 0.0 0.0 0.0 0.0 -1.0 0.0 0.0 0.0 0.0 0.0 0.0 0.0 0.0
attr_536 1.0 1.0 1.0 0.0 0.0 1.0 0.0 0.0 0.0 0.0 -1.0 0.0 0.0 0.0 0.0 0.0 0.0 0.0 0.0
attr_537 1.0 1.0 1.0 0.0 1.0 1.0 0.0 0.0 0.0 -1.0 -1.0 0.0 0.0 0.0 0.0 0.0 0.0 0.0 0.0
attr_538 1.0 1.0 1.0 0.0 0.0 1.0 0.0 0.0 0.0 0.0 -1.0 0.0 0.0 0.0 0.0 0.0 0.0 0.0 0.0
attr_539 1.0 1.0 1.0 0.0  1.0 0.0 0.0 0.0 0.0 -1.0 0.0 0.0 0.0 0.0 0.0 0.0 0.0 0.0
attr_540 1.0 1.0 1.0 0.0 1.0 1.0 0.0 0.0 0.0 -1.0 -1.0 0.0 0.0 0.0 0.0 0.0 0.0 0.0 0.0
attr_542 1.0 1.0 1.0 0.0 0.0 1.0 0.0 0.0 0.0 0.0 -1.0 0.0 0.0 0.0 0.0 0.0 0.0 0.0 0.0
attr_544 1.0 1.0 1.0 0.0  1.0 0.0 0.0 0.0 0.0 -1.0 0.0 0.0 0.0 0.0 0.0 0.0 0.0 0.0
attr_546 1.0 1.0 1.0 0.0  1.0 0.0 0.0 0.0 0.0 -1.0 0.0 0.0 0.0 0.0 0.0 0.0 0.0 0.0
attr_547 1.0 1.0 1.0 0.0  1.0 0.0 0.0 0.0 0.0 -1.0 0.0 0.0 0.0 0.0 0.0 0.0 0.0 0.0
attr_548 1.0 1.0 1.0 0.0 0.0 1.0 0.0 0.0 0.0 0.0 -1.0 0.0 0.0 0.0 0.0 0.0 0.0 0.0 0.0
attr_551 1.0 1.0 1.0 0.0  1.0 0.0 0.0 0.0 0.0 -1.0 0.0 0.0 0.0 0.0 0.0 0.0 0.0 0.0
attr_552 1.0 1.0 1.0 0.0  1.0 0.0 0.0 0.0 0.0 -1.0 0.0 0.0 0.0 0.0 0.0 0.0 0.0 0.0
attr_553 1.0 1.0 1.0 0.0  1.0 0.0 0.0 0.0 0.0 -1.0 0.0 0.0 0.0 0.0 0.0 0.0 0.0 0.0
attr_554 1.0 1.0 1.0 0.0 1.0 1.0 0.0 0.0 0.0 -1.0 -1.0 0.0 0.0 0.0 0.0 0.0 0.0 0.0 0.0
attr_556 1.0 1.0 1.0 0.0  1.0 0.0 0.0 0.0 0.0 -1.0 0.0 0.0 0.0 0.0 0.0 0.0 0.0 0.0
attr_557 1.0 1.0 1.0 0.0  1.0 0.0 0.0 0.0 0.0 -1.0 0.0 0.0 0.0 0.0 0.0 0.0 0.0 0.0
attr_558 1.0 1.0 1.0 0.0 1.0 1.0 0.0 0.0 0.0 0.0 -1.0 0.0 0.0 0.0 0.0 0.0 0.0 0.0 0.0
attr_559 1.0 1.0 1.0 0.0 0.0 1.0 0.0 0.0 0.0 0.0 -1.0 0.0 0.0 0.0 0.0 0.0 0.0 0.0 0.0
attr_561 1.0 1.0 1.0 0.0  1.0 0.0 0.0 0.0 0.0 -1.0 0.0 0.0 0.0 0.0 0.0 0.0 0.0 0.0
attr_563 1.0 1.0 1.0 0.0 0.0 1.0 0.0 0.0 0.0 0.0 -1.0 0.0 0.0 0.0 0.0 0.0 0.0 0.0 0.0
attr_564 1.0 1.0 1.0 0.0  1.0 0.0 0.0 0.0 0.0 -1.0 0.0 0.0 0.0 0.0 0.0 0.0 0.0 0.0
attr_565 1.0 1.0 1.0 0.0 1.0 1.0 0.0 0.0 0.0 0.0 -1.0 0.0 0.0 0.0 0.0 0.0 0.0 0.0 0.0
attr_568 1.0 1.0 1.0 0.0  1.0 0.0 0.0 0.0 0.0 -1.0 0.0 0.0 0.0 0.0 0.0 0.0 0.0 0.0
attr_569 1.0 1.0 1.0 0.0  1.0 0.0 0.0 0.0 0.0 -1.0 0.0 0.0 0.0 0.0 0.0 0.0 0.0 0.0
attr_570 1.0 1.0 1.0 0.0 1.0 1.0 0.0 0.0 0.0 0.0 -1.0 0.0 0.0 0.0 0.0 0.0 0.0 0.0 0.0
attr_571 1.0 1.0 1.0 0.0  1.0 0.0 0.0 0.0 0.0 -1.0 0.0 0.0 0.0 0.0 0.0 0.0 0.0 0.0
attr_572 1.0 1.0 1.0 0.0 1.0 1.0 0.0 0.0 0.0 -1.0 -1.0 0.0 0.0 0.0 0.0 0.0 0.0 0.0 0.0
attr_573 1.0 1.0 1.0 0.0  1.0 0.0 0.0 0.0 0.0 -1.0 0.0 0.0 0.0 0.0 0.0 0.0 0.0 0.0
attr_574 1.0 1.0 1.0 0.0  1.0 0.0 0.0 0.0 0.0 -1.0 0.0 0.0 0.0 0.0 0.0 0.0 0.0 0.0
attr_575 1.0 1.0 1.0 0.0  1.0 0.0 0.0 0.0 0.0 -1.0 0.0 0.0 0.0 0.0 0.0 0.0 0.0 0.0
attr_576 1.0 1.0 1.0 0.0  1.0 0.0 0.0 0.0 0.0 -1.0 0.0 0.0 0.0 0.0 0.0 0.0 0.0 0.0
attr_577 1.0 1.0 1.0 0.0  1.0 0.0 0.0 0.0 0.0 -1.0 0.0 0.0 0.0 0.0 0.0 0.0 0.0 0.0
attr_578 1.0 1.0 1.0 0.0  1.0 0.0 0.0 0.0 0.0 -1.0 0.0 0.0 0.0 0.0 0.0 0.0 0.0 0.0
attr_579 1.0 1.0 1.0 0.0  1.0 0.0 0.0 0.0 0.0 -1.0 0.0 0.0 0.0 0.0 0.0 0.0 0.0 0.0
attr_580 1.0 1.0 1.0 0.0 0.0 1.0 0.0 0.0 0.0 0.0 -1.0 0.0 0.0 0.0 0.0 0.0 0.0 0.0 0.0
attr_581 1.0 1.0 1.0 0.0  1.0 0.0 0.0 0.0 0.0 -1.0 0.0 0.0 0.0 0.0 0.0 0.0 0.0 0.0
attr_582 1.0 1.0 1.0 0.0 1.0 1.0 0.0 0.0 0.0 -1.0 -1.0 0.0 0.0 0.0 0.0 0.0 0.0 0.0 0.0
attr_583 1.0 1.0 1.0 0.0  1.0 0.0 0.0 0.0 0.0 -1.0 0.0 0.0 0.0 0.0 0.0 0.0 0.0 0.0
attr_585 1.0 1.0 1.0 0.0  1.0 0.0 0.0 0.0 0.0 -1.0 0.0 0.0 0.0 0.0 0.0 0.0 0.0 0.0
attr_586 1.0 1.0 1.0 0.0  1.0 0.0 0.0 0.0 0.0 -1.0 0.0 0.0 0.0 0.0 0.0 0.0 0.0 0.0
attr_587 1.0 1.0 1.0 0.0  1.0 0.0 0.0 0.0 0.0 -1.0 0.0 0.0 0.0 0.0 0.0 0.0 0.0 0.0
attr_588         -1.0     -1.0  -1.0 -1.0  0.0
attr_589         -1.0 -1.0    -1.0  -1.0 -1.0  0.0
attr_590    0.0   0.0 0.0 0.0 -1.0  0.0 0.0 0.0 0.0 0.0 0.0 0.0 0.0
attr_591    0.0   0.0 0.0 0.0 -1.0  0.0 0.0 0.0 0.0 0.0 0.0 0.0 0.0
attr_592    0.0   0.0 0.0 0.0 -1.0  0.0 0.0 0.0 0.0 0.0 0.0 0.0 0.0
attr_593    0.0   0.0 0.0 0.0 -1.0  0.0 0.0 0.0 0.0 0.0 0.0 0.0 0.0
attr_594    0.0   0.0 0.0 0.0 -1.0  0.0 0.0 0.0 0.0 0.0 0.0 0.0 0.0
attr_595    0.0   0.0 0.0 0.0 -1.0  0.0 0.0 0.0 0.0 0.0 0.0 0.0 0.0
attr_596    0.0   0.0 0.0 0.0 -1.0  0.0 0.0 0.0 0.0 0.0 0.0 0.0 0.0
attr_597    0.0   0.0 0.0 0.0 -1.0  0.0 0.0 0.0 0.0 0.0 0.0 0.0 0.0
attr_598    0.0   0.0 0.0 0.0 -1.0  0.0 0.0 0.0 0.0 0.0 0.0 0.0 0.0
attr_599    0.0   0.0 0.0 0.0 -1.0  0.0 0.0 0.0 0.0 0.0 0.0 0.0 0.0
attr_600    0.0   0.0 0.0 0.0 -1.0  0.0 0.0 0.0 0.0 0.0 0.0 0.0 0.0
attr_601    0.0   0.0 0.0 0.0 -1.0  0.0 0.0 0.0 0.0 0.0 0.0 0.0 0.0
attr_602    0.0   0.0 0.0 0.0 -1.0  0.0 0.0 0.0 0.0 0.0 0.0 0.0 0.0
attr_603    0.0   0.0 0.0 0.0 -1.0  0.0 0.0 0.0 0.0 0.0 0.0 0.0 0.0
attr_604    0.0   0.0 0.0 0.0 -1.0  0.0 0.0 0.0 0.0 0.0 0.0 0.0 0.0
attr_605    0.0   0.0 0.0 0.0 -1.0  0.0 0.0 0.0 0.0 0.0 0.0 0.0 0.0
attr_606    0.0   0.0 0.0 0.0 -1.0  0.0 0.0 0.0 0.0 0.0 0.0 0.0 0.0
attr_607    0.0   0.0 0.0 0.0 -1.0  0.0 0.0 0.0 0.0 0.0 0.0 0.0 0.0
attr_608    0.0   0.0 0.0 0.0 -1.0  0.0 0.0 0.0 0.0 0.0 0.0 0.0 0.0
attr_609    0.0   0.0 0.0 0.0 -1.0  0.0 0.0 0.0 0.0 0.0 0.0 0.0 0.0
attr_610    0.0   0.0 0.0 0.0 -1.0  0.0 0.0 0.0 0.0 0.0 0.0 0.0 0.0
attr_611    0.0   0.0 0.0 0.0 -1.0  0.0 0.0 0.0 0.0 0.0 0.0 0.0 0.0
attr_612    0.0   0.0 0.0 0.0 -1.0  0.0 0.0 0.0 0.0 0.0 0.0 0.0 0.0
attr_613    0.0   0.0 0.0 0.0 -1.0  0.0 0.0 0.0 0.0 0.0 0.0 0.0 0.0
attr_614    0.0   0.0 0.0 0.0 -1.0  0.0 0.0 0.0 0.0 0.0 0.0 0.0 0.0
attr_615    0.0   0.0 0.0 0.0 -1.0  0.0 0.0 0.0 0.0 0.0 0.0 0.0 0.0
attr_616    0.0   0.0 0.0 0.0 -1.0  0.0 0.0 0.0 0.0 0.0 0.0 0.0 0.0
attr_617    0.0   0.0 0.0 0.0 -1.0  0.0 0.0 0.0 0.0 0.0 0.0 0.0 0.0
attr_618    0.0   0.0 0.0 0.0 -1.0  0.0 0.0 0.0 0.0 0.0 0.0 0.0 0.0
attr_619    0.0   0.0 0.0 0.0 -1.0  0.0 0.0 0.0 0.0 0.0 0.0 0.0 0.0
attr_620    0.0   0.0 0.0 0.0 -1.0  0.0 0.0 0.0 0.0 0.0 0.0 0.0 0.0
attr_621    0.0   0.0 0.0 0.0 -1.0  0.0 0.0 0.0 0.0 0.0 0.0 0.0 0.0
attr_622    0.0   0.0 0.0 0.0 -1.0  0.0 0.0 0.0 0.0 0.0 0.0 0.0 0.0
attr_623    0.0   0.0 0.0 0.0 -1.0  0.0 0.0 0.0 0.0 0.0 0.0 0.0 0.0
attr_624    0.0   0.0 0.0 0.0 -1.0  0.0 0.0 0.0 0.0 0.0 0.0 0.0 0.0
attr_625    0.0   0.0 0.0 0.0 -1.0  0.0 0.0 0.0 0.0 0.0 0.0 0.0 0.0
attr_626    0.0   0.0 0.0 0.0 -1.0  0.0 0.0 0.0 0.0 0.0 0.0 0.0 0.0
attr_627    0.0   0.0 0.0 0.0 -1.0  0.0 0.0 0.0 0.0 0.0 0.0 0.0 0.0
attr_628    0.0   0.0 0.0 0.0 -1.0  0.0 0.0 0.0 0.0 0.0 0.0 0.0 0.0
attr_629    0.0   0.0 0.0 0.0 -1.0  0.0 0.0 0.0 0.0 0.0 0.0 0.0 0.0
attr_630    0.0   0.0 0.0 0.0 -1.0  0.0 0.0 0.0 0.0 0.0 0.0 0.0 0.0
attr_631    0.0   0.0 0.0 0.0 -1.0  0.0 0.0 0.0 0.0 0.0 0.0 0.0 0.0
attr_632    0.0   0.0 0.0 0.0 -1.0  0.0 0.0 0.0 0.0 0.0 0.0 0.0 0.0
attr_633    0.0   0.0 0.0 0.0 -1.0  0.0 0.0 0.0 0.0 0.0 0.0 0.0 0.0
attr_634    0.0   0.0 0.0 0.0 -1.0  0.0 0.0 0.0 0.0 0.0 0.0 0.0 0.0
attr_635    0.0   0.0 0.0 0.0 -1.0  0.0 0.0 0.0 0.0 0.0 0.0 0.0 0.0
attr_636    0.0   0.0 0.0 0.0 -1.0  0.0 0.0 0.0 0.0 0.0 0.0 0.0 0.0
attr_637    0.0   0.0 0.0 0.0 -1.0  0.0 0.0 0.0 0.0 0.0 0.0 0.0 0.0
attr_638    0.0   0.0 0.0 0.0 -1.0  0.0 0.0 0.0 0.0 0.0 0.0 0.0 0.0
attr_639    0.0   0.0 0.0 0.0 -1.0  0.0 0.0 0.0 0.0 0.0 0.0 0.0 0.0
attr_640    0.0   0.0 0.0 0.0 -1.0  0.0 0.0 0.0 0.0 0.0 0.0 0.0 0.0
attr_641    0.0   0.0 0.0 0.0 -1.0  0.0 0.0 0.0 0.0 0.0 0.0 0.0 0.0
attr_642    0.0   0.0 0.0 0.0 -1.0  0.0 0.0 0.0 0.0 0.0 0.0 0.0 0.0
attr_643    0.0   0.0 0.0 0.0 -1.0  0.0 0.0 0.0 0.0 0.0 0.0 0.0 0.0
attr_644    0.0   0.0 0.0 0.0 -1.0  0.0 0.0 0.0 0.0 0.0 0.0 0.0 0.0
attr_645    0.0   0.0 0.0 0.0 -1.0  0.0 0.0 0.0 0.0 0.0 0.0 0.0 0.0
attr_646    0.0   0.0 0.0 0.0 -1.0  0.0 0.0 0.0 0.0 0.0 0.0 0.0 0.0
attr_647    0.0   0.0 0.0 0.0 -1.0  0.0 0.0 0.0 0.0 0.0 0.0 0.0 0.0
attr_648    0.0   0.0 0.0 0.0 -1.0  0.0 0.0 0.0 0.0 0.0 0.0 0.0 0.0
attr_649    0.0   0.0 0.0 0.0 -1.0  0.0 0.0 0.0 0.0 0.0 0.0 0.0 0.0
attr_650    0.0   0.0 0.0 0.0 -1.0  0.0 0.0 0.0 0.0 0.0 0.0 0.0 0.0
attr_651    0.0   0.0 0.0 0.0 -1.0  0.0 0.0 0.0 0.0 0.0 0.0 0.0 0.0
attr_652    0.0   0.0 0.0 0.0 -1.0  0.0 0.0 0.0 0.0 0.0 0.0 0.0 0.0
attr_653    0.0   0.0 0.0 0.0 -1.0  0.0 0.0 0.0 0.0 0.0 0.0 0.0 0.0
attr_654    0.0   0.0 0.0 0.0 -1.0  0.0 0.0 0.0 0.0 0.0 0.0 0.0 0.0
attr_655    0.0   0.0 0.0 0.0 -1.0  0.0 0.0 0.0 0.0 0.0 0.0 0.0 0.0
attr_656    0.0   0.0 0.0 0.0 -1.0  0.0 0.0 0.0 0.0 0.0 0.0 0.0 0.0
attr_657    0.0   0.0 0.0 0.0 -1.0  0.0 0.0 0.0 0.0 0.0 0.0 0.0 0.0
attr_658    0.0   0.0 0.0 0.0 -1.0  0.0 0.0 0.0 0.0 0.0 0.0 0.0 0.0
attr_659    0.0   0.0 0.0 0.0 -1.0  0.0 0.0 0.0 0.0 0.0 0.0 0.0 0.0
attr_660    0.0   0.0 0.0 0.0 -1.0  0.0 0.0 0.0 0.0 0.0 0.0 0.0 0.0
attr_661    0.0   0.0 0.0 0.0 -1.0  0.0 0.0 0.0 0.0 0.0 0.0 0.0 0.0
attr_662    0.0   0.0 0.0 0.0 -1.0  0.0 0.0 0.0 0.0 0.0 0.0 0.0 0.0
attr_663    0.0   0.0 0.0 0.0 -1.0  0.0 0.0 0.0 0.0 0.0 0.0 0.0 0.0
attr_664    0.0   0.0 0.0 0.0 -1.0  0.0 0.0 0.0 0.0 0.0 0.0 0.0 0.0
attr_665    0.0   0.0 0.0 0.0 -1.0  0.0 0.0 0.0 0.0 0.0 0.0 0.0 0.0
attr_666    0.0   0.0 0.0 0.0 -1.0  0.0 0.0 0.0 0.0 0.0 0.0 0.0 0.0
attr_667    0.0   0.0 0.0 0.0 -1.0  0.0 0.0 0.0 0.0 0.0 0.0 0.0 0.0
attr_668    0.0   0.0 0.0 0.0 -1.0  0.0 0.0 0.0 0.0 0.0 0.0 0.0 0.0
attr_669    0.0   0.0 0.0 0.0 -1.0  0.0 0.0 0.0 0.0 0.0 0.0 0.0 0.0
attr_670    0.0   0.0 0.0 0.0 -1.0  0.0 0.0 0.0 0.0 0.0 0.0 0.0 0.0
attr_671    0.0   0.0 0.0 0.0 -1.0  0.0 0.0 0.0 0.0 0.0 0.0 0.0 0.0
attr_672    0.0   0.0 0.0 0.0 -1.0  0.0 0.0 0.0 0.0 0.0 0.0 0.0 0.0
attr_673    0.0   0.0 0.0 0.0 -1.0  0.0 0.0 0.0 0.0 0.0 0.0 0.0 0.0
attr_674    0.0   0.0 0.0 0.0 -1.0  0.0 0.0 0.0 0.0 0.0 0.0 0.0 0.0
attr_675    0.0   0.0 0.0 0.0 -1.0  0.0 0.0 0.0 0.0 0.0 0.0 0.0 0.0
attr_676    0.0   0.0 0.0 0.0 -1.0  0.0 0.0 0.0 0.0 0.0 0.0 0.0 0.0
attr_677    0.0   0.0 0.0 0.0 -1.0  0.0 0.0 0.0 0.0 0.0 0.0 0.0 0.0
attr_678    0.0   0.0 0.0 0.0 -1.0  0.0 0.0 0.0 0.0 0.0 0.0 0.0 0.0
attr_679    0.0   0.0 0.0 0.0 -1.0  0.0 0.0 0.0 0.0 0.0 0.0 0.0 0.0
attr_680    0.0   0.0 0.0 0.0 -1.0  0.0 0.0 0.0 0.0 0.0 0.0 0.0 0.0
attr_681    0.0   0.0 0.0 0.0 -1.0  0.0 0.0 0.0 0.0 0.0 0.0 0.0 0.0
attr_682    0.0   0.0 0.0 0.0 -1.0  0.0 0.0 0.0 0.0 0.0 0.0 0.0 0.0
attr_683    0.0   0.0 0.0 0.0 -1.0  0.0 0.0 0.0 0.0 0.0 0.0 0.0 0.0
attr_684    0.0   0.0 0.0 0.0 -1.0  0.0 0.0 0.0 0.0 0.0 0.0 0.0 0.0
attr_685    0.0   0.0 0.0 0.0 -1.0  0.0 0.0 0.0 0.0 0.0 0.0 0.0 0.0
attr_686    0.0   0.0 0.0 0.0 -1.0  0.0 0.0 0.0 0.0 0.0 0.0 0.0 0.0
attr_687    0.0   0.0 0.0 0.0 -1.0  0.0 0.0 0.0 0.0 0.0 0.0 0.0 0.0
attr_688    0.0   0.0 0.0 0.0 -1.0  0.0 0.0 0.0 0.0 0.0 0.0 0.0 0.0
attr_689    0.0   0.0 0.0 0.0 -1.0  0.0 0.0 0.0 0.0 0.0 0.0 0.0 0.0
attr_690    0.0   0.0 0.0 0.0 -1.0  0.0 0.0 0.0 0.0 0.0 0.0 0.0 0.0
attr_691    0.0   0.0 0.0 0.0 -1.0  0.0 0.0 0.0 0.0 0.0 0.0 0.0 0.0
attr_692    0.0   0.0 0.0 0.0 -1.0  0.0 0.0 0.0 0.0 0.0 0.0 0.0 0.0
attr_693 0.0 0.0 0.0 0.0 0.0  0.0 0.0  0.0 0.0 0.0 0.0  0.0   0.0 0.0
attr_694 0.0 0.0 0.0 0.0 0.0  0.0 0.0  0.0 0.0 0.0 0.0  0.0   0.0 0.0
attr_695 0.0 0.0 0.0 0.0 0.0  0.0 0.0  0.0 0.0 0.0 0.0  0.0   0.0 0.0
attr_696 0.0 0.0 0.0 0.0 0.0  0.0 0.0  0.0 0.0 0.0 0.0  0.0   0.0 0.0
attr_697    0.0   0.0 0.0 0.0 -1.0  0.0 0.0 0.0 0.0 0.0 0.0 0.0 0.0
attr_698    0.0   0.0 0.0 0.0 -1.0  0.0 0.0 0.0 0.0 0.0 0.0 0.0 0.0
attr_699    0.0   0.0 0.0 0.0 -1.0  0.0 0.0 0.0 0.0 0.0 0.0 0.0 0.0
attr_700    0.0   0.0 0.0 0.0 -1.0  0.0 0.0 0.0 0.0 0.0 0.0 0.0 0.0
attr_701    0.0   0.0 0.0 0.0 -1.0  0.0 0.0 0.0 0.0 0.0 0.0 0.0 0.0
attr_702    0.0   0.0 0.0 0.0 -1.0  0.0 0.0 0.0 0.0 0.0 0.0 0.0 0.0
attr_703    0.0   0.0 0.0 0.0 -1.0  0.0 0.0 0.0 0.0 0.0 0.0 0.0 0.0
attr_704    0.0   0.0 0.0 0.0 -1.0  0.0 0.0 0.0 0.0 0.0 0.0 0.0 0.0
attr_705    0.0   0.0 0.0 0.0 -1.0  0.0 0.0 0.0 0.0 0.0 0.0 0.0 0.0
attr_706    0.0   0.0 0.0 0.0 -1.0  0.0 0.0 0.0 0.0 0.0 0.0 0.0 0.0
attr_707    0.0   0.0 0.0 0.0 -1.0  0.0 0.0 0.0 0.0 0.0 0.0 0.0 0.0
attr_708    0.0   0.0 0.0 0.0 -1.0  0.0 0.0 0.0 0.0 0.0 0.0 0.0 0.0
attr_709    0.0   0.0 0.0 0.0 -1.0  0.0 0.0 0.0 0.0 0.0 0.0 0.0 0.0
attr_710    0.0   0.0 0.0 0.0 -1.0  0.0 0.0 0.0 0.0 0.0 0.0 0.0 0.0
attr_711    0.0   0.0 0.0 0.0 -1.0  0.0 0.0 0.0 0.0 0.0 0.0 0.0 0.0
attr_712    0.0   0.0 0.0 0.0 -1.0  0.0 0.0 0.0 0.0 0.0 0.0 0.0 0.0
attr_713    0.0   0.0 0.0 0.0 -1.0  0.0 0.0 0.0 0.0 0.0 0.0 0.0 0.0
attr_714    0.0   0.0 0.0 0.0 -1.0  0.0 0.0 0.0 0.0 0.0 0.0 0.0 0.0
attr_715    0.0   0.0 0.0 0.0 -1.0  0.0 0.0 0.0 0.0 0.0 0.0 0.0 0.0
attr_716    0.0   0.0 0.0 0.0 -1.0  0.0 0.0 0.0 0.0 0.0 0.0 0.0 0.0
attr_717    0.0   0.0 0.0 0.0 -1.0  0.0 0.0 0.0 0.0 0.0 0.0 0.0 0.0
attr_718    0.0   0.0 0.0 0.0 -1.0  0.0 0.0 0.0 0.0 0.0 0.0 0.0 0.0
attr_719    0.0   0.0 0.0 0.0 -1.0  0.0 0.0 0.0 0.0 0.0 0.0 0.0 0.0
attr_720    0.0   0.0 0.0 0.0 -1.0  0.0 0.0 0.0 0.0 0.0 0.0 0.0 0.0
attr_721    0.0   0.0 0.0 0.0 -1.0  0.0 0.0 0.0 0.0 0.0 0.0 0.0 0.0
attr_722    0.0   0.0 0.0 0.0 -1.0  0.0 0.0 0.0 0.0 0.0 0.0 0.0 0.0
attr_723    0.0   0.0 0.0 0.0 -1.0  0.0 0.0 0.0 0.0 0.0 0.0 0.0 0.0
attr_724    0.0   0.0 0.0 0.0 -1.0  0.0 0.0 0.0 0.0 0.0 0.0 0.0 0.0
attr_725    0.0   0.0 0.0 0.0 -1.0  0.0 0.0 0.0 0.0 0.0 0.0 0.0 0.0
attr_726    0.0   0.0 0.0 0.0 -1.0  0.0 0.0 0.0 0.0 0.0 0.0 0.0 0.0
attr_727    0.0   0.0 0.0 0.0 -1.0  0.0 0.0 0.0 0.0 0.0 0.0 0.0 0.0
attr_728    0.0   0.0 0.0 0.0 -1.0  0.0 0.0 0.0 0.0 0.0 0.0 0.0 0.0
attr_729    0.0   0.0 0.0 0.0 -1.0  0.0 0.0 0.0 0.0 0.0 0.0 0.0 0.0
attr_730    0.0   0.0 0.0 0.0 -1.0  0.0 0.0 0.0 0.0 0.0 0.0 0.0 0.0
attr_731    0.0   0.0 0.0 0.0 -1.0  0.0 0.0 0.0 0.0 0.0 0.0 0.0 0.0
attr_732    0.0   0.0 0.0 0.0 -1.0  0.0 0.0 0.0 0.0 0.0 0.0 0.0 0.0
attr_733    0.0   0.0 0.0 0.0 -1.0  0.0 0.0 0.0 0.0 0.0 0.0 0.0 0.0
attr_734    0.0   0.0 0.0 0.0 -1.0  0.0 0.0 0.0 0.0 0.0 0.0 0.0 0.0
attr_735    0.0   0.0 0.0 0.0 -1.0  0.0 0.0 0.0 0.0 0.0 0.0 0.0 0.0
attr_736    0.0   0.0 0.0 0.0 -1.0  0.0 0.0 0.0 0.0 0.0 0.0 0.0 0.0
attr_737    0.0   0.0 0.0 0.0 -1.0  0.0 0.0 0.0 0.0 0.0 0.0 0.0 0.0
attr_738    0.0   0.0 0.0 0.0 -1.0  0.0 0.0 0.0 0.0 0.0 0.0 0.0 0.0
attr_739    0.0   0.0 0.0 0.0 -1.0  0.0 0.0 0.0 0.0 0.0 0.0 0.0 0.0
attr_740    0.0   0.0 0.0 0.0 -1.0  0.0 0.0 0.0 0.0 0.0 0.0 0.0 0.0
attr_741    0.0   0.0 0.0 0.0 -1.0  0.0 0.0 0.0 0.0 0.0 0.0 0.0 0.0
attr_742    0.0   0.0 0.0 0.0 -1.0  0.0 0.0 0.0 0.0 0.0 0.0 0.0 0.0
attr_743    0.0   0.0 0.0 0.0 -1.0  0.0 0.0 0.0 0.0 0.0 0.0 0.0 0.0
attr_744    0.0   0.0 0.0 0.0 -1.0  0.0 0.0 0.0 0.0 0.0 0.0 0.0 0.0
attr_745    0.0   0.0 0.0 0.0 -1.0  0.0 0.0 0.0 0.0 0.0 0.0 0.0 0.0
attr_746    0.0   0.0 0.0 0.0 -1.0  0.0 0.0 0.0 0.0 0.0 0.0 0.0 0.0
attr_747    0.0   0.0 0.0 0.0 -1.0  0.0 0.0 0.0 0.0 0.0 0.0 0.0 0.0
attr_748    0.0   0.0 0.0 0.0 -1.0  0.0 0.0 0.0 0.0 0.0 0.0 0.0 0.0
attr_749    0.0   0.0 0.0 0.0 -1.0  0.0 0.0 0.0 0.0 0.0 0.0 0.0 0.0
attr_750    0.0   0.0 0.0 0.0 -1.0  0.0 0.0 0.0 0.0 0.0 0.0 0.0 0.0
attr_751    0.0   0.0 0.0 0.0 -1.0  0.0 0.0 0.0 0.0 0.0 0.0 0.0 0.0
attr_752    0.0   0.0 0.0 0.0 -1.0  0.0 0.0 0.0 0.0 0.0 0.0 0.0 0.0
attr_753    0.0   0.0 0.0 0.0 -1.0  0.0 0.0 0.0 0.0 0.0 0.0 0.0 0.0
attr_754    0.0   0.0 0.0 0.0 -1.0  0.0 0.0 0.0 0.0 0.0 0.0 0.0 0.0
attr_755    0.0   0.0 0.0 0.0 -1.0  0.0 0.0 0.0 0.0 0.0 0.0 0.0 0.0
attr_756    0.0   0.0 0.0 0.0 -1.0  0.0 0.0 0.0 0.0 0.0 0.0 0.0 0.0
attr_757    0.0   0.0 0.0 0.0 -1.0  0.0 0.0 0.0 0.0 0.0 0.0 0.0 0.0
attr_758    0.0   0.0 0.0 0.0 -1.0  0.0 0.0 0.0 0.0 0.0 0.0 0.0 0.0
attr_759    0.0   0.0 0.0 0.0 -1.0  0.0 0.0 0.0 0.0 0.0 0.0 0.0 0.0
attr_760    0.0   0.0 0.0 0.0 -1.0  0.0 0.0 0.0 0.0 0.0 0.0 0.0 0.0
attr_761    0.0   0.0 0.0 0.0 -1.0  0.0 0.0 0.0 0.0 0.0 0.0 0.0 0.0
attr_762    0.0   0.0 0.0 0.0 -1.0  0.0 0.0 0.0 0.0 0.0 0.0 0.0 0.0
attr_763    0.0   0.0 0.0 0.0 -1.0  0.0 0.0 0.0 0.0 0.0 0.0 0.0 0.0
attr_764    0.0   0.0 0.0 0.0 -1.0  0.0 0.0 0.0 0.0 0.0 0.0 0.0 0.0
attr_765    0.0   0.0 0.0 0.0 -1.0  0.0 0.0 0.0 0.0 0.0 0.0 0.0 0.0
attr_766    0.0   0.0 0.0 0.0 -1.0  0.0 0.0 0.0 0.0 0.0 0.0 0.0 0.0
attr_767    0.0   0.0 0.0 0.0 -1.0  0.0 0.0 0.0 0.0 0.0 0.0 0.0 0.0
attr_768    0.0   0.0 0.0 0.0 -1.0  0.0 0.0 0.0 0.0 0.0 0.0 0.0 0.0
attr_769    0.0   0.0 0.0 0.0 -1.0  0.0 0.0 0.0 0.0 0.0 0.0 0.0 0.0
attr_770    0.0   0.0 0.0 0.0 -1.0  0.0 0.0 0.0 0.0 0.0 0.0 0.0 0.0
attr_771    0.0   0.0 0.0 0.0 -1.0  0.0 0.0 0.0 0.0 0.0 0.0 0.0 0.0
attr_772    0.0   0.0 0.0 0.0 -1.0  0.0 0.0 0.0 0.0 0.0 0.0 0.0 0.0
attr_773    0.0   0.0 0.0 0.0 -1.0  0.0 0.0 0.0 0.0 0.0 0.0 0.0 0.0
attr_774    0.0   0.0 0.0 0.0 -1.0  0.0 0.0 0.0 0.0 0.0 0.0 0.0 0.0
attr_775    0.0   0.0 0.0 0.0 -1.0  0.0 0.0 0.0 0.0 0.0 0.0 0.0 0.0
attr_776    0.0   0.0 0.0 0.0 -1.0  0.0 0.0 0.0 0.0 0.0 0.0 0.0 0.0
attr_777    0.0   0.0 0.0 0.0 -1.0  0.0 0.0 0.0 0.0 0.0 0.0 0.0 0.0
attr_778    0.0   0.0 0.0 0.0 -1.0  0.0 0.0 0.0 0.0 0.0 0.0 0.0 0.0
attr_779    0.0   0.0 0.0 0.0 -1.0  0.0 0.0 0.0 0.0 0.0 0.0 0.0 0.0
attr_780    0.0   0.0 0.0 0.0 -1.0  0.0 0.0 0.0 0.0 0.0 0.0 0.0 0.0
attr_781    0.0   0.0 0.0 0.0 -1.0  0.0 0.0 0.0 0.0 0.0 0.0 0.0 0.0
attr_782    0.0   0.0 0.0 0.0 -1.0  0.0 0.0 0.0 0.0 0.0 0.0 0.0 0.0
attr_783    0.0   0.0 0.0 0.0 -1.0  0.0 0.0 0.0 0.0 0.0 0.0 0.0 0.0
attr_784    0.0   0.0 0.0 0.0 -1.0  0.0 0.0 0.0 0.0 0.0 0.0 0.0 0.0
attr_785    0.0   0.0 0.0 0.0 -1.0  0.0 0.0 0.0 0.0 0.0 0.0 0.0 0.0
attr_786    0.0   0.0 0.0 0.0 -1.0  0.0 0.0 0.0 0.0 0.0 0.0 0.0 0.0
attr_787    0.0   0.0 0.0 0.0 -1.0  0.0 0.0 0.0 0.0 0.0 0.0 0.0 0.0
attr_788    0.0   0.0 0.0 0.0 -1.0  0.0 0.0 0.0 0.0 0.0 0.0 0.0 0.0
attr_789    0.0   0.0 0.0 0.0 -1.0  0.0 0.0 0.0 0.0 0.0 0.0 0.0 0.0
attr_790    0.0   0.0 0.0 0.0 -1.0  0.0 0.0 0.0 0.0 0.0 0.0 0.0 0.0
attr_791    0.0   0.0 0.0 0.0 -1.0  0.0 0.0 0.0 0.0 0.0 0.0 0.0 0.0
attr_792    0.0   0.0 0.0 0.0 -1.0  0.0 0.0 0.0 0.0 0.0 0.0 0.0 0.0
attr_793    0.0   0.0 0.0 0.0 -1.0  0.0 0.0 0.0 0.0 0.0 0.0 0.0 0.0
attr_794    0.0   0.0 0.0 0.0 -1.0  0.0 0.0 0.0 0.0 0.0 0.0 0.0 0.0
attr_795    0.0   0.0 0.0 0.0 -1.0  0.0 0.0 0.0 0.0 0.0 0.0 0.0 0.0
attr_796    0.0   0.0 0.0 0.0 -1.0  0.0 0.0 0.0 0.0 0.0 0.0 0.0 0.0
attr_797    0.0   0.0 0.0 0.0 -1.0  0.0 0.0 0.0 0.0 0.0 0.0 0.0 0.0
attr_798    0.0   0.0 0.0 0.0 -1.0  0.0 0.0 0.0 0.0 0.0 0.0 0.0 0.0
attr_799    0.0   0.0 0.0 0.0 -1.0  0.0 0.0 0.0 0.0 0.0 0.0 0.0 0.0
attr_800    0.0   0.0 0.0 0.0 -1.0  0.0 0.0 0.0 0.0 0.0 0.0 0.0 0.0
attr_801    0.0   0.0 0.0 0.0 -1.0  0.0 0.0 0.0 0.0 0.0 0.0 0.0 0.0
attr_802    0.0   0.0 0.0 0.0 -1.0  0.0 0.0 0.0 0.0 0.0 0.0 0.0 0.0
attr_803    0.0   0.0 0.0 0.0 -1.0  0.0 0.0 0.0 0.0 0.0 0.0 0.0 0.0
attr_804    0.0   0.0 0.0 0.0 -1.0  0.0 0.0 0.0 0.0 0.0 0.0 0.0 0.0
attr_805    0.0   0.0 0.0 0.0 -1.0  0.0 0.0 0.0 0.0 0.0 0.0 0.0 0.0
attr_806    0.0   0.0 0.0 0.0 -1.0  0.0 0.0 0.0 0.0 0.0 0.0 0.0 0.0
attr_807    0.0   0.0 0.0 0.0 -1.0  0.0 0.0 0.0 0.0 0.0 0.0 0.0 0.0
attr_808    0.0   0.0 0.0 0.0 -1.0  0.0 0.0 0.0 0.0 0.0 0.0 0.0 0.0
attr_809    0.0   0.0 0.0 0.0 -1.0  0.0 0.0 0.0 0.0 0.0 0.0 0.0 0.0
attr_810    0.0   0.0 0.0 0.0 -1.0  0.0 0.0 0.0 0.0 0.0 0.0 0.0 0.0
attr_811    0.0   0.0 0.0 0.0 -1.0  0.0 0.0 0.0 0.0 0.0 0.0 0.0 0.0
attr_812    0.0   0.0 0.0 0.0 -1.0  0.0 0.0 0.0 0.0 0.0 0.0 0.0 0.0
attr_813    0.0   0.0 0.0 0.0 -1.0  0.0 0.0 0.0 0.0 0.0 0.0 0.0 0.0
attr_814    0.0   0.0 0.0 0.0 -1.0  0.0 0.0 0.0 0.0 0.0 0.0 0.0 0.0
attr_815    0.0   0.0 0.0 0.0 -1.0  0.0 0.0 0.0 0.0 0.0 0.0 0.0 0.0
attr_816    0.0   0.0 0.0 0.0 -1.0  0.0 0.0 0.0 0.0 0.0 0.0 0.0 0.0
attr_817    0.0   0.0 0.0 0.0 -1.0  0.0 0.0 0.0 0.0 0.0 0.0 0.0 0.0
attr_818    0.0   0.0 0.0 0.0 -1.0  0.0 0.0 0.0 0.0 0.0 0.0 0.0 0.0
attr_819    0.0   0.0 0.0 0.0 -1.0  0.0 0.0 0.0 0.0 0.0 0.0 0.0 0.0
attr_820    0.0   0.0 0.0 0.0 -1.0  0.0 0.0 0.0 0.0 0.0 0.0 0.0 0.0
attr_821    0.0   0.0 0.0 0.0 -1.0  0.0 0.0 0.0 0.0 0.0 0.0 0.0 0.0
attr_822    0.0   0.0 0.0 0.0 -1.0  0.0 0.0 0.0 0.0 0.0 0.0 0.0 0.0
attr_823    0.0   0.0 0.0 0.0 -1.0  0.0 0.0 0.0 0.0 0.0 0.0 0.0 0.0
attr_824    0.0   0.0 0.0 0.0 -1.0  0.0 0.0 0.0 0.0 0.0 0.0 0.0 0.0
attr_825    0.0   0.0 0.0 0.0 -1.0  0.0 0.0 0.0 0.0 0.0 0.0 0.0 0.0
attr_826    0.0   0.0 0.0 0.0 -1.0  0.0 0.0 0.0 0.0 0.0 0.0 0.0 0.0
attr_827    0.0   0.0 0.0 0.0 -1.0  0.0 0.0 0.0 0.0 0.0 0.0 0.0 0.0
attr_828    0.0   0.0 0.0 0.0 -1.0  0.0 0.0 0.0 0.0 0.0 0.0 0.0 0.0
attr_829    0.0   0.0 0.0 0.0 -1.0  0.0 0.0 0.0 0.0 0.0 0.0 0.0 0.0
attr_830    0.0   0.0 0.0 0.0 -1.0  0.0 0.0 0.0 0.0 0.0 0.0 0.0 0.0
attr_831    0.0   0.0 0.0 0.0 -1.0  0.0 0.0 0.0 0.0 0.0 0.0 0.0 0.0
attr_832    0.0   0.0 0.0 0.0 -1.0  0.0 0.0 0.0 0.0 0.0 0.0 0.0 0.0
attr_833    0.0   0.0 0.0 0.0 -1.0  0.0 0.0 0.0 0.0 0.0 0.0 0.0 0.0
attr_834    0.0   0.0 0.0 0.0 -1.0  0.0 0.0 0.0 0.0 0.0 0.0 0.0 0.0
attr_835    0.0   0.0 0.0 0.0 -1.0  0.0 0.0 0.0 0.0 0.0 0.0 0.0 0.0
attr_836    0.0   0.0 0.0 0.0 -1.0  0.0 0.0 0.0 0.0 0.0 0.0 0.0 0.0
attr_837    0.0   0.0 0.0 0.0 -1.0  0.0 0.0 0.0 0.0 0.0 0.0 0.0 0.0
attr_838    0.0   0.0 0.0 0.0 -1.0  0.0 0.0 0.0 0.0 0.0 0.0 0.0 0.0
attr_839    0.0   0.0 0.0 0.0 -1.0  0.0 0.0 0.0 0.0 0.0 0.0 0.0 0.0
attr_840    0.0   0.0 0.0 0.0 -1.0  0.0 0.0 0.0 0.0 0.0 0.0 0.0 0.0
attr_841    0.0   0.0 0.0 0.0 -1.0  0.0 0.0 0.0 0.0 0.0 0.0 0.0 0.0
attr_842    0.0   0.0 0.0 0.0 -1.0  0.0 0.0 0.0 0.0 0.0 0.0 0.0 0.0
attr_843    0.0   0.0 0.0 0.0 -1.0  0.0 0.0 0.0 0.0 0.0 0.0 0.0 0.0
attr_844    0.0   0.0 0.0 0.0 -1.0  0.0 0.0 0.0 0.0 0.0 0.0 0.0 0.0
attr_845    0.0   0.0 0.0 0.0 -1.0  0.0 0.0 0.0 0.0 0.0 0.0 0.0 0.0
attr_846    0.0   0.0 0.0 0.0 -1.0  0.0 0.0 0.0 0.0 0.0 0.0 0.0 0.0
attr_847    0.0   0.0 0.0 0.0 -1.0  0.0 0.0 0.0 0.0 0.0 0.0 0.0 0.0
attr_848    0.0   0.0 0.0 0.0 -1.0  0.0 0.0 0.0 0.0 0.0 0.0 0.0 0.0
attr_849    0.0   0.0 0.0 0.0 -1.0  0.0 0.0 0.0 0.0 0.0 0.0 0.0 0.0
attr_850    0.0   0.0 0.0 0.0 -1.0  0.0 0.0 0.0 0.0 0.0 0.0 0.0 0.0
attr_851    0.0   0.0 0.0 0.0 -1.0  0.0 0.0 0.0 0.0 0.0 0.0 0.0 0.0
attr_852    0.0   0.0 0.0 0.0 -1.0  0.0 0.0 0.0 0.0 0.0 0.0 0.0 0.0
attr_853    0.0   0.0 0.0 0.0 -1.0  0.0 0.0 0.0 0.0 0.0 0.0 0.0 0.0
attr_854    0.0   0.0 0.0 0.0 -1.0  0.0 0.0 0.0 0.0 0.0 0.0 0.0 0.0
attr_855    0.0   0.0 0.0 0.0 -1.0  0.0 0.0 0.0 0.0 0.0 0.0 0.0 0.0
attr_856    0.0   0.0 0.0 0.0 -1.0  0.0 0.0 0.0 0.0 0.0 0.0 0.0 0.0
attr_857    0.0   0.0 0.0 0.0 -1.0  0.0 0.0 0.0 0.0 0.0 0.0 0.0 0.0
attr_858    0.0   0.0 0.0 0.0 -1.0  0.0 0.0 0.0 0.0 0.0 0.0 0.0 0.0
attr_859    0.0   0.0 0.0 0.0 -1.0  0.0 0.0 0.0 0.0 0.0 0.0 0.0 0.0
attr_860    0.0   0.0 0.0 0.0 -1.0  0.0 0.0 0.0 0.0 0.0 0.0 0.0 0.0
attr_861    0.0   0.0 0.0 0.0 -1.0  0.0 0.0 0.0 0.0 0.0 0.0 0.0 0.0
attr_862    0.0   0.0 0.0 0.0 -1.0  0.0 0.0 0.0 0.0 0.0 0.0 0.0 0.0
attr_863    0.0   0.0 0.0 0.0 -1.0  0.0 0.0 0.0 0.0 0.0 0.0 0.0 0.0
attr_864    0.0   0.0 0.0 0.0 -1.0  0.0 0.0 0.0 0.0 0.0 0.0 0.0 0.0
attr_865    0.0   0.0 0.0 0.0 -1.0  0.0 0.0 0.0 0.0 0.0 0.0 0.0 0.0
attr_866    0.0   0.0 0.0 0.0 -1.0  0.0 0.0 0.0 0.0 0.0 0.0 0.0 0.0
attr_867    0.0   0.0 0.0 0.0 -1.0  0.0 0.0 0.0 0.0 0.0 0.0 0.0 0.0
attr_868    0.0   0.0 0.0 0.0 -1.0  0.0 0.0 0.0 0.0 0.0 0.0 0.0 0.0
attr_869    0.0   0.0 0.0 0.0 -1.0  0.0 0.0 0.0 0.0 0.0 0.0 0.0 0.0
attr_870    0.0   0.0 0.0 0.0 -1.0  0.0 0.0 0.0 0.0 0.0 0.0 0.0 0.0
attr_871    0.0   0.0 0.0 0.0 -1.0  0.0 0.0 0.0 0.0 0.0 0.0 0.0 0.0
attr_872    0.0   0.0 0.0 0.0 -1.0  0.0 0.0 0.0 0.0 0.0 0.0 0.0 0.0
attr_873    0.0   0.0 0.0 0.0 -1.0  0.0 0.0 0.0 0.0 0.0 0.0 0.0 0.0
attr_874    0.0   0.0 0.0 0.0 -1.0  0.0 0.0 0.0 0.0 0.0 0.0 0.0 0.0
attr_875    0.0   0.0 0.0 0.0 -1.0  0.0 0.0 0.0 0.0 0.0 0.0 0.0 0.0
attr_876    0.0   0.0 0.0 0.0 -1.0  0.0 0.0 0.0 0.0 0.0 0.0 0.0 0.0
attr_877    0.0   0.0 0.0 0.0 -1.0  0.0 0.0 0.0 0.0 0.0 0.0 0.0 0.0
