[1] "a20"

 1 
11 

 1 
82 

  -1    1 
   2 1394 
[1] "apoptosis"

 1 
11 

-1  1 
 2 80 

  -1    1 
  38 1358 
[1] "bclxl"

-1  1 
 5  6 

-1  1 
27 55 

 -1   1 
606 790 
[1] "bid"

-1  1 
 3  8 

-1  1 
23 59 

 -1   1 
403 993 
[1] "caspase"

 1 
11 

-1  1 
 2 80 

  -1    1 
  88 1308 
[1] "ceramide"

-1  1 
 7  4 

-1  1 
48 34 

  -1    1 
 213 1183 
[1] "creb"

 1 
11 

 1 
82 

  -1    1 
   2 1394 
[1] "ctla4"

 1 
11 

 1 
82 

   1 
1396 
[1] "cytoskeletonsignaling"

 1 
11 

 1 
82 

   1 
1396 
[1] "disc"

-1  1 
 1 10 

-1  1 
 9 73 

  -1    1 
  72 1324 
[1] "erk"

 1 
11 

 1 
82 

  -1    1 
   7 1389 
[1] "fas"

-1  1 
 1 10 

-1  1 
 5 77 

  -1    1 
 121 1275 
[1] "fasl"

 1 
11 

 1 
82 

   1 
1396 
[1] "fast"

 1 
11 

 1 
82 

  -1    1 
   5 1391 
[1] "flip"

-1  1 
 2  9 

-1  1 
 1 81 

  -1    1 
  76 1320 
[1] "fyn"

 1 
11 

 1 
82 

   1 
1396 
[1] "gap"

 1 
11 

-1  1 
 7 75 

  -1    1 
 323 1073 
[1] "gpcr"

 1 
11 

 1 
82 

  -1    1 
 139 1257 
[1] "grb2"

-1  1 
 1 10 

-1  1 
 1 81 

  -1    1 
  18 1378 
[1] "gzmb"

 1 
11 

 1 
82 

   1 
1396 
[1] "iap"

-1  1 
 3  8 

-1  1 
18 64 

  -1    1 
 354 1042 
[1] "ifng"

-1  1 
 3  8 

-1  1 
 3 79 

  -1    1 
 111 1285 
[1] "ifngt"

 1 
11 

 1 
82 

   1 
1396 
[1] "il2"

 1 
11 

-1  1 
 5 77 

  -1    1 
  90 1306 
[1] "il2ra"

 1 
11 

 1 
82 

  -1    1 
   7 1389 
[1] "il2rat"

 1 
11 

 1 
82 

   1 
1396 
[1] "il2rb"

 1 
11 

 1 
82 

   1 
1396 
[1] "il2rbt"

 1 
11 

 1 
82 

   1 
1396 
[1] "jak"

 1 
11 

 1 
82 

  -1    1 
  24 1372 
[1] "lck"

 1 
11 

-1  1 
11 71 

  -1    1 
 126 1270 
[1] "mcl1"

 1 
11 

 1 
82 

  -1    1 
  21 1375 
[1] "mek"

 1 
11 

-1  1 
 3 79 

  -1    1 
  55 1341 
[1] "nfat"

 1 
11 

 1 
82 

  -1    1 
   9 1387 
[1] "nfkb"

 1 
11 

 1 
82 

  -1    1 
   5 1391 
[1] "p2"

-1  1 
 3  8 

 1 
82 

  -1    1 
  13 1383 
[1] "p27"

 1 
11 

 1 
82 

  -1    1 
   9 1387 
[1] "pdgfr"

 1 
11 

 1 
82 

  -1    1 
 188 1208 
[1] "pi3k"

 1 
11 

 1 
82 

  -1    1 
  12 1384 
[1] "plcg1"

 1 
11 

 1 
82 

  -1    1 
   3 1393 
[1] "proliferation"

-1  1 
 6  5 

-1  1 
20 62 

  -1    1 
 342 1054 
[1] "rantes"

 1 
11 

 1 
82 

  -1    1 
   1 1395 
[1] "ras"

-1  1 
 2  9 

-1  1 
 4 78 

  -1    1 
  85 1311 
[1] "s1p"

 1 
11 

 1 
82 

  -1    1 
 299 1097 
[1] "sfas"

-1  1 
 2  9 

-1  1 
10 72 

 -1   1 
415 981 
[1] "smad"

 1 
11 

 1 
82 

  -1    1 
  71 1325 
[1] "socs"

-1  1 
 4  7 

-1  1 
32 50 

 -1   1 
528 868 
[1] "sphk1"

 1 
11 

 1 
82 

  -1    1 
 184 1212 
[1] "stat3"

 1 
11 

 1 
82 

  -1    1 
  14 1382 
[1] "tbet"

 1 
11 

 1 
82 

  -1    1 
   8 1388 
[1] "tcr"

-1  1 
 2  9 

-1  1 
23 59 

  -1    1 
 372 1024 
[1] "tnf"

 1 
11 

 1 
82 

  -1    1 
   5 1391 
[1] "tpl2"

 1 
11 

 1 
82 

  -1    1 
   1 1395 
[1] "tradd"

-1  1 
 5  6 

-1  1 
30 52 

 -1   1 
537 859 
[1] "zap70"

-1  1 
 1 10 

-1  1 
10 72 

  -1    1 
 184 1212 
[1] "il15"

 1 
11 

 1 
82 

   1 
1396 
[1] "stimuli"

 1 
11 

 1 
82 

   1 
1396 
[1] "cd45"

 0 
11 

 0 
82 

   0 
1396 
[1] "stimuli2"

 0 
11 

 0 
82 

   0 
1396 
[1] "pdgf"

 0 
11 

 0 
82 

   0 
1396 
[1] "tax"

 0 
11 

 0 
82 

   0 
1396 
