ID	Yes density per 1000bp	No density per 1000bp	Yes-No ratio	P-value
V$MIZ1_02	15.43030303030303	10.32258064516129	1.4948106060606061	3.466786822120768E-30
V$ZNF460_01	14.472727272727273	9.560117302052786	1.5138650306748465	5.5915111268061756E-30
V$ZNF219_01	14.0	9.3841642228739	1.4918749999999998	2.4704908744762467E-27
V$ZFP281_04	13.806060606060607	9.551738583996649	1.4453976608187136	1.8890621456654777E-23
V$ZNF341_01	11.684848484848485	8.198575617930457	1.4252290921478454	7.379945462274815E-19
V$MIZ1_01	7.721212121212121	5.006284038542104	1.5423040446304042	4.274112133291042E-18
V$ZFP281_06	9.624242424242425	6.568914956011731	1.4651190476190477	6.217631613065557E-18
V$MAZ_Q5	9.187878787878788	6.271470465018852	1.4650278334446671	3.394740759338348E-17
V$SP1_13	7.163636363636363	4.645999162128194	1.541893597835888	6.714614535275143E-17
V$SP5_03	6.412121212121212	4.067867616254714	1.5762856162032266	1.380323206688699E-16
V$SP1_03	6.96969696969697	4.59572685379137	1.5165603160133698	1.7640026298832614E-15
V$KLF15_Q2	5.503030303030303	3.5106828655215754	1.5675099443118534	3.3673370272687943E-14
V$ZNF740_01	6.387878787878788	4.227063259321324	1.5111859927320779	3.885072216584944E-14
V$SP1_09	4.957575757575758	3.104315039798911	1.5969950517318938	8.136313207699023E-14
V$SP1_Q4_01	5.078787878787879	3.2593213238374528	1.5582347900599829	5.812908701468089E-13
V$ZFP281_02	5.284848484848485	3.4645999162128196	1.525384925433293	2.0347563820838205E-12
V$MAZ_02	3.2606060606060607	1.8768328445747802	1.7372916666666667	2.142320024595988E-12
V$ZBP89_Q4	4.145454545454545	2.5596983661499793	1.6195090016366607	2.2192071394889046E-12
V$SP1_02	4.0	2.4591537494763305	1.6265758091993183	3.5829678013282436E-12
V$ZBP99_01	6.193939393939394	4.256388772517805	1.4552099737532809	8.07402233975344E-12
V$SP1_Q2_01	4.703030303030302	3.0498533724340176	1.5420512820512817	1.0959748064821262E-11
V$ZNF148_02	5.393939393939394	3.6363636363636362	1.4833333333333334	2.3631789876635226E-11
V$LMX1_01	1.806060606060606	0.8713866778382907	2.072628205128205	3.0019975290177093E-11
V$MAZ_03	4.109090909090909	2.6225387515710095	1.5668370607028757	5.176387208027773E-11
V$CKROX_Q2	5.175757575757576	3.485546711353163	1.484919871794872	5.237839922214496E-11
V$ZNF43_04	1.1515151515151514	0.4482614160033515	2.5688473520249215	5.438222053439799E-11
V$LHX3_01	2.278787878787879	1.2274821952241306	1.856473265073948	8.370593880913164E-11
V$SP1_08	4.848484848484849	3.2593213238374528	1.4875749785775494	1.7294059394730585E-10
V$LMX1B_01	1.7333333333333332	0.854629241726016	2.0281699346405224	2.1201263196825637E-10
V$DB1_02	4.957575757575758	3.368244658567239	1.4718573797678276	2.9933887083154963E-10
V$PROP1_02	1.7696969696969698	0.896522832006703	1.9739563862928349	5.232347630997873E-10
V$MAZ_04	3.9393939393939394	2.5722664432341853	1.5314875135722041	8.124206403523173E-10
V$LHX3A_01	3.0424242424242425	1.864264767490574	1.6319700374531836	9.4918545186566E-10
V$ZNF799_01	3.612121212121212	2.3209049015500627	1.5563417569193743	1.1724587840014604E-9
V$ETF_Q6_01	3.1878787878787875	1.9899455383326354	1.6019929824561399	1.4356399651986342E-9
V$MAZ_Q6	5.127272727272727	3.569333891914537	1.4364788732394365	1.5248102166875172E-9
V$OSX_Q3	2.981818181818182	1.8307498952660244	1.6287414187643021	1.5735212814939755E-9
V$UNCX41_01	1.806060606060606	0.9509844993715961	1.8991483113069014	2.313523052555037E-9
V$LIM1_01	1.5151515151515151	0.7498952660242982	2.02048417132216	3.2135922449061248E-9
V$ZIC1_04	2.824242424242424	1.7302052785923754	1.6323163841807908	3.5912392806864203E-9
V$LMX1A_02	1.2242424242424244	0.5529953917050692	2.2138383838383837	3.766610195690006E-9
V$OTP_01	1.9636363636363636	1.0766652702136572	1.8238132295719847	3.856889678451603E-9
V$PATZ1_02	2.7393939393939397	1.6673648931713447	1.6429480737018427	4.0581276298754766E-9
V$WT1_02	4.109090909090909	2.7649769585253456	1.4861212121212122	4.186542109592453E-9
V$OCT1_08	1.309090909090909	0.6158357771260997	2.125714285714286	5.332418614424149E-9
V$HOXA4_01	1.4303030303030302	0.6996229576874738	2.04439121756487	5.3785888926903135E-9
V$SP1_12	1.393939393939394	0.6744868035190615	2.066666666666667	5.419398579551865E-9
V$ZNF714_02	2.1333333333333333	1.210724759111856	1.7620299884659745	5.449911711648309E-9
V$MAZR_01	3.2363636363636363	2.0695433598659405	1.5638056680161943	5.8153886729781726E-9
V$ALX4_02	0.9696969696969697	0.3937997486384583	2.4624113475177305	6.1772901373446E-9
V$ALX4_03	0.9696969696969697	0.3937997486384583	2.4624113475177305	6.1772901373446E-9
V$ZIC3_04	3.0303030303030303	1.9229157938835357	1.5758896151053015	1.0425829615453255E-8
V$PSX1_01	1.503030303030303	0.7666527021365731	1.9605100182149362	1.2960001922431405E-8
V$PATZ1_03	3.066666666666667	1.960620025136154	1.5641310541310542	1.395686963342286E-8
V$ZNF180_02	4.278787878787878	2.9534981147884376	1.4487186761229311	1.6096808946358764E-8
V$ZFP641_02	3.2848484848484847	2.140762463343109	1.534429223744292	1.6483285870385203E-8
V$ZNF341_03	3.5272727272727273	2.3376623376623376	1.508888888888889	1.6840385424041847E-8
V$SP1_14	1.696969696969697	0.9132802681189778	1.8581039755351683	1.8173906337735532E-8
V$ESX1_01	0.9454545454545454	0.3937997486384583	2.4008510638297875	1.9979585841220833E-8
V$ARX_01	1.0181818181818183	0.4440720569752828	2.2928301886792455	2.4739347380926322E-8
V$SP4_06	1.503030303030303	0.7792207792207793	1.9288888888888887	2.5189879810679227E-8
V$ZFP641_01	2.2545454545454544	1.3405948889819856	1.68175	2.5977598493778896E-8
V$WT1_Q6	6.109090909090909	4.549643904482615	1.3427624309392263	4.632679893354271E-8
V$WT1_03	2.9575757575757575	1.9145370758273985	1.544799416484318	5.348948445692588E-8
V$PAX7_01	0.993939393939394	0.4398826979472141	2.2595555555555555	5.580808953745957E-8
V$ZAC_02	2.981818181818182	1.935483870967742	1.5406060606060605	5.6048784300769506E-8
V$TFDP1_03	3.6606060606060606	2.488479262672811	1.4710213243546577	5.650198402108539E-8
V$ZNF782_03	2.690909090909091	1.705069124423963	1.5781818181818181	6.019897636230777E-8
V$E2F3_06	3.0303030303030303	1.9899455383326354	1.5228070175438593	9.070634271670371E-8
V$E2F7_02	2.4	1.4872224549643904	1.6137464788732394	9.155535362545772E-8
V$E2F7_03	2.4	1.4872224549643904	1.6137464788732394	9.155535362545772E-8
V$LHX5_01	1.5393939393939393	0.8336824465856724	1.8464991624790619	1.0262383255766185E-7
V$PIT1_01	1.2	0.5906996229576875	2.0314893617021275	1.0594215840204427E-7
V$SP5_Q2	2.63030303030303	1.6757436112274822	1.5696333333333332	1.137626931919376E-7
V$CART1_02	0.7757575757575758	0.3100125680770842	2.502342342342342	1.2836511973031811E-7
V$MZF1_Q5_01	1.2242424242424244	0.611646418098031	2.0015525114155253	1.3228524588936838E-7
V$BTEB2_02	1.2121212121212122	0.6074570590699623	1.9954022988505749	1.68634751100881E-7
V$CART1_03	0.8848484848484849	0.3854210305823209	2.2957971014492755	1.8760599151600113E-7
V$GKLF_05	1.7212121212121212	0.9844993715961458	1.7483120567375887	2.0705558709687964E-7
V$WT1_01	2.715151515151515	1.763720150816925	1.53944576405384	2.188070556697735E-7
V$EZI_07	2.4484848484848487	1.5542521994134897	1.5753459119496858	2.487407084735166E-7
V$E2F4_11	2.2303030303030305	1.3824884792626728	1.6132525252525254	2.554326004221704E-7
V$OCTAMER_02	0.9333333333333333	0.42312526183493926	2.205808580858086	2.7190844153539355E-7
V$ZAC_01	2.9212121212121214	1.9438625890238794	1.502787356321839	3.295891064652471E-7
V$POU6F1_07	1.1151515151515152	0.5529953917050692	2.0165656565656565	3.6596338689536457E-7
V$NKX63_01	1.0545454545454545	0.5111018014243821	2.0632786885245897	3.751273268879355E-7
V$POU4F3_02	1.5151515151515151	0.8462505236698785	1.7904290429042904	4.2591996376817663E-7
V$SHOX2_01	0.8727272727272727	0.38961038961038963	2.2399999999999998	4.3367938565485324E-7
V$ZNF404_03	1.3818181818181818	0.7498952660242982	1.84268156424581	4.7560108546913064E-7
V$BCL6B_04	1.2484848484848485	0.6535400083787181	1.9103418803418803	4.943210768805052E-7
V$HOXB4_01	0.8	0.34352744030163385	2.3287804878048783	4.953302976875423E-7
V$E2F4_12	2.327272727272727	1.478843736908253	1.5737110481586403	5.064392957953455E-7
V$ZFP575_01	1.9636363636363636	1.193967322999581	1.6446315789473684	5.339004663711751E-7
V$ZIC2_04	1.9515151515151516	1.1855886049434436	1.6460306242638398	5.555206058005861E-7
V$SP2_09	1.987878787878788	1.2149141181399246	1.6362298850574715	5.765060778220811E-7
V$EMX2_01	1.0666666666666667	0.5278592375366569	2.0207407407407407	6.065428602035389E-7
V$PMX2B_01	1.0303030303030303	0.5027230833682447	2.049444444444444	6.167399683917791E-7
V$ZNF257_04	1.9636363636363636	1.1981566820276497	1.638881118881119	6.246616858621992E-7
V$KLF14_03	2.2181818181818183	1.3992459153749477	1.5852694610778444	6.445000150622022E-7
V$TFAP2CETV7_01	2.5818181818181816	1.692501047339757	1.5254455445544552	6.873278164090162E-7
V$ZNF208_07	1.8181818181818181	1.0892333472978635	1.669230769230769	7.271588833126736E-7
V$IPF1_01	2.012121212121212	1.2442396313364055	1.617149270482604	8.426920939667409E-7
V$VSX1_01	0.8	0.3519061583577713	2.2733333333333334	8.920556524200351E-7
V$SP2_Q3_01	1.2606060606060605	0.6744868035190615	1.8689855072463768	9.116873796131831E-7
V$MSX2_Q6	0.593939393939394	0.2220360284876414	2.6749685534591197	1.0053086019755299E-6
V$ZNF580_01	1.8909090909090909	1.1562630917469627	1.6353623188405797	1.0862163119542091E-6
V$ZNF580_02	1.8909090909090909	1.1562630917469627	1.6353623188405797	1.0862163119542091E-6
V$ZNF575_01	2.2666666666666666	1.453707582739841	1.5592315081652255	1.100167002297117E-6
V$ZNF57_03	1.3818181818181818	0.7708420611646418	1.7926086956521738	1.265597733595156E-6
V$S8_02	0.8848484848484849	0.4147465437788018	2.1334680134680135	1.3026614209220748E-6
V$NKX61_03	0.9818181818181818	0.48177628822790114	2.0379130434782606	1.303311793654145E-6
V$AIOLOS_01	2.193939393939394	1.4034352744030163	1.5632636815920398	1.4274483928505798E-6
V$PAX4_05	0.7636363636363637	0.3351487222454964	2.2785	1.4764238247076007E-6
V$LHX9_01	1.090909090909091	0.5613741097612065	1.9432835820895527	1.4894504213270842E-6
V$BTEB1_03	1.8666666666666667	1.1478843736908253	1.6261800486618005	1.6055642740029537E-6
V$NKX61_07	0.6909090909090909	0.2890657729367407	2.390144927536232	1.6370386000433789E-6
V$AP2REP_03	0.8363636363636364	0.3854210305823209	2.17	1.6417565714933702E-6
V$DLX3_01	0.30303030303030304	0.06702974444909929	4.520833333333333	1.965001122060509E-6
V$NFAT2_02	0.46060606060606063	0.1508169250104734	3.0540740740740744	2.0862871307671844E-6
V$ZNF66_02	1.7333333333333332	1.0515291160452451	1.6483930942895084	2.1395811636465163E-6
V$KLF7_03	0.9333333333333333	0.4566401340594889	2.0439143730886853	2.1621425125604386E-6
V$LHX2_02	0.6909090909090909	0.2932551319648094	2.356	2.2284968333712323E-6
V$HOXB7_01	0.5696969696969697	0.21784666945957268	2.6151282051282054	2.5103218348217292E-6
V$SP4_07	1.2121212121212122	0.6619187264348555	1.8312236286919832	2.7806050988310517E-6
V$ZBTB11_03	0.8484848484848485	0.4021784666945957	2.1097222222222225	2.7972621459352193E-6
V$HOXA3_02	0.6909090909090909	0.29744449099287806	2.322816901408451	3.014720901077978E-6
V$HOXC6_01	0.703030303030303	0.3058232090490155	2.2988127853881277	3.105530061220137E-6
V$ZNF208_06	2.084848484848485	1.3405948889819856	1.5551666666666668	3.202740633818547E-6
V$HB9_01	0.7272727272727272	0.3225806451612903	2.2545454545454544	3.263948681873663E-6
V$DLX1_01	0.6303030303030303	0.2597402597402597	2.4266666666666667	3.3860043783974082E-6
V$KLF3_Q3_01	0.5090909090909091	0.18433179723502305	2.761818181818182	3.389383439267381E-6
V$NOTO_01	1.103030303030303	0.5865102639296188	1.8806666666666665	3.4704494493060067E-6
V$MAZ_Q6_01	0.9333333333333333	0.4650188521156263	2.007087087087087	3.494407209390476E-6
V$HOXC4_01	0.8	0.3728529534981148	2.1456179775280897	3.555528483794861E-6
V$BRN3C_01	1.4666666666666668	0.8588186007540847	1.7077723577235773	3.5637248239976E-6
V$EKLF_02	0.8363636363636364	0.397989107666527	2.1014736842105264	3.6057397430696705E-6
V$GSX1_01	0.6666666666666666	0.28487641390867197	2.3401960784313727	3.815923355953797E-6
V$IPF1_03	0.6666666666666666	0.28487641390867197	2.3401960784313727	3.815923355953797E-6
V$SP2_Q3	1.2727272727272727	0.7163803937997486	1.776608187134503	4.292147179111703E-6
V$SP4_08	1.1636363636363636	0.6367825722664432	1.8273684210526315	4.611152176958435E-6
V$HOXA1_01	0.6303030303030303	0.26392961876832843	2.388148148148148	4.641112585047147E-6
V$BTEB2_03	0.46060606060606063	0.1591956430666108	2.8933333333333335	4.789158568290672E-6
V$ALX1_05	0.6545454545454545	0.28068705488060325	2.3319402985074626	4.99220172545774E-6
V$HNF1A_03	0.19393939393939394	0.025136154168412233	7.7155555555555555	5.116473094064646E-6
V$LHX6_08	0.6909090909090909	0.3058232090490155	2.259178082191781	5.417540523393352E-6
V$HOXD9_02	0.7151515151515151	0.3225806451612903	2.216969696969697	5.632327616343222E-6
V$SP2_08	1.0666666666666667	0.5697528278173439	1.872156862745098	5.644890563904111E-6
V$LHX61_01	0.7272727272727272	0.33095936321742775	2.1974683544303795	5.7194275560803125E-6
V$EKLF_01	0.896969696969697	0.4482614160033515	2.000996884735202	5.762983162944302E-6
V$ALX3_03	0.7757575757575758	0.3644742354419774	2.1284291187739464	5.93979465409076E-6
V$GSH2_01	0.6181818181818182	0.2597402597402597	2.3800000000000003	6.0864687338644455E-6
V$OCT1_03	1.1151515151515152	0.6074570590699623	1.835770114942529	6.268773864719505E-6
V$MNX1_02	0.6303030303030303	0.26811897779639715	2.350833333333333	6.3171199235584975E-6
V$HOXA10_01	0.4121212121212121	0.13405948889819858	3.0741666666666667	6.443309884174052E-6
V$DLX1_03	0.6424242424242425	0.2764976958525346	2.3234343434343434	6.529973984678984E-6
V$DLX1_05	0.6424242424242425	0.2764976958525346	2.3234343434343434	6.529973984678984E-6
V$EMX1_01	0.6424242424242425	0.2764976958525346	2.3234343434343434	6.529973984678984E-6
V$HOXA2_03	0.6424242424242425	0.2764976958525346	2.3234343434343434	6.529973984678984E-6
V$HOXD12_03	0.6545454545454545	0.28487641390867197	2.2976470588235296	6.7246468550205035E-6
V$PMX2A_01	0.6545454545454545	0.28487641390867197	2.2976470588235296	6.7246468550205035E-6
V$ALX3_01	0.6909090909090909	0.3100125680770842	2.2286486486486488	7.198413446958988E-6
V$SP1_Q3	1.1272727272727272	0.6200251361541684	1.8181081081081079	7.441290301630804E-6
V$SP1_01	1.0303030303030303	0.5488060326770005	1.8773536895674299	7.453277722458484E-6
V$EMX1_04	0.6424242424242425	0.28068705488060325	2.288756218905473	8.782772524413991E-6
V$EMX2_03	0.6424242424242425	0.28068705488060325	2.288756218905473	8.782772524413991E-6
V$EVX1_01	0.6424242424242425	0.28068705488060325	2.288756218905473	8.782772524413991E-6
V$K2B_01	0.9212121212121213	0.4733975701717637	1.945958702064897	8.889506494144683E-6
V$VAX2_01	0.6545454545454545	0.2890657729367407	2.2643478260869565	9.001039158639446E-6
V$HOXC5_01	0.6666666666666666	0.29744449099287806	2.2413145539906103	9.194795733646762E-6
V$LHX6_05	0.6787878787878787	0.3058232090490155	2.2195433789954335	9.364320172821786E-6
V$TIEG1_03	1.6606060606060606	1.0347716799329703	1.604804318488529	9.40844381975253E-6
V$BTEB1_02	0.8484848484848485	0.42312526183493926	2.0052805280528054	9.605973209185114E-6
V$NFKB2_01	0.8	0.38961038961038963	2.0533333333333332	9.875332237428459E-6
V$HOXA7_03	0.5818181818181818	0.24298282362798493	2.3944827586206894	1.0065027271415675E-5
V$DLX2_01	0.20606060606060606	0.033514872224549644	6.148333333333333	1.0898869927077432E-5
V$RAX_01	0.9090909090909091	0.46920821114369504	1.9374999999999998	1.1298988127187134E-5
V$BRN4_01	0.4727272727272727	0.17595307917888564	2.6866666666666665	1.1438906225970728E-5
V$KLF3_01	0.4727272727272727	0.17595307917888564	2.6866666666666665	1.1438906225970728E-5
V$KLF3_02	0.4727272727272727	0.17595307917888564	2.6866666666666665	1.1438906225970728E-5
V$HOXA1_03	0.6303030303030303	0.2764976958525346	2.279595959595959	1.1468209278895889E-5
V$HOXA3_08	0.6303030303030303	0.2764976958525346	2.279595959595959	1.1468209278895889E-5
V$HOXB2_01	0.6303030303030303	0.2764976958525346	2.279595959595959	1.1468209278895889E-5
V$HOXD3_03	0.6303030303030303	0.2764976958525346	2.279595959595959	1.1468209278895889E-5
V$LHX4_03	0.6303030303030303	0.2764976958525346	2.279595959595959	1.1468209278895889E-5
V$LHX8_04	0.6303030303030303	0.2764976958525346	2.279595959595959	1.1468209278895889E-5
V$MEOX1_02	0.6303030303030303	0.2764976958525346	2.279595959595959	1.1468209278895889E-5
V$PDX1_06	0.6303030303030303	0.2764976958525346	2.279595959595959	1.1468209278895889E-5
V$VAX1_03	0.6303030303030303	0.2764976958525346	2.279595959595959	1.1468209278895889E-5
V$HOXC8_01	0.30303030303030304	0.0795978215333054	3.8070175438596494	1.1581165585022175E-5
V$NFE4_Q5	1.490909090909091	0.9090909090909091	1.6400000000000001	1.2354590624482074E-5
V$SP1_05	0.787878787878788	0.3854210305823209	2.044202898550725	1.2683543203456581E-5
V$EN2_01	0.7757575757575758	0.3770423125261835	2.0574814814814815	1.2740016989105215E-5
V$GSX2_02	0.7636363636363637	0.3686635944700461	2.0713636363636363	1.2776328481044757E-5
V$STAT5ASTAT5B_01	1.3575757575757574	0.8085462924172602	1.679032815198618	1.3802877780602332E-5
V$DLX3_02	0.4484848484848485	0.16338500209467952	2.744957264957265	1.3850722690201475E-5
V$GKLF_04	1.090909090909091	0.6074570590699623	1.7958620689655176	1.4565171153082072E-5
V$HOXD8_01	0.8363636363636364	0.42312526183493926	1.9766336633663368	1.550530210295568E-5
V$ZNF860_02	1.6727272727272728	1.0599078341013826	1.5781818181818181	1.6219249801738934E-5
V$LHX2_01	0.7515151515151515	0.3644742354419774	2.0619157088122604	1.643897195684926E-5
V$NFATC1_03	0.7515151515151515	0.3644742354419774	2.0619157088122604	1.643897195684926E-5
V$LBX1_02	1.103030303030303	0.6200251361541684	1.779009009009009	1.7090304015734425E-5
V$HOXB3_01	0.8606060606060606	0.4440720569752828	1.9379874213836477	1.8881083405104208E-5
V$BTEB3_01	1.6606060606060606	1.0557184750733137	1.5729629629629631	1.95514345967436E-5
V$SP9_01	1.6606060606060606	1.0557184750733137	1.5729629629629631	1.95514345967436E-5
V$DBX2_01	0.4	0.1382488479262673	2.893333333333333	1.9730332159761697E-5
V$SP8_01	0.2787878787878788	0.07121910347716799	3.914509803921569	1.981286625652664E-5
V$HOXA7_02	0.6181818181818182	0.2764976958525346	2.2357575757575754	1.994077014157895E-5
V$ZNF341_02	1.6848484848484848	1.0766652702136572	1.5648767833981843	2.0646851899523026E-5
V$SP5_02	1.5515151515151515	0.9719312945119397	1.5963218390804597	2.1552265799602817E-5
V$BTEB3_02	1.0545454545454545	0.5906996229576875	1.7852482269503542	2.3419558727608725E-5
V$E2F1_12	1.0545454545454545	0.5906996229576875	1.7852482269503542	2.3419558727608725E-5
V$HNF1B_06	0.26666666666666666	0.06702974444909929	3.9783333333333335	2.586560447942206E-5
V$LHX2_05	1.406060606060606	0.8630079597821533	1.6292556634304207	2.6342142354878437E-5
V$SP1_10	1.006060606060606	0.5571847507331378	1.8056140350877194	2.6441393885548445E-5
V$TIEG1_01	1.575757575757576	0.9970674486803519	1.5803921568627453	2.6505714289136483E-5
V$TST1_02	0.43636363636363634	0.16338500209467952	2.670769230769231	2.6614809871663574E-5
V$KLF7_07	0.7393939393939394	0.3644742354419774	2.0286590038314176	2.6993518200390798E-5
V$P63_01	0.5090909090909091	0.20946795140343527	2.4304	2.755358996222471E-5
V$IK3_01	1.6	1.0180142438206954	1.5716872427983541	2.8050842020126378E-5
V$ZNF425_04	0.8727272727272727	0.4608294930875576	1.8938181818181816	2.8667754664474587E-5
V$HOXD10_Q2	1.987878787878788	1.3322161709258484	1.4921593291404611	2.871993905871024E-5
V$SP2_01	0.9575757575757575	0.5236698785085881	1.8285866666666668	2.964292667083258E-5
V$HOXA6_03	1.6606060606060606	1.06828655215752	1.554457516339869	2.983079212980567E-5
V$SP1_Q6_01	1.0181818181818183	0.5697528278173439	1.787058823529412	3.111479845122357E-5
V$MEOX2_01	0.5696969696969697	0.25136154168412234	2.2664444444444443	3.256929173837083E-5
V$HOXD1_01	0.5818181818181818	0.2597402597402597	2.24	3.3254095840499386E-5
V$RXRA_13	1.7696969696969698	1.1604524507750313	1.5250060168471722	3.427953444000023E-5
V$CPBP_03	0.6909090909090909	0.3351487222454964	2.0615	3.526802378483939E-5
V$SP4_05	1.0303030303030303	0.5823209049015501	1.769304556354916	3.641890988460202E-5
V$POU6F2_03	1.3818181818181818	0.854629241726016	1.616862745098039	3.9004428961896705E-5
V$SP2_07	0.993939393939394	0.5571847507331378	1.7838596491228074	4.008560381403088E-5
V$ZNF658B_04	1.4545454545454544	0.9132802681189778	1.5926605504587155	4.083356519354815E-5
V$HOXC12_03	0.3515151515151515	0.11730205278592376	2.9966666666666666	4.084624979242395E-5
V$SP1_Q6	1.2242424242424244	0.7331378299120235	1.6698666666666668	4.111127174980996E-5
V$UNCX_03	0.7636363636363637	0.38961038961038963	1.96	4.223183099766582E-5
V$GBX2_03	0.2909090909090909	0.0837871805613741	3.472	4.317400799019579E-5
V$HOXB6_01	0.2909090909090909	0.0837871805613741	3.472	4.317400799019579E-5
V$ZNF780A_03	0.2909090909090909	0.0837871805613741	3.472	4.317400799019579E-5
V$HOXB5_03	0.5696969696969697	0.25555090071219105	2.2292896174863386	4.336312432520829E-5
V$ZFP740_03	0.5696969696969697	0.25555090071219105	2.2292896174863386	4.336312432520829E-5
V$POU6F2_02	0.9575757575757575	0.5320485965647256	1.799790026246719	4.3965654386326935E-5
V$HOXB3_03	0.593939393939394	0.27230833682446587	2.1811282051282053	4.4614443412791656E-5
V$GC_01	0.6060606060606061	0.28068705488060325	2.1592039800995027	4.504989940768028E-5
V$NKX12_01	0.6303030303030303	0.29744449099287806	2.1190610328638497	4.557010857695004E-5
V$BTEB1_01	1.503030303030303	0.9551738583996648	1.5735672514619883	4.5928506041763483E-5
V$KLF14_02	1.503030303030303	0.9551738583996648	1.5735672514619883	4.5928506041763483E-5
V$E2F4_Q6	1.3212121212121213	0.8127356514453289	1.6256357388316152	4.807560576148755E-5
V$MIXA_01	1.1151515151515152	0.6535400083787181	1.7063247863247863	4.896679703721906E-5
V$GKLF_03	0.9090909090909091	0.49853372434017595	1.8235294117647058	4.941412486968447E-5
V$HB24_01	0.9090909090909091	0.49853372434017595	1.8235294117647058	4.941412486968447E-5
V$BTEB3_Q5	1.2	0.7205697528278173	1.6653488372093024	5.246223844820541E-5
V$NKX62_01	0.7515151515151515	0.3854210305823209	1.949855072463768	5.3841240179356406E-5
V$MEOX2_04	0.5333333333333333	0.23460410557184752	2.273333333333333	5.4367032960080496E-5
V$GKLF_02	0.5575757575757576	0.25136154168412234	2.2182222222222223	5.6526892147901365E-5
V$MSX1_02	0.3878787878787879	0.14243820695433598	2.723137254901961	5.704341634954608E-5
V$LHX2_Q6	0.5818181818181818	0.26811897779639715	2.17	5.7974063018009496E-5
V$STAT3_11	1.6848484848484848	1.110180142438207	1.517635220125786	6.119290869230667E-5
V$FKLF_01	1.575757575757576	1.0222036028487642	1.5415300546448087	6.15722374836335E-5
V$ASCL2_04	0.787878787878788	0.4147465437788018	1.8996632996632998	6.347115066350579E-5
V$KLF3_Q3	0.787878787878788	0.4147465437788018	1.8996632996632998	6.347115066350579E-5
V$OSX_02	0.8848484848484849	0.48596564725596986	1.8208045977011493	6.38251401338617E-5
V$HOXA6_01	0.4121212121212121	0.1591956430666108	2.5887719298245617	6.686425483786112E-5
V$ISX_04	0.8484848484848485	0.4608294930875576	1.8412121212121213	6.935078251996308E-5
V$VAX2_03	0.5090909090909091	0.2220360284876414	2.2928301886792455	6.941958500286408E-5
V$EGR4_02	0.2909090909090909	0.08797653958944282	3.306666666666666	7.000628496877653E-5
V$HOXB5_01	0.5212121212121212	0.2304147465437788	2.262060606060606	7.108382747781192E-5
V$DBX1_01	1.0424242424242425	0.6074570590699623	1.7160459770114944	7.275484004361414E-5
V$MIXL1_01	0.5696969696969697	0.26392961876832843	2.1585185185185187	7.530179923638866E-5
V$EN1_07	0.5818181818181818	0.27230833682446587	2.1366153846153844	7.579875892926174E-5
V$NKX61_02	0.6181818181818182	0.29744449099287806	2.07830985915493	7.614502787528111E-5
V$BTEB2_Q3_01	0.8848484848484849	0.4901550062840385	1.8052421652421653	7.775273850718528E-5
V$HOXC10_07	0.4484848484848485	0.18433179723502305	2.433030303030303	7.92887651252516E-5
V$HOXD13_05	0.9333333333333333	0.5278592375366569	1.7681481481481482	8.304077047765447E-5
V$VAX1_01	0.4727272727272727	0.20108923334729786	2.350833333333333	8.581418161336358E-5
V$RAX2_01	1.2121212121212122	0.7457059069962296	1.6254681647940075	9.558806854548677E-5
V$RAX_03	1.2121212121212122	0.7457059069962296	1.6254681647940075	9.558806854548677E-5
V$SHOX2_04	1.1636363636363636	0.7080016757436113	1.643550295857988	9.634337809758171E-5
V$ZNF276_02	0.6424242424242425	0.3183912861332216	2.0177192982456145	9.638800858836851E-5
V$EVX2_03	0.5575757575757576	0.2597402597402597	2.146666666666667	9.776403951570777E-5
V$SP5_01	1.4303030303030302	0.9216589861751152	1.5518787878787876	1.0542378135144921E-4
V$SP8_02	1.4303030303030302	0.9216589861751152	1.5518787878787876	1.0542378135144921E-4
V$PRRX1_02	1.2121212121212122	0.7498952660242982	1.6163873370577282	1.1161058103737624E-4
V$EVX1_03	0.46060606060606063	0.19689987431922915	2.339290780141844	1.1274981933660843E-4
V$STAT6_Q4	0.4727272727272727	0.20527859237536658	2.3028571428571425	1.161126520378026E-4
V$HOXD11_04	0.3878787878787879	0.1508169250104734	2.571851851851852	1.1746048856816622E-4
V$SP4_Q5	0.3878787878787879	0.1508169250104734	2.571851851851852	1.1746048856816622E-4
V$ZFP202_02	0.9333333333333333	0.5362379555927943	1.7405208333333333	1.2018489327894898E-4
V$SHOX_01	0.9090909090909091	0.5194805194805194	1.75	1.2884221140504193E-4
V$OSX_01	0.896969696969697	0.5111018014243821	1.7549726775956282	1.333344517134239E-4
V$POU4F2_01	0.8	0.4398826979472141	1.8186666666666669	1.4188255416536325E-4
V$MATH1_01	0.4484848484848485	0.19271051529116046	2.327246376811594	1.4812268236188105E-4
V$MATH1_02	0.4484848484848485	0.19271051529116046	2.327246376811594	1.4812268236188105E-4
V$ZFP14_02	0.12121212121212122	0.012568077084206116	9.644444444444444	1.6132745057636532E-4
V$CDX2_01	0.593939393939394	0.2932551319648094	2.025333333333333	1.619759973118009E-4
V$NFKB1_04	0.5333333333333333	0.25136154168412234	2.1217777777777775	1.6454478305848077E-4
V$NFKB1_05	0.5333333333333333	0.25136154168412234	2.1217777777777775	1.6454478305848077E-4
V$TFAP2CHES7_02	1.187878787878788	0.7415165479681609	1.6019585687382298	1.649405927393488E-4
V$ZNF226_01	1.2242424242424244	0.7708420611646418	1.5881884057971016	1.681196667143569E-4
V$GBX1_03	0.993939393939394	0.5906996229576875	1.6826477541371159	1.6894294959790687E-4
V$ZBTB11_02	0.993939393939394	0.5906996229576875	1.6826477541371159	1.6894294959790687E-4
V$DLX7_01	0.2909090909090909	0.09635525764558023	3.0191304347826087	1.714156374112717E-4
V$HOX13_02	0.23030303030303031	0.06284038542103058	3.664888888888889	1.7526138878459397E-4
V$GCM2E2F8_01	0.9818181818181818	0.5823209049015501	1.6860431654676258	1.7565509329038067E-4
V$ESX1_03	1.0303030303030303	0.6200251361541684	1.6617117117117115	1.7724377413636737E-4
V$SP1_Q2_02	0.896969696969697	0.5194805194805194	1.7266666666666668	1.9199641133180482E-4
V$NGN2_Q3	0.16969696969696968	0.033514872224549644	5.063333333333333	1.9672904663921339E-4
V$LHX2_04	0.8121212121212121	0.4566401340594889	1.7784709480122325	2.0320612295981778E-4
V$ZFP740_05	0.46060606060606063	0.20527859237536658	2.243809523809524	2.0377622477839362E-4
V$HESX1_01	0.9818181818181818	0.5865102639296188	1.674	2.079807187716827E-4
V$CPHX_01	0.5333333333333333	0.25555090071219105	2.0869945355191253	2.132622280326631E-4
V$KLF8_01	1.0181818181818183	0.6158357771260997	1.6533333333333335	2.1744749740502007E-4
V$POU4F1_01	0.24242424242424243	0.07121910347716799	3.4039215686274513	2.188220401254252E-4
V$ZNF236_01	0.24242424242424243	0.07121910347716799	3.4039215686274513	2.188220401254252E-4
V$MOX1_01	0.19393939393939394	0.04608294930875576	4.208484848484848	2.2767606079465233E-4
V$PBX4_01	0.896969696969697	0.5236698785085881	1.7128533333333336	2.2938369768848202E-4
V$ZNF641_01	1.090909090909091	0.6744868035190615	1.6173913043478263	2.325030705562974E-4
V$KLF15_03	0.32727272727272727	0.12149141181399246	2.6937931034482756	2.373339509626734E-4
V$ZNF180_03	0.32727272727272727	0.12149141181399246	2.6937931034482756	2.373339509626734E-4
V$ZAC_04	0.6424242424242425	0.3351487222454964	1.9168333333333336	2.4262917597057552E-4
V$HOXC11_04	0.6060606060606061	0.3100125680770842	1.954954954954955	2.5639777554327305E-4
V$IPF1_06	0.2545454545454546	0.0795978215333054	3.197894736842106	2.6267134205153626E-4
V$CPEB1_01	0.5090909090909091	0.24298282362798493	2.0951724137931036	2.7633797512191126E-4
V$LBX2_01	0.5090909090909091	0.24298282362798493	2.0951724137931036	2.7633797512191126E-4
V$EBF1_03	1.0303030303030303	0.6325932132383745	1.6286975717439294	2.874630251517671E-4
V$LBX2_04	1.0303030303030303	0.6325932132383745	1.6286975717439294	2.874630251517671E-4
V$ESR1_03	0.26666666666666666	0.08797653958944282	3.031111111111111	3.0563942043216886E-4
V$OG2_01	0.9575757575757575	0.5781315458734814	1.6563285024154588	3.141051645668367E-4
V$EHF_07	0.896969696969697	0.5320485965647256	1.6858792650918635	3.2462083544743093E-4
V$GBX2_04	0.993939393939394	0.6074570590699623	1.6362298850574715	3.2613410996262186E-4
V$POU3F3_04	0.4	0.17176372015081692	2.3287804878048783	3.267029132351712E-4
V$LHX3b_01	0.6909090909090909	0.3770423125261835	1.8324444444444445	3.35915575527605E-4
V$HOXD3_01	0.24242424242424243	0.0754084625052367	3.2148148148148152	3.507246653787519E-4
V$ZFP3_02	0.5090909090909091	0.24717218265605362	2.059661016949153	3.564284056633421E-4
V$NFKB2_02	0.6424242424242425	0.34352744030163385	1.8700813008130082	3.7384063160845766E-4
V$NFKB2_03	0.6424242424242425	0.34352744030163385	1.8700813008130082	3.7384063160845766E-4
V$ZNF546_01	0.16969696969696968	0.03770423125261835	4.50074074074074	3.8375979845939713E-4
V$STAT3_10	0.8363636363636364	0.4901550062840385	1.7063247863247866	3.937732767119545E-4
V$IPF1_Q5_01	0.7636363636363637	0.43569333891914536	1.7526923076923078	4.092459351006026E-4
V$AP4_Q6	0.6787878787878787	0.3728529534981148	1.820524344569288	4.2320253945723444E-4
V$ZNF225_02	0.3878787878787879	0.1675743611227482	2.3146666666666667	4.298808146529251E-4
V$AIOLOS_03	0.6666666666666666	0.3644742354419774	1.8291187739463601	4.357166227316858E-4
V$ATOH1_03	0.8	0.4650188521156263	1.7203603603603603	4.407918435609323E-4
V$ZNF816A_05	0.4121212121212121	0.18433179723502305	2.235757575757576	4.490776088927067E-4
V$ZFP3_04	0.5212121212121212	0.2597402597402597	2.006666666666667	4.5197770381106845E-4
V$DLX6_01	0.9454545454545454	0.5781315458734814	1.6353623188405797	4.526249127435153E-4
V$LMX1B_03	0.496969696969697	0.24298282362798493	2.0452873563218392	4.603110308058784E-4
V$LHX4_01	0.6424242424242425	0.34771679932970256	1.847550200803213	4.6081929624294555E-4
V$EN1_09	0.48484848484848486	0.23460410557184752	2.0666666666666664	4.6293740471607523E-4
V$NKX62_Q2	0.4484848484848485	0.20946795140343527	2.1410666666666667	4.631668885690014E-4
V$EN1_02	0.46060606060606063	0.21784666945957268	2.1143589743589746	4.6449684487080695E-4
V$OLIG2_02	0.23030303030303031	0.07121910347716799	3.2337254901960786	4.686527386530006E-4
V$ZBTB8B_01	0.8363636363636364	0.49434436531210724	1.691864406779661	4.686650563740921E-4
V$ZNF563_02	0.9333333333333333	0.5697528278173439	1.6381372549019608	4.720800892466274E-4
V$PAX6_02	0.7757575757575758	0.4482614160033515	1.7305919003115264	4.7449598130905926E-4
V$E2F4_09	0.32727272727272727	0.12987012987012986	2.52	4.829792904466652E-4
V$LEF1_Q3	0.15757575757575756	0.033514872224549644	4.701666666666666	4.946180216405692E-4
V$ZNF501_01	0.7515151515151515	0.43150397989107664	1.7416181229773462	5.100747210990632E-4
V$HOXA2_01	0.2787878787878788	0.10054461667364893	2.772777777777778	5.149072965789652E-4
V$LHX8_03	0.20606060606060606	0.05865102639296188	3.513333333333333	5.163797326738521E-4
V$SP3_Q3_01	0.20606060606060606	0.05865102639296188	3.513333333333333	5.163797326738521E-4
V$ZNF515_Q6_01	0.20606060606060606	0.05865102639296188	3.513333333333333	5.163797326738521E-4
V$TFIII_Q6	0.3636363636363636	0.1550062840385421	2.3459459459459455	5.498540427086954E-4
V$EN2_03	1.2	0.7875994972769166	1.5236170212765958	5.679930022306086E-4
V$ARID3A_04	0.5212121212121212	0.26392961876832843	1.974814814814815	5.730613140239115E-4
V$ZNF248_02	0.8727272727272727	0.5278592375366569	1.6533333333333333	5.815612164411E-4
V$CDX1_01	0.4	0.18014243820695433	2.22046511627907	5.881150012153516E-4
V$ZNF37A_03	0.4	0.18014243820695433	2.22046511627907	5.881150012153516E-4
V$GBX1_04	1.0787878787878786	0.6912442396313364	1.5606464646464644	5.933244176982429E-4
V$VSX1_04	0.48484848484848486	0.2387934645999162	2.0304093567251464	5.940247837292395E-4
V$CDX1_Q4	0.42424242424242425	0.19689987431922915	2.1546099290780143	6.000549505490047E-4
V$ATOH1_04	0.30303030303030304	0.11730205278592376	2.583333333333333	6.040745682481439E-4
V$ZNF383_03	0.6060606060606061	0.32677000418935903	1.8547008547008548	6.15126624990703E-4
V$HOXA10_04	0.2545454545454546	0.08797653958944282	2.8933333333333335	6.203624613870227E-4
V$RXRG_03	0.896969696969697	0.5488060326770005	1.6344020356234095	6.28883851459369E-4
V$ZNF410_01	0.3151515151515151	0.12568077084206117	2.5075555555555553	6.414768161038414E-4
V$EZI_08	0.5818181818181818	0.3100125680770842	1.8767567567567567	6.476963409158504E-4
V$OVOL3_01	0.8363636363636364	0.5027230833682447	1.6636666666666666	6.579504033660524E-4
V$AP2_Q6_01	0.32727272727272727	0.13405948889819858	2.44125	6.740342305800409E-4
V$ZNF616_03	0.9090909090909091	0.5613741097612065	1.619402985074627	7.058730719612613E-4
V$KLF15_01	0.6303030303030303	0.34771679932970256	1.8126907630522087	7.124775610746195E-4
V$KLF15_02	0.6303030303030303	0.34771679932970256	1.8126907630522087	7.124775610746195E-4
V$BARX2_01	0.3515151515151515	0.1508169250104734	2.330740740740741	7.250980267030793E-4
V$HNF3B_01	0.23030303030303031	0.0754084625052367	3.0540740740740744	7.323629204320972E-4
V$SHOX2_03	0.9818181818181818	0.6200251361541684	1.5835135135135134	7.353721172567499E-4
V$SHOX_02	0.9818181818181818	0.6200251361541684	1.5835135135135134	7.353721172567499E-4
V$ZNF99_06	0.3636363636363636	0.1591956430666108	2.2842105263157895	7.440158011222618E-4
V$ZNF293_01	0.6060606060606061	0.33095936321742775	1.8312236286919832	7.561892423279006E-4
V$ZNF323_02	0.6060606060606061	0.33095936321742775	1.8312236286919832	7.561892423279006E-4
V$ZNF471_01	0.4	0.18433179723502305	2.17	7.775345301379178E-4
V$ZIM2_01	0.43636363636363634	0.20946795140343527	2.0831999999999997	7.823465973024069E-4
V$GKLF_Q3	0.24242424242424243	0.0837871805613741	2.8933333333333335	8.308720919724762E-4
V$ZNF660_01	0.20606060606060606	0.06284038542103058	3.279111111111111	8.389236649343168E-4
V$STAT6_06	0.30303030303030304	0.12149141181399246	2.4942528735632186	8.523134194000052E-4
V$UF1H3BETA_Q6	1.0545454545454545	0.682865521575199	1.5442944785276074	8.620413702383441E-4
V$EBF4_01	0.1818181818181818	0.050272308336824466	3.6166666666666663	9.167170395905967E-4
V$HNF1B_07	0.1818181818181818	0.050272308336824466	3.6166666666666663	9.167170395905967E-4
V$ZNF714_01	0.1818181818181818	0.050272308336824466	3.6166666666666663	9.167170395905967E-4
V$ZNF880_03	0.1818181818181818	0.050272308336824466	3.6166666666666663	9.167170395905967E-4
V$EN1_08	0.32727272727272727	0.1382488479262673	2.367272727272727	9.27881925311709E-4
V$ISX_03	0.32727272727272727	0.1382488479262673	2.367272727272727	9.27881925311709E-4
V$ZFP770_04	0.46060606060606063	0.2304147465437788	1.9990303030303032	9.868380718299286E-4
V$AP4_03	0.43636363636363634	0.213657310431504	2.0423529411764703	0.0010076499211141708
V$HOXA2_04	0.43636363636363634	0.213657310431504	2.0423529411764703	0.0010076499211141708
V$ZNF579_02	0.2909090909090909	0.11730205278592376	2.4799999999999995	0.0011329013761684223
V$NEUROD2_03	0.46060606060606063	0.23460410557184752	1.9633333333333334	0.0012503058633238306
V$KLF5_01	0.5454545454545455	0.29744449099287806	1.833802816901409	0.0013175095345166448
V$TCF7RELATED_Q4	0.3636363636363636	0.1675743611227482	2.17	0.0013181165822153985
V$DLX3_04	0.7636363636363637	0.4650188521156263	1.6421621621621623	0.001385660031405229
V$DLX3_05	0.7636363636363637	0.4650188521156263	1.6421621621621623	0.001385660031405229
V$DLX4_02	0.7636363636363637	0.4650188521156263	1.6421621621621623	0.001385660031405229
V$DLX4_03	0.7636363636363637	0.4650188521156263	1.6421621621621623	0.001385660031405229
V$KLF7_05	0.8848484848484849	0.5613741097612065	1.576218905472637	0.0014175211049387575
V$HOXC10_04	0.26666666666666666	0.10473397570171764	2.546133333333333	0.001429236276795302
V$ZNF177_02	0.1818181818181818	0.05446166736489317	3.338461538461538	0.001507556969751809
V$VAX1_04	0.07272727272727272	0.0041893590280687055	17.36	0.0015673860342582961
V$HNF3A_02	0.46060606060606063	0.2387934645999162	1.928888888888889	0.0015731979556288236
V$BCL6_Q3_01	0.30303030303030304	0.12987012987012986	2.3333333333333335	0.0016221968166349311
V$NR2F6_01	0.30303030303030304	0.12987012987012986	2.3333333333333335	0.0016221968166349311
V$ZNF470_03	0.15757575757575756	0.04189359028068705	3.7613333333333334	0.0016283870842806075
V$ZNF668_01	0.3515151515151515	0.16338500209467952	2.151452991452991	0.001723520365908707
V$HOXA9_Q5_01	0.43636363636363634	0.22622538751571009	1.9288888888888889	0.0020568035822143703
V$FOXO4_05	0.6424242424242425	0.3812316715542522	1.6851282051282053	0.002102629840581249
V$HOXC13_03	0.6909090909090909	0.41893590280687054	1.6492	0.0021080959384237813
V$PAX5_01	0.30303030303030304	0.13405948889819858	2.2604166666666665	0.0021915895795389835
V$ZNF681_02	0.4484848484848485	0.2387934645999162	1.8781286549707603	0.0025074323913808435
V$KLF7_06	0.8484848484848485	0.5488060326770005	1.5460559796437658	0.002512191458759769
V$ZNF647_07	0.6303030303030303	0.3854210305823209	1.6353623188405795	0.00363461056431347
V$ZID_02	0.1818181818181818	0.06284038542103058	2.893333333333333	0.003647435452168281
V$MZF1_01	0.6666666666666666	0.4147465437788018	1.6074074074074074	0.003731335063613004
V$ZNF445_03	0.3151515151515151	0.1508169250104734	2.0896296296296297	0.0038405373298421807
V$MATH1_Q2	0.21818181818181817	0.08797653958944282	2.4799999999999995	0.004548386414319478
V$DLX5_01	0.1818181818181818	0.07121910347716799	2.552941176470588	0.007787988679400236
V$EGR1_22	0.2545454545454546	0.12149141181399246	2.0951724137931036	0.008679621458452132
V$KLF_Q3	0.4727272727272727	0.2890657729367407	1.6353623188405797	0.010645580129649002
V$SP4_Q3	0.3878787878787879	0.2304147465437788	1.6833939393939394	0.014568744677628805
V$LBP1_Q6	0.3151515151515151	0.2304147465437788	1.3677575757575757	0.11761676841759719
V$TAL1_Q6_01	0.14545454545454545	0.10473397570171764	1.3888	0.22230699280801292
V$VSX2_01	0.21818181818181817	0.17176372015081692	1.2702439024390244	0.2384928888933161
